8472,123,16881
6548,47,19713
4366,36,22627
-21108,-361,44614
-21749,-313,45200
-21796,-118,45245
-21807,-309,45253
-21874,-236,45315
-21877,-226,45318
-21911,-195,45349
-21914,-190,45352
-22095,-4,45518
-25631,-4,52727
-25685,-8,52837
-25638,-25,52739
-25644,-44,52749
-25590,-37,52637
-25597,-60,52650
-25603,-80,52662
-25548,-70,52548
-25556,-94,52562
-25562,-115,52574
-25506,-103,52458
-25514,-129,52473
-25464,-136,52369
-25521,-151,52486
-25422,-169,52280
-25473,-163,52384
-25480,-186,52398
-25432,-197,52296
-25439,-222,52310
-25381,-202,52190
-25390,-232,52207
-25339,-235,52101
-25398,-258,52222
-25349,-266,52119
-25297,-268,52011
-25358,-293,52134
-25308,-301,52030
-25226,-410,51862
-25265,-336,51940
-25317,-329,52046
-25276,-365,51958
29114,11,-26468
28833,31,-25736
28550,50,-25004
28266,69,-24273
27993,89,-23589
27731,108,-22929
27468,128,-22252
27203,148,-21575
26937,168,-20900
26670,188,-20225
26400,208,-19551
26122,228,-18865
25842,248,-18181
25561,268,-17500
25295,288,-16849
24983,308,-16114
24625,326,-15291
24217,344,-14378
23762,361,-13377
23259,377,-12289
22740,393,-11177
17013,535,700
16548,543,1655
16078,550,2617
8253,214,17236
8043,278,17569
6310,120,20062
6068,193,20413
4091,101,22988
3820,101,23315
3545,100,23643
3266,99,23973
2982,97,24304
2693,94,24636
1757,41,25679
-17325,-551,41134
-18318,-523,42049
-19292,-496,42945
-20245,-467,43822
-21254,-649,44747
-21510,-622,44980
-21559,-554,45026
-21576,-550,45041
-21609,-511,45071
-21610,-512,45072
-24957,-693,51566
-25049,-562,51691
-25117,-452,51795
22216,408,-10080
21698,422,-8998
21188,436,-7935
20687,449,-6892
20195,462,-5872
19715,474,-4877
19247,486,-3908
18793,497,-2969
18354,507,-2062
17932,517,-1188
17475,527,-247
15604,556,3586
15126,562,4562
14643,567,5546
14205,572,6413
13813,576,7163
13416,580,7921
13014,582,8687
12606,585,9461
12193,586,10243
11775,586,11034
11351,586,11832
7831,342,17904
7620,373,18221
7410,375,18523
7197,377,18827
5829,224,20742
5589,226,21056
5346,228,21372
5099,229,21690
4848,230,22008
4593,231,22328
2399,92,24970
2098,86,25308
-13180,-660,37303
-14242,-633,38286
-15286,-606,39253
-16315,-578,40202
-20646,-991,44188
-21151,-892,44651
-21207,-942,44701
-21271,-872,44760
-21296,-840,44783
-21303,-837,44789
-24541,-1125,51132
-24627,-998,51253
-24688,-895,51350
10921,586,12640
10482,584,13462
10039,582,14290
9651,580,15000
9332,579,15550
9069,578,15988
8862,577,16314
8672,577,16608
8479,576,16903
8283,575,17199
6980,378,19132
6761,380,19438
6538,381,19745
6312,383,20054
6083,384,20363
5850,385,20675
5613,386,20987
4334,231,22650
4070,231,22973
3803,231,23297
3530,230,23623
-11012,-715,35289
-12104,-688,36304
-19960,-1285,43557
-20608,-1236,44152
-20898,-1270,44416
-20933,-1180,44450
-20960,-1202,44473
-20988,-1169,44500
-24100,-1586,50675
-24178,-1466,50787
-24227,-1373,50873
8084,575,17496
7883,574,17794
7679,573,18094
7472,572,18394
7261,572,18696
7048,571,18999
6832,570,19303
6612,570,19608
5373,386,21301
5129,387,21616
4881,387,21932
4628,387,22250
3253,229,23950
2972,228,24279
2685,226,24610
718,56,26757
-4449,-353,29437
-9905,-742,34258
-18199,-1524,41937
-19136,-1455,42799
-19991,-1585,43584
-20350,-1701,44010
-20450,-1527,44005
-20629,-1481,44218
-20640,-1511,44179
-20642,-1538,44180
-23714,-1880,50347
-23701,-1960,50294
6389,569,19915
6163,568,20223
5933,568,20532
5699,567,20843
5462,566,21155
4372,387,22570
4112,387,22891
3847,386,23213
2394,224,24942
-5768,-515,31770
-6654,-625,32336
-7650,-797,32152
-8785,-769,33212
-16250,-1634,40138
-17233,-1579,41046
-19357,-1939,43000
-19722,-2026,43610
-19863,-1879,43465
-20037,-1932,43770
-20195,-1862,43769
-20295,-1884,43859
-23637,-2071,50194
5221,565,21468
4976,565,21783
4728,564,22099
3578,386,23537
3304,385,23863
2098,222,25275
1796,219,25611
-4619,-520,30694
-14233,-1744,38273
-15249,-1689,39214
-18438,-2214,42939
-18912,-2120,43210
-18672,-2261,42368
-19353,-2057,43446
-19240,-2235,42890
-19413,-2378,43137
-19639,-2219,43256
-19908,-2127,43548
-22961,-2414,49597
-23055,-2484,49643
-23065,-2586,49610
4475,563,22417
4218,562,22736
3025,384,24190
2742,383,24518
-6503,-824,31077
-7421,-929,32677
-13200,-1799,37316
-17948,-2340,42647
-17863,-2473,41623
-18605,-2599,42304
-18850,-2632,42662
-19027,-2578,42691
-22094,-2965,48739
-22233,-3022,48826
-22295,-3118,48841
3956,562,23057
3690,561,23379
2453,382,24849
1489,216,25948
-12153,-1854,36343
-17442,-2497,42336
-16944,-2583,40774
-17453,-2755,41925
-17935,-2675,42190
-18400,-2635,42435
-18438,-2841,42189
3420,560,23703
2160,380,25181
1151,185,26310
-3828,-658,30294
-5343,-851,29987
-8165,-1413,32982
-8924,-1551,34571
-9753,-1700,35083
-11091,-1909,35355
-15981,-2664,39885
-16921,-2683,42005
-16955,-2873,41638
-17836,-3112,41674
-17957,-2966,41704
-21195,-3535,47846
-21372,-3579,47969
-21465,-3665,48013
3145,559,24029
-8033,-1494,33949
-10561,-1935,35565
-15003,-2745,38979
-16385,-2898,41655
-16442,-3027,41331
-17283,-3271,41267
-17257,-3301,41057
2865,559,24356
1861,379,25515
-10015,-1964,34352
-11348,-2261,36017
-11676,-2400,37052
-12497,-2520,37603
-13298,-2695,38128
-14077,-2926,38624
-14009,-2826,38058
-14885,-3136,39837
-15835,-3140,41287
-15627,-3223,40335
-15898,-3202,40990
-16272,-3269,40738
-16484,-3445,40380
-16809,-3268,41035
-20268,-4121,46922
-20484,-4153,47082
-20609,-4229,47155
2580,558,24685
-1109,-255,28566
-6934,-1521,32925
-8956,-1941,33394
-10835,-2331,36473
-12111,-2682,36437
-13276,-2998,38703
-13033,-2821,37186
-14091,-3050,39283
-15267,-3404,40896
-15285,-3357,40580
-14834,-3217,39092
-15605,-3495,39604
2290,557,25015
1557,377,25850
-9936,-2321,35792
-12441,-2981,38097
-14573,-3455,40073
-19243,-4653,45904
-19571,-4742,46167
-19729,-4808,46270
-3135,-816,29971
-5893,-1565,32020
-8882,-2367,34814
-11530,-3012,37355
-13780,-3511,39485
-14649,-3669,40446
1995,556,25348
-2031,-549,29462
-12859,-3579,38684
-13858,-3916,39725
-18036,-5027,44713
-18580,-5291,45175
1247,375,26187
-10516,-3075,36418
-18827,-5401,45359
-5070,-1630,31479
-7815,-2414,33822
-11880,-3658,37784
-12983,-4092,38925
-16754,-5350,43446
1695,556,25682
-9488,-3141,35467
-10887,-3739,36869
-17434,-5707,44034
-17857,-5959,44382
-6899,-2472,33100
-12046,-4214,38065
-4350,-1634,31022
-8518,-3199,34617
-15444,-5673,42147
-16197,-6053,42805
-16756,-6408,43277
1389,555,26018
932,373,26527
-2533,-992,29720
-9910,-3805,35977
-11092,-4291,37186
-6113,-2471,32538
-7703,-3220,34001
-9093,-3842,35341
-10285,-4334,36544
-3697,-1609,30619
-5418,-2395,32050
-14109,-5995,40819
-14934,-6396,41545
-15561,-6778,42080
-6982,-3150,33464
-8363,-3787,34780
-9547,-4390,35921
-4754,-2307,31583
-6313,-3037,32967
-7693,-3677,34266
-7036,-3555,33759
-8864,-4418,35330
-12753,-6318,39465
-13648,-6739,40258
-14335,-7140,40850
1077,554,26356
-5646,-2929,32466
-3046,-1624,30207
-4083,-2243,31101
-6371,-3442,33238
-8203,-4422,34754
-4971,-2836,31950
-12342,-7082,38946
-13090,-7501,39595
604,362,26874
-1892,-1109,29342
-7537,-4430,34168
-11377,-6641,38086
-5687,-3418,32659
-3402,-2205,30603
-4286,-2757,31418
-6863,-4441,33571
-11019,-7424,37612
-11821,-7880,38304
-4990,-3438,32047
-9983,-6964,36684
-1095,-767,28550
-2393,-1686,29783
-6183,-4456,32962
759,553,26695
-3594,-2692,30872
-2722,-2189,30097
-4287,-3465,31423
-9676,-7777,36249
-10534,-8264,36987
-5497,-4474,32342
-8573,-7286,35261
-1666,-1508,29136
-2910,-2638,30328
-4803,-4494,31712
-9217,-8688,35619
-3580,-3496,30790
-8316,-8139,34859
-2054,-2110,29551
-7149,-7609,33819
-425,-470,27894
-4104,-4517,31071
-2278,-2582,29819
-7856,-9182,34173
-970,-1182,28435
-2897,-3530,30175
-6929,-8541,33418
436,552,27037
-1369,-1802,28860
-3414,-4540,30433
-5750,-7901,32384
186,262,27301
-1611,-2329,29128
-6504,-9684,32696
-2279,-3565,29612
-5622,-8876,32014
-2764,-4561,29828
-4536,-8006,31093
-5302,-10038,31328
-758,-1493,28236
-4465,-9084,30704
-1002,-2140,28460
-1641,-3399,28921
-2178,-4570,29270
-363,-885,27826
-3403,-8065,29836
-4206,-10288,30040
-1577,-4414,28607
-3344,-9261,29409
-1056,-3226,28272
-3126,-10506,28767
-2249,-8170,28522
-1017,-4256,27980
-2223,-9430,28102
-419,-1947,27813
106,552,27381
-2052,-10708,27492
-491,-3050,27641
-182,-1204,27649
-1086,-8287,27180
-471,-4094,27363
-1109,-9592,26793
-985,-10888,26225
73,-8392,25834
0,-9739,25482
75,-11050,24958
69,-2868,27010
73,-3927,26746
151,-1773,27185
1126,-11195,23699
1091,-9865,24187
1194,-8475,24520
615,-3755,26128
2103,-11317,22507
2084,-9968,22980
617,-2714,26404
2172,-8540,23333
2961,-11444,21410
2937,-10059,21897
1138,-3625,25546
3723,-11572,20395
218,-609,27247
3014,-8608,22261
3709,-10138,20891
4452,-11687,19410
381,-942,27082
711,-1620,26577
3813,-8663,21231
4463,-10204,19898
5176,-11791,18421
1157,-2570,25808
1660,-3489,24962
5205,-10258,18916
5898,-11885,17422
4598,-8705,20208
6622,-11967,16411
5938,-10302,17936
5369,-8732,19200
7350,-12039,15384
6676,-10360,16926
-360,551,27848
2182,-3347,24377
8083,-12103,14334
1697,-2421,25211
6129,-8747,18200
7416,-10410,15900
8818,-12164,13269
8158,-10451,14860
9539,-12229,12207
6881,-8751,17202
31309,-39079,-110160
30210,-38162,-114352
29001,-36630,-118676
27642,-34387,-123214
10211,-12342,11174
32253,-39421,-106196
26133,-31421,-127917
1270,-1461,25967
2702,-3201,23791
7612,-8762,16216
8870,-10512,13833
10815,-12534,10194
33738,-39069,-98898
33054,-39349,-102449
30639,-35427,-114407
29261,-34116,-119091
9510,-10638,12862
11352,-12807,9270
34317,-38698,-95511
31859,-36140,-109954
27730,-31894,-123961
24506,-27797,-132670
10067,-10846,11962
11841,-13146,8389
12303,-13506,7537
12762,-13880,6675
13218,-14275,5803
13672,-14690,4925
20362,-21841,-9537
20696,-22212,-10354
21031,-22578,-11180
21367,-22938,-12010
21703,-23292,-12847
22039,-23641,-13691
35200,-37848,-89166
34803,-38290,-92266
32911,-36357,-105744
26046,-28867,-128969
8271,-8841,15279
10563,-11121,11113
14120,-15112,4061
14564,-15543,3208
15008,-15989,2342
15449,-16448,1472
15881,-16906,610
16292,-17343,-230
16679,-17753,-1043
17047,-18143,-1828
17397,-18513,-2597
17735,-18872,-3350
18065,-19228,-4099
18391,-19590,-4848
18716,-19960,-5605
19042,-20337,-6369
19368,-20717,-7143
19698,-21093,-7932
20029,-21468,-8729
22371,-23986,-14544
22560,-24034,-15038
22756,-24078,-15551
22955,-24121,-16075
23156,-24166,-16606
23361,-24212,-17147
35513,-37387,-86210
33780,-36114,-101825
31167,-32463,-114140
29625,-31325,-119179
27882,-29323,-124474
24252,-25174,-133974
22917,-23928,-137040
176,-180,27300
2235,-2265,24613
8834,-9018,14415
11033,-11412,10274
11495,-11713,9436
11950,-12029,8599
23570,-24253,-17703
23781,-24301,-18265
23993,-24355,-18834
24207,-24416,-19410
24424,-24474,-19999
36008,-36009,-78357
35912,-36452,-80809
35748,-36921,-83420
35105,-35155,-94685
34504,-35663,-98151
32508,-32946,-109412
26000,-26313,-129832
9336,-9271,13590
9817,-9539,12774
12399,-12358,7763
12836,-12690,6927
13272,-13037,6102
13704,-13407,5271
14134,-13802,4433
14561,-14216,3621
14990,-14644,2796
15415,-15073,1964
15835,-15506,1129
16243,-15932,307
16629,-16332,-492
16995,-16704,-1262
17344,-17043,-2007
17676,-17358,-2727
17997,-17657,-3432
18313,-17948,-4134
18629,-18240,-4842
18948,-18535,-5565
19272,-18828,-6306
19601,-19116,-7063
19932,-19402,-7832
20266,-19683,-8610
20602,-19959,-9398
20941,-20231,-10196
24647,-24530,-20601
24872,-24591,-21204
25098,-24659,-21815
25326,-24734,-22433
25556,-24816,-23060
25786,-24904,-23695
35815,-34706,-69648
35928,-34989,-71701
36005,-35287,-73828
36035,-35620,-76039
35593,-34667,-91385
33658,-32991,-104966
23369,-23229,-136324
3222,-3057,23199
10291,-9818,11951
10755,-10102,11136
21281,-20499,-11002
21620,-20770,-11817
21955,-21046,-12642
22290,-21318,-13473
22624,-21588,-14307
22813,-21613,-14793
23004,-21641,-15284
23196,-21670,-15782
26018,-24998,-24338
26251,-25099,-24988
26487,-25200,-25658
26726,-25307,-26341
26963,-25428,-27034
27200,-25560,-27737
27438,-25700,-28451
27676,-25850,-29176
34521,-32358,-57250
34737,-32737,-58829
34944,-33103,-60460
35144,-33461,-62153
35335,-33813,-63911
35513,-34138,-65743
35675,-34422,-67661
35973,-34208,-88242
34581,-32557,-100888
30444,-28571,-117861
29699,-28024,-120123
28916,-27325,-122430
28097,-26472,-124770
27250,-25463,-127129
24023,-22609,-135109
23896,-22357,-135438
21808,-20973,-139633
11208,-10393,10332
11653,-10682,9526
12088,-10974,8724
12518,-11284,7918
16597,-14965,-18
16962,-15317,-772
17312,-15629,-1504
17646,-15912,-2213
23393,-21697,-16296
23594,-21722,-16822
23796,-21752,-17352
23999,-21786,-17889
24204,-21826,-18426
27917,-26004,-29915
28161,-26156,-30677
28406,-26317,-31451
28652,-26488,-32239
28900,-26666,-33042
29152,-26835,-33873
29406,-27013,-34721
29661,-27201,-35586
29917,-27396,-36466
30173,-27595,-37361
30432,-27802,-38277
30691,-28017,-39215
30953,-28240,-40174
31216,-28469,-41157
31481,-28704,-42166
31749,-28945,-43201
32018,-29189,-44260
32292,-29410,-45363
32563,-29643,-46500
32832,-29894,-47672
33098,-30153,-48880
33361,-30425,-50124
33614,-30741,-51424
33851,-31132,-52795
34077,-31562,-54226
34301,-31974,-55712
36587,-33029,-79895
36463,-33398,-82483
36260,-33788,-85272
35325,-31963,-97121
32426,-29393,-111439
31808,-29244,-113512
31147,-28974,-115654
26379,-24302,-129487
22250,-20481,-138914
12941,-11603,7110
13357,-11927,6293
13771,-12266,5473
14182,-12620,4672
14591,-12987,3888
14998,-13368,3115
15406,-13760,2332
15812,-14163,1547
16214,-14574,760
17967,-16172,-2909
18281,-16414,-3596
18595,-16645,-4289
18913,-16872,-4995
19238,-17088,-5719
19566,-17299,-6456
19899,-17506,-7206
20234,-17711,-7966
20572,-17913,-8739
24415,-21859,-18968
24627,-21895,-19519
24841,-21937,-20074
25057,-21983,-20642
25276,-22031,-21223
36616,-32027,-73050
36651,-32360,-75215
36645,-32692,-77486
35916,-31378,-93604
33546,-29443,-107477
33005,-29450,-109430
25502,-22951,-131803
24619,-21485,-134072
22760,-19850,-138044
20911,-18115,-9518
21250,-18315,-10303
21585,-18516,-11095
21918,-18716,-11892
22250,-18917,-12688
22581,-19120,-13485
22909,-19325,-14281
25497,-22086,-21812
25719,-22147,-22408
25943,-22214,-23012
26167,-22289,-23623
26392,-22372,-24242
26615,-22468,-24870
26842,-22563,-25520
35958,-30346,-63192
36141,-30704,-65041
36302,-31038,-66961
36439,-31368,-68936
36544,-31697,-70963
36378,-30879,-90285
34516,-29277,-103743
34051,-29389,-105578
24508,-21295,-134355
20699,-17934,-142146
16464,-13333,611
16809,-13665,-92
17142,-13978,-780
17465,-14274,-1458
17790,-14548,-2145
18115,-14790,-2845
18449,-15022,-3567
18797,-15238,-4322
23092,-19323,-14737
23276,-19324,-15197
23465,-19318,-15671
23655,-19314,-16148
23847,-19314,-16618
27070,-22665,-26179
27299,-22773,-26845
27529,-22889,-27522
27760,-23014,-28208
27992,-23147,-28905
28229,-23273,-29626
28468,-23406,-30360
28707,-23548,-31106
28949,-23697,-31867
29195,-23835,-32656
29444,-23982,-33461
29695,-24139,-34284
29948,-24306,-35125
30204,-24482,-35987
32349,-26211,-43736
32627,-26445,-44844
32907,-26683,-45983
33189,-26925,-47154
33472,-27167,-48358
33754,-27406,-49592
34035,-27652,-50867
34313,-27911,-52186
34586,-28180,-53553
34854,-28439,-54969
35100,-28770,-56474
35327,-29171,-58064
35545,-29569,-59711
35756,-29962,-61418
36970,-30144,-84198
36725,-30468,-87147
35295,-28795,-100325
34925,-29051,-102002
30652,-25088,-118403
29840,-24603,-120757
28987,-23970,-123159
28098,-23190,-125589
27180,-22259,-128031
23353,-19047,-136990
21125,-17638,-141439
3733,-2948,22605
14551,-11423,4310
14940,-11809,3553
15332,-12201,2809
15720,-12587,2068
16099,-12965,1337
19163,-15433,-5119
19543,-15614,-5953
19936,-15785,-6819
20341,-15941,-7716
24042,-19316,-17100
24241,-19316,-17592
24443,-19311,-18095
24645,-19332,-18612
30463,-24668,-36870
30724,-24865,-37775
30988,-25069,-38701
31255,-25283,-39654
31525,-25502,-40632
31798,-25730,-41636
32074,-25966,-42669
37209,-29080,-74229
37228,-29371,-76504
37205,-29638,-78900
37125,-29889,-81453
35925,-28259,-97170
35628,-28529,-98715
32809,-25737,-111712
32138,-25644,-113869
31419,-25433,-116102
26240,-21192,-130459
25292,-20006,-132856
25235,-19931,-132999
21616,-17224,-140595
2767,-2110,24018
11114,-8414,10945
11485,-8737,10267
11868,-9067,9561
12251,-9388,8840
12636,-9712,8108
13023,-10044,7363
13402,-10371,6615
13781,-10709,5861
14165,-11058,5091
20753,-16091,-8635
21163,-16240,-9564
21572,-16398,-10502
24848,-19360,-19136
25053,-19392,-19665
25258,-19428,-20199
25466,-19467,-20740
25677,-19506,-21297
25887,-19554,-21861
36974,-27988,-67927
37076,-28385,-69948
37156,-28751,-72047
36430,-27757,-94229
36191,-27999,-95676
34005,-25647,-107642
33430,-25727,-109638
19655,-15059,-144475
9450,-6882,13881
9766,-7176,13339
10084,-7469,12789
10412,-7776,12210
10757,-8094,11592
16034,-11725,1683
16415,-12097,936
16784,-12438,198
17147,-12735,-533
17507,-12970,-1263
17865,-13153,-1995
18231,-13311,-2758
21985,-16551,-11457
22400,-16709,-12422
22818,-16878,-13406
23236,-17068,-14393
23236,-17068,-14393
23307,-17064,-14564
23379,-17059,-14738
23451,-17054,-14912
26096,-19611,-22432
26306,-19673,-23009
26518,-19741,-23593
26731,-19815,-24185
26946,-19893,-24786
27164,-19968,-25405
27384,-20049,-26033
27604,-20138,-26669
27827,-20234,-27315
36523,-26699,-62244
36697,-27140,-64074
36848,-27569,-65972
37158,-26999,-88811
37009,-27156,-90112
36838,-27334,-91449
36645,-27534,-92821
34534,-25523,-105712
24045,-18011,-135693
22186,-16649,-139576
20058,-14920,-143797
945,-674,26513
1827,-1296,25355
8498,-6001,15481
8821,-6298,14942
9138,-6591,14410
14144,-9918,5433
14516,-10257,4680
14891,-10607,3929
15270,-10966,3190
15650,-11337,2446
18609,-13442,-3555
18995,-13558,-4373
19388,-13671,-5210
23523,-17049,-15087
23595,-17045,-15262
23668,-17042,-15438
23741,-17039,-15614
23813,-17036,-15791
23886,-17033,-15969
23959,-17032,-16147
24032,-17030,-16325
24106,-17027,-16506
24182,-17021,-16690
24257,-17016,-16875
28051,-20338,-27971
28278,-20442,-28645
28508,-20543,-29337
28740,-20652,-30041
28975,-20766,-30761
29216,-20869,-31509
29460,-20981,-32273
29706,-21101,-33054
29956,-21229,-33853
30209,-21366,-34672
30466,-21513,-35512
30727,-21671,-36375
30991,-21840,-37261
31258,-22019,-38171
31529,-22211,-39107
31802,-22417,-40069
32075,-22641,-41059
32351,-22880,-42079
32633,-23103,-43144
32918,-23331,-44244
33207,-23564,-45375
33497,-23802,-46542
33790,-24048,-47746
34083,-24298,-48987
34376,-24547,-50262
34669,-24794,-51564
34963,-25037,-52900
35255,-25237,-54300
35542,-25448,-55755
35821,-25673,-57267
36088,-25914,-58836
36326,-26242,-60491
37722,-26415,-80601
37684,-26475,-81683
37633,-26532,-82795
37570,-26596,-83936
37492,-26672,-85109
37398,-26762,-86311
37288,-26869,-87544
35463,-25221,-102058
35021,-25379,-103847
29992,-21025,-121232
29069,-20481,-123729
28109,-19788,-126251
20522,-14672,-142990
4216,-2909,22019
7513,-5119,17092
7847,-5416,16550
8175,-5710,16012
12266,-8288,9084
12646,-8615,8370
13028,-8945,7644
13405,-9271,6915
13772,-9589,6182
19789,-13762,-6074
20193,-13855,-6951
20599,-13958,-7841
24333,-17011,-17060
24409,-17006,-17246
24485,-17002,-17433
24562,-16998,-17625
24639,-16994,-17818
24717,-16991,-18011
24795,-16988,-18205
24873,-16986,-18400
24951,-16984,-18595
25030,-16983,-18792
25108,-16982,-18989
37701,-25468,-71864
37727,-25609,-72766
37749,-25742,-73683
37766,-25867,-74616
37776,-25983,-75564
37781,-26090,-76530
37779,-26186,-77515
37769,-26272,-78520
37751,-26348,-79548
36183,-24704,-98774
35844,-24970,-100377
31702,-21685,-116393
30872,-21423,-118782
27123,-18955,-128777
26133,-18012,-131256
22850,-15877,-138336
21060,-14282,-142024
6489,-4239,18719
6835,-4531,18175
7177,-4828,17630
10784,-7067,11807
11142,-7362,11161
11507,-7655,10495
11884,-7966,9798
16037,-10447,1941
16445,-10742,1127
16865,-10998,272
21004,-14070,-8755
21414,-14176,-9689
21830,-14258,-10647
25185,-16985,-19186
25262,-16988,-19384
25340,-16992,-19583
25417,-16996,-19783
25495,-17002,-19983
25573,-17007,-20185
25651,-17013,-20387
25729,-17020,-20590
25807,-17027,-20793
25885,-17035,-20998
25964,-17042,-21205
26044,-17049,-21416
26125,-17056,-21628
26205,-17064,-21840
26286,-17072,-22054
37448,-24462,-66719
37499,-24645,-67543
37547,-24822,-68380
37591,-24994,-69231
37632,-25160,-70095
37669,-25319,-70974
36749,-24195,-95770
36484,-24445,-97242
33199,-21854,-111842
32479,-21823,-114075
24903,-16477,-134022
19072,-12414,-145931
18694,-12426,-146579
4656,-2974,21450
5783,-3650,19816
6139,-3947,19264
9798,-6184,13548
10116,-6479,12993
10443,-6774,12415
14524,-9138,4950
14889,-9468,4204
15260,-9802,3469
15640,-10131,2723
17293,-11216,-605
17721,-11399,-1480
18143,-11528,-2338
18550,-11616,-3171
22248,-14343,-11615
22673,-14422,-12580
23097,-14502,-13534
26366,-17082,-22268
26447,-17092,-22483
26528,-17102,-22699
26609,-17117,-22918
26690,-17140,-23141
26771,-17164,-23365
26852,-17188,-23591
26934,-17214,-23817
27015,-17240,-24045
27097,-17267,-24274
27179,-17293,-24504
27263,-17317,-24739
27347,-17342,-24977
27431,-17367,-25216
27516,-17393,-25456
27601,-17419,-25697
27686,-17447,-25940
27771,-17475,-26185
27857,-17504,-26431
27943,-17534,-26679
28030,-17564,-26928
28117,-17595,-27179
28204,-17628,-27432
36574,-22865,-58863
36674,-22987,-59497
36770,-23114,-60142
36864,-23244,-60798
36955,-23379,-61466
37042,-23495,-62156
37126,-23612,-62862
37205,-23741,-63586
37276,-23899,-64338
37338,-24083,-65115
37394,-24274,-65910
37381,-23584,-91643
37195,-23756,-92976
36985,-23960,-94350
34463,-21661,-107660
33860,-21791,-109700
21688,-13722,-140858
19508,-12309,-145171
3267,-1978,23450
5056,-3140,20897
5427,-3377,20354
9179,-5600,14610
9489,-5894,14081
13430,-8158,7126
13802,-8496,6410
14164,-8815,5682
18947,-11676,-3989
19340,-11718,-4804
23519,-14586,-14495
23941,-14661,-15464
24356,-14734,-16425
24356,-14734,-16425
24422,-14721,-16586
28292,-17661,-27687
28380,-17692,-27946
28470,-17720,-28211
28561,-17750,-28477
28652,-17780,-28745
28743,-17812,-29016
28835,-17844,-29289
28927,-17877,-29564
29022,-17905,-29846
29117,-17932,-30132
29212,-17960,-30421
29309,-17989,-30712
29405,-18019,-31005
29503,-18050,-31301
29600,-18083,-31600
29699,-18117,-31902
29798,-18150,-32205
29897,-18185,-32511
29997,-18221,-32821
30097,-18259,-33133
30198,-18299,-33449
30300,-18340,-33767
30402,-18382,-34089
30505,-18427,-34415
30609,-18472,-34744
30713,-18520,-35076
30818,-18569,-35413
30924,-18620,-35753
31030,-18673,-36096
31136,-18728,-36443
31242,-18789,-36794
31349,-18853,-37149
31456,-18917,-37507
31563,-18983,-37870
31672,-19051,-38236
31781,-19122,-38607
31890,-19195,-38982
32000,-19269,-39361
32111,-19346,-39745
32222,-19425,-40134
32334,-19506,-40528
32446,-19589,-40927
32559,-19671,-41330
32674,-19745,-41745
32788,-19820,-42165
32904,-19898,-42590
33020,-19978,-43021
33137,-20060,-43458
33254,-20144,-43901
33372,-20230,-44350
33490,-20319,-44805
33610,-20409,-45266
33729,-20501,-45735
33850,-20596,-46210
33970,-20692,-46691
34092,-20790,-47179
34213,-20889,-47673
34335,-20988,-48165
34458,-21089,-48665
34581,-21190,-49171
34704,-21291,-49682
34827,-21392,-50201
34949,-21494,-50726
35072,-21598,-51259
35194,-21703,-51798
35316,-21796,-52350
35437,-21886,-52911
35558,-21976,-53479
35677,-22068,-54053
35796,-22160,-54633
35913,-22254,-55219
36029,-22348,-55812
36144,-22444,-56410
36256,-22542,-57014
36366,-22641,-57623
36472,-22749,-58239
38201,-22964,-82156
38150,-22993,-83248
38088,-23028,-84363
38013,-23074,-85501
37923,-23138,-86666
37815,-23222,-87859
37690,-23324,-89085
37545,-23444,-90346
35008,-21500,-105715
23655,-14740,-136772
20012,-12087,-144268
8554,-5020,15661
8869,-5311,15134
11951,-6946,9907
12323,-7239,9215
12690,-7535,8527
13059,-7836,7833
19737,-11745,-5642
20142,-11756,-6510
24487,-14709,-16747
24553,-14698,-16908
24619,-14687,-17070
24684,-14677,-17232
24750,-14666,-17395
24816,-14657,-17558
24883,-14647,-17722
24949,-14638,-17886
25015,-14629,-18051
25082,-14621,-18217
25149,-14613,-18382
25216,-14605,-18549
25284,-14604,-18724
38250,-22098,-72300
38274,-22240,-73210
38294,-22373,-74134
38308,-22495,-75074
38315,-22602,-76028
38315,-22697,-76998
38309,-22778,-77988
38295,-22845,-78999
38273,-22897,-80031
38242,-22935,-81084
36359,-21007,-100360
35953,-21163,-102068
35503,-21328,-103854
7914,-4442,16718
8235,-4728,16192
10852,-6073,11924
11212,-6364,11269
11582,-6657,10590
20544,-11776,-7391
20949,-11813,-8288
21363,-11861,-9214
25352,-14605,-18900
25420,-14606,-19076
25488,-14608,-19253
25557,-14610,-19431
25626,-14612,-19609
25695,-14615,-19787
25763,-14618,-19967
25833,-14622,-20147
25902,-14626,-20327
25971,-14630,-20509
26041,-14635,-20691
26111,-14640,-20874
26181,-14646,-21057
26251,-14652,-21242
26322,-14658,-21427
26392,-14665,-21612
26464,-14671,-21802
37842,-21004,-65626
37917,-21100,-66387
37989,-21196,-67165
38053,-21310,-67966
38105,-21461,-68798
38148,-21629,-69654
38186,-21792,-70522
38220,-21948,-71405
37004,-20531,-97260
36704,-20773,-98767
31115,-17560,-118982
30172,-17258,-121534
29181,-16818,-124132
28154,-16240,-126754
27197,-15603,-129134
25934,-14462,-131969
22432,-12915,-139424
20602,-11710,-143185
18167,-10119,-147843
17813,-10017,-148445
7258,-3867,17781
7587,-4150,17252
10171,-5486,13144
10503,-5778,12553
13860,-7423,6510
14229,-7718,5797
14602,-7983,5055
14993,-8227,4270
15401,-8444,3446
15827,-8637,2608
16267,-8816,1740
16714,-8986,844
17161,-9157,-66
21779,-11908,-10153
22198,-11951,-11077
26536,-14676,-21994
26608,-14682,-22187
26681,-14689,-22381
26754,-14695,-22576
26827,-14702,-22772
26900,-14710,-22969
26974,-14718,-23167
27048,-14727,-23366
27122,-14735,-23566
27197,-14744,-23767
27272,-14753,-23969
27347,-14763,-24172
27422,-14773,-24376
27498,-14784,-24582
27575,-14792,-24793
27653,-14799,-25007
27731,-14807,-25221
27809,-14816,-25437
36422,-19427,-55908
36525,-19553,-56479
36627,-19678,-57057
36729,-19801,-57644
36830,-19922,-58241
36930,-20042,-58846
37030,-20159,-59462
37128,-20274,-60088
37226,-20372,-60730
37321,-20460,-61388
37415,-20546,-62058
37507,-20635,-62743
37595,-20725,-63440
37680,-20817,-64153
37763,-20910,-64881
37495,-20111,-94444
37266,-20308,-95822
32825,-17799,-114099
32001,-17735,-116498
24641,-13103,-134808
18573,-10145,-147139
3707,-1901,22935
6924,-3580,18315
9545,-4904,14238
9853,-5194,13703
12782,-6524,8566
13140,-6820,7886
13499,-7120,7202
17615,-9332,-995
18073,-9462,-1947
18527,-9568,-2899
22624,-11984,-12021
23053,-12019,-12975
23479,-12058,-13932
27888,-14825,-25655
27968,-14834,-25874
28048,-14844,-26095
28128,-14855,-26317
28208,-14866,-26540
28289,-14878,-26765
28370,-14891,-26992
28452,-14904,-27220
28534,-14922,-27453
28618,-14942,-27696
28702,-14962,-27941
28787,-14984,-28188
28872,-15006,-28436
28958,-15027,-28686
29045,-15043,-28942
29133,-15058,-29201
29221,-15073,-29462
29310,-15089,-29725
29400,-15106,-29990
29490,-15124,-30258
29581,-15143,-30528
29672,-15162,-30800
29764,-15182,-31074
34774,-17748,-48190
34888,-17847,-48660
35003,-17951,-49135
35116,-18059,-49615
35229,-18171,-50101
35341,-18286,-50591
35452,-18397,-51090
35563,-18502,-51600
35673,-18609,-52116
35783,-18718,-52637
35892,-18829,-53165
36000,-18942,-53699
36107,-19057,-54241
36214,-19175,-54788
36318,-19301,-55344
38178,-19583,-89352
38037,-19672,-90573
37877,-19790,-91825
37697,-19937,-93114
34270,-17703,-109615
33582,-17781,-111801
21294,-11138,-141868
19044,-10067,-146305
-1130,555,26026
6586,-3297,18849
9242,-4618,14758
12058,-5939,9926
12421,-6231,9246
18967,-9646,-3827
19395,-9682,-4742
19811,-9693,-5618
23892,-12111,-14883
24298,-12165,-15826
24694,-12219,-16759
25074,-12273,-17667
29856,-15204,-31351
29949,-15226,-31630
30042,-15250,-31911
30136,-15275,-32195
30230,-15300,-32481
30325,-15327,-32771
30421,-15354,-33062
30517,-15383,-33356
30612,-15417,-33653
30708,-15452,-33952
30804,-15489,-34254
30901,-15527,-34559
30998,-15566,-34867
31096,-15606,-35178
31195,-15646,-35491
31294,-15688,-35808
31393,-15731,-36127
31493,-15776,-36450
31593,-15823,-36776
31695,-15871,-37106
31797,-15921,-37439
31899,-15972,-37776
32002,-16025,-38117
32105,-16080,-38460
32209,-16137,-38808
32314,-16196,-39160
32419,-16257,-39516
32525,-16319,-39876
32632,-16384,-40240
32740,-16441,-40615
32849,-16497,-40996
32959,-16554,-41382
33069,-16613,-41773
33180,-16674,-42169
33291,-16736,-42569
33403,-16799,-42974
33516,-16864,-43383
33628,-16931,-43798
33742,-17000,-44219
33856,-17071,-44643
33970,-17145,-45067
34084,-17222,-45497
34199,-17301,-45932
34314,-17384,-46372
34429,-17470,-46818
34544,-17559,-47270
34659,-17652,-47727
38833,-19012,-76488
38830,-19102,-77469
38818,-19175,-78468
38799,-19231,-79484
38771,-19272,-80518
38735,-19302,-81567
38689,-19329,-82627
38635,-19356,-83700
38571,-19385,-84786
38495,-19419,-85889
38406,-19461,-87014
38301,-19514,-88166
35452,-17396,-105590
34892,-17571,-107545
23359,-11606,-137576
19593,-9849,-145304
2365,-1143,24759
6246,-3021,19380
8631,-4050,15791
8937,-4331,15276
11322,-5358,11289
11690,-5647,10609
20213,-9677,-6482
20610,-9650,-7347
25442,-12324,-18553
25442,-12324,-18553
25500,-12316,-18700
25558,-12308,-18847
25617,-12301,-18994
25676,-12293,-19142
25735,-12286,-19290
25794,-12279,-19439
25853,-12273,-19589
25913,-12266,-19739
25973,-12259,-19893
26034,-12253,-20049
26095,-12246,-20205
26157,-12240,-20362
26219,-12234,-20520
37931,-17693,-63394
38022,-17765,-64088
38112,-17832,-64795
38199,-17896,-65516
38283,-17960,-66253
38364,-18024,-67005
38439,-18089,-67773
38511,-18155,-68558
38578,-18222,-69358
38640,-18288,-70174
38697,-18352,-71005
38747,-18421,-71856
38781,-18529,-72738
38804,-18664,-73650
38819,-18792,-74579
38829,-18908,-75525
36404,-17019,-101977
35953,-17202,-103737
20238,-9450,-144089
-1183,549,28639
4072,-1897,22486
5575,-2511,20405
5907,-2754,19903
8319,-3767,16311
10601,-4778,12605
10956,-5066,11961
21010,-9619,-8222
21421,-9595,-9104
26281,-12228,-20679
26343,-12222,-20838
26405,-12216,-20998
26468,-12211,-21159
26530,-12206,-21320
26593,-12201,-21482
26657,-12197,-21645
26720,-12192,-21809
26784,-12188,-21974
26848,-12184,-22139
26913,-12181,-22306
26978,-12175,-22477
27044,-12170,-22650
27111,-12165,-22824
27178,-12160,-22999
27245,-12155,-23175
36535,-16282,-54863
36639,-16401,-55408
36743,-16520,-55961
36846,-16637,-56522
36950,-16753,-57091
37052,-16869,-57670
37155,-16986,-58259
37256,-17099,-58856
37356,-17199,-59469
37455,-17288,-60097
37553,-17375,-60735
37650,-17459,-61384
37745,-17540,-62042
37839,-17618,-62712
37166,-16749,-98711
36807,-16865,-100302
22145,-10139,-140170
18150,-8204,-148117
17714,-8160,-148878
17338,-8028,-149521
17011,-7831,-150070
4383,-1947,22084
4669,-2035,21701
4957,-2152,21302
5257,-2307,20874
8006,-3492,16826
10260,-4489,13219
12915,-5490,8514
13290,-5741,7799
13679,-5957,7053
14085,-6141,6268
14506,-6295,5450
14939,-6431,4604
15371,-6547,3737
21837,-9578,-9989
22257,-9568,-10886
27312,-12160,-23356
27380,-12165,-23538
27448,-12171,-23722
27516,-12177,-23906
27585,-12183,-24092
27654,-12189,-24278
27724,-12196,-24466
27794,-12203,-24656
27864,-12210,-24846
27936,-12214,-25043
28008,-12218,-25240
28081,-12222,-25439
28154,-12227,-25639
28227,-12232,-25840
28301,-12238,-26042
28375,-12244,-26246
28449,-12250,-26451
28524,-12257,-26657
28599,-12263,-26865
28675,-12270,-27074
28751,-12278,-27284
28828,-12280,-27501
28906,-12283,-27719
35401,-15082,-49434
35504,-15184,-49884
35607,-15279,-50346
35710,-15376,-50815
35813,-15475,-51292
35916,-15582,-51777
36018,-15693,-52270
36121,-15807,-52772
36224,-15924,-53282
36328,-16043,-53800
36431,-16162,-54327
37951,-16223,-94502
37725,-16391,-95836
37468,-16579,-97230
31393,-13451,-118998
30397,-13258,-121645
29343,-12952,-124343
28445,-12613,-126581
27157,-11904,-129480
18659,-8128,-147207
796,-331,26669
7688,-3213,17347
9628,-3924,14330
9937,-4206,13790
12551,-5211,9205
15810,-6640,2843
16257,-6726,1963
16707,-6811,1071
22676,-9569,-11795
23095,-9580,-12717
23516,-9597,-13652
28985,-12286,-27939
29064,-12286,-28163
29145,-12282,-28391
29226,-12279,-28620
29308,-12276,-28852
29390,-12273,-29085
29472,-12271,-29320
29555,-12270,-29556
29639,-12270,-29794
29722,-12270,-30033
29806,-12273,-30275
29889,-12278,-30518
29973,-12284,-30763
30058,-12289,-31010
30142,-12296,-31258
30228,-12303,-31509
30313,-12312,-31761
30399,-12321,-32015
30486,-12336,-32274
30572,-12359,-32538
33596,-13574,-42377
33696,-13632,-42733
33796,-13693,-43092
33896,-13757,-43455
33997,-13825,-43822
34097,-13896,-44193
34197,-13970,-44567
34296,-14046,-44945
34396,-14125,-45327
34496,-14208,-45713
34595,-14295,-46104
34695,-14384,-46500
34795,-14475,-46900
34895,-14569,-47307
34996,-14666,-47720
35097,-14766,-48138
35198,-14869,-48564
35299,-14974,-48995
38844,-15714,-87347
38738,-15745,-88464
38617,-15788,-89604
38480,-15854,-90773
38325,-15951,-91976
38150,-16077,-93216
33174,-13596,-113981
32322,-13556,-116438
25822,-10957,-132408
21015,-8762,-142569
19258,-7892,-146102
7368,-2945,17863
9330,-3647,14845
11835,-4627,10547
12194,-4919,9877
17149,-6890,165
17601,-6981,-769
18060,-7089,-1724
18525,-7200,-2698
18998,-7308,-3689
23932,-9613,-14584
24338,-9629,-15509
24731,-9644,-16419
25110,-9655,-17310
30660,-12383,-32805
30747,-12408,-33073
30835,-12433,-33344
30924,-12459,-33617
31013,-12486,-33892
31102,-12514,-34169
31192,-12543,-34449
31283,-12572,-34731
31374,-12603,-35015
31465,-12634,-35302
31557,-12666,-35592
31650,-12700,-35884
31743,-12735,-36179
31836,-12771,-36476
31931,-12808,-36777
32025,-12847,-37080
32120,-12887,-37387
32216,-12928,-37696
32312,-12970,-38009
32409,-13014,-38324
32505,-13059,-38641
32602,-13104,-38961
32699,-13152,-39284
32797,-13201,-39610
32896,-13241,-39946
32995,-13282,-40286
33095,-13324,-40629
33195,-13369,-40976
33295,-13416,-41326
33395,-13466,-41675
33495,-13519,-42025
38917,-14942,-69223
38988,-14973,-70011
39055,-15002,-70815
39116,-15032,-71635
39171,-15060,-72472
39220,-15086,-73324
39261,-15109,-74194
39295,-15127,-75083
39321,-15141,-75993
39329,-15193,-76942
39320,-15274,-77925
39302,-15344,-78926
39277,-15402,-79943
39243,-15456,-80969
39200,-15509,-82004
39150,-15560,-83049
39089,-15604,-84103
39019,-15645,-85169
38937,-15682,-86250
34657,-13495,-109416
33952,-13573,-111639
24479,-9817,-135297
2847,-1038,24211
7041,-2670,18387
9034,-3377,15348
11111,-4054,11889
11474,-4338,11219
19468,-7402,-4681
19924,-7460,-5668
20364,-7484,-6632
25480,-9666,-18190
25841,-9674,-19059
26197,-9680,-19923
26553,-9684,-20789
26553,-9684,-20789
37151,-13588,-56632
37253,-13695,-57190
37354,-13803,-57758
37455,-13894,-58343
37556,-13979,-58941
37656,-14061,-59548
37756,-14141,-60164
37855,-14217,-60789
37953,-14293,-61425
38049,-14368,-62072
38145,-14441,-62731
38239,-14511,-63401
38332,-14578,-64084
38422,-14642,-64777
38510,-14703,-65484
38596,-14761,-66204
38680,-14815,-66938
38762,-14864,-67687
38841,-14907,-68449
35858,-13221,-105345
35291,-13373,-107316
23190,-8655,-138042
19970,-7446,-144743
17798,-6553,-148893
17329,-6503,-149707
16928,-6352,-150385
16582,-6126,-150954
6713,-2398,18908
8736,-3108,15851
10751,-3776,12545
20790,-7471,-7547
21203,-7424,-8426
26608,-9679,-20928
26663,-9674,-21068
26718,-9669,-21209
26775,-9663,-21354
26831,-9658,-21500
26888,-9653,-21646
26945,-9648,-21794
27003,-9642,-21941
27060,-9637,-22090
27118,-9632,-22239
27176,-9627,-22389
27234,-9622,-22539
27293,-9617,-22690
27351,-9613,-22842
27410,-9609,-22995
27470,-9605,-23148
27529,-9601,-23303
27590,-9595,-23462
27651,-9589,-23622
27712,-9584,-23783
27774,-9579,-23945
35846,-12363,-50237
35945,-12446,-50679
36043,-12529,-51128
36142,-12615,-51584
36242,-12702,-52048
36342,-12792,-52521
36442,-12884,-53003
36543,-12978,-53493
36644,-13075,-53993
36745,-13174,-54501
36847,-13275,-55020
36948,-13377,-55547
37049,-13482,-56084
36799,-12891,-101777
36358,-13052,-103501
18352,-6463,-147904
16280,-5848,-151437
6391,-2146,19413
8437,-2850,16350
10403,-3501,13176
21609,-7366,-9298
22010,-7323,-10161
27836,-9574,-24108
27898,-9569,-24272
27961,-9564,-24436
28024,-9560,-24602
28087,-9556,-24768
28150,-9552,-24935
28214,-9549,-25103
28277,-9545,-25272
28342,-9540,-25444
28408,-9533,-25620
28474,-9527,-25796
28540,-9521,-25974
28607,-9515,-26152
28674,-9509,-26332
28741,-9504,-26512
28808,-9499,-26693
28876,-9495,-26876
28943,-9494,-27060
29011,-9493,-27245
29079,-9490,-27433
29149,-9481,-27627
34327,-11177,-44094
34418,-11242,-44436
34510,-11309,-44782
34602,-11376,-45133
34695,-11445,-45490
34789,-11516,-45851
34883,-11588,-46218
34977,-11660,-46589
35072,-11734,-46966
35168,-11810,-47349
35264,-11887,-47737
35360,-11969,-48131
35456,-12055,-48533
35553,-12129,-48949
35650,-12204,-49372
35748,-12282,-49801
38117,-12472,-95775
37851,-12573,-97145
37541,-12649,-98607
37191,-12756,-100150
21983,-7566,-140598
19011,-6183,-146683
3246,-1014,23737
6081,-1929,19887
8132,-2587,16855
10070,-3231,13769
22417,-7282,-11038
22830,-7243,-11932
23252,-7214,-12850
29220,-9468,-27825
29291,-9456,-28024
29363,-9454,-28230
29435,-9452,-28436
29507,-9451,-28644
29580,-9450,-28854
29654,-9449,-29064
29727,-9449,-29276
29801,-9449,-29489
29875,-9449,-29703
29950,-9451,-29918
30024,-9452,-30134
30099,-9454,-30352
30175,-9456,-30571
30250,-9459,-30791
30326,-9463,-31013
30403,-9467,-31236
30479,-9472,-31460
30556,-9478,-31685
30633,-9485,-31912
30710,-9493,-32140
30787,-9501,-32369
30865,-9511,-32600
30943,-9521,-32833
31022,-9533,-33066
31100,-9545,-33300
31178,-9558,-33536
31257,-9573,-33773
31336,-9588,-34012
31415,-9605,-34252
32295,-9883,-36996
32375,-9931,-37262
32456,-9981,-37529
32536,-10031,-37798
32617,-10083,-38070
32698,-10136,-38343
32779,-10190,-38612
32861,-10245,-38885
32943,-10290,-39165
33026,-10337,-39448
33110,-10386,-39734
33194,-10436,-40023
33278,-10487,-40315
33363,-10539,-40610
33448,-10593,-40909
33533,-10647,-41211
33620,-10703,-41516
33706,-10758,-41824
33793,-10815,-42136
33880,-10872,-42451
33968,-10931,-42771
34057,-10991,-43095
34146,-11052,-43423
34236,-11114,-43756
38999,-11973,-89804
38864,-12036,-90924
38711,-12114,-92071
38538,-12210,-93259
38340,-12331,-94492
20858,-6542,-142962
3577,-1058,23323
3872,-1137,22941
4157,-1220,22566
4437,-1303,22194
4712,-1384,21823
4982,-1465,21456
5248,-1546,21090
5515,-1640,20716
5790,-1763,20319
7820,-2318,17368
9459,-2723,14834
9756,-2973,14320
12061,-3499,10319
12455,-3688,9579
12864,-3850,8804
13288,-3983,7993
13722,-4078,7149
14161,-4151,6285
14601,-4222,5415
23673,-7183,-13774
24089,-7149,-14691
24493,-7112,-15590
31494,-9623,-34494
31574,-9643,-34737
31653,-9663,-34982
31733,-9685,-35228
31813,-9709,-35476
31893,-9734,-35725
31973,-9760,-35976
32053,-9788,-36228
32134,-9817,-36482
32214,-9848,-36738
38227,-10975,-61534
38323,-11043,-62168
38418,-11107,-62813
38512,-11169,-63468
38606,-11226,-64134
38699,-11279,-64811
38790,-11329,-65499
38878,-11379,-66201
38964,-11427,-66918
39047,-11472,-67650
39127,-11512,-68396
39204,-11547,-69156
39278,-11575,-69930
39349,-11597,-70717
39415,-11611,-71517
39478,-11616,-72327
39536,-11610,-73151
39589,-11595,-73989
39635,-11575,-74844
39672,-11552,-75718
39700,-11526,-76612
39720,-11498,-77524
39728,-11470,-78450
39727,-11441,-79391
39716,-11422,-80347
39683,-11468,-81337
39634,-11549,-82353
39576,-11627,-83380
39508,-11702,-84418
39430,-11770,-85469
39340,-11830,-86533
39237,-11878,-87610
39124,-11922,-88702
31692,-9157,-118838
30665,-9021,-121539
29872,-8905,-123551
28596,-8624,-126464
27236,-8159,-129472
25834,-7458,-132497
17515,-5148,-149484
17006,-5107,-150353
16576,-4944,-151062
16209,-4697,-151645
1501,-409,25948
7503,-2045,17886
9170,-2474,15326
11323,-3042,11689
11684,-3283,11022
15041,-4292,4539
15484,-4361,3654
15927,-4427,2757
16369,-4482,1845
16816,-4539,949
24887,-7079,-16482
25268,-7043,-17352
25637,-7004,-18202
36665,-9856,-52928
36762,-9924,-53389
36859,-9995,-53859
36957,-10067,-54337
37055,-10141,-54824
37153,-10214,-55318
37251,-10290,-55822
37349,-10368,-56336
37448,-10442,-56863
37546,-10503,-57408
37644,-10566,-57963
37741,-10630,-58529
37839,-10697,-59106
37936,-10765,-59695
38033,-10835,-60296
38130,-10906,-60909
34313,-9231,-111354
33518,-9265,-113731
32644,-9241,-116231
24461,-6643,-135418
19816,-5585,-145126
18123,-5022,-148406
15891,-4389,-152129
8880,-2220,15818
10971,-2792,12332
17268,-4593,41
17722,-4642,-888
18185,-4687,-1841
18650,-4731,-2808
19115,-4781,-3788
25999,-6965,-19044
26362,-6925,-19896
26725,-6874,-20756
27087,-6810,-21622
34919,-8716,-45490
35006,-8776,-45826
35093,-8838,-46168
35181,-8900,-46514
35270,-8964,-46866
35360,-9029,-47222
35450,-9091,-47586
35540,-9143,-47959
35631,-9195,-48338
35722,-9249,-48723
35814,-9304,-49113
35907,-9360,-49510
36000,-9417,-49913
36093,-9476,-50323
36188,-9537,-50740
36283,-9598,-51164
36377,-9660,-51594
36473,-9724,-52031
36569,-9789,-52476
35663,-9067,-107007
35028,-9157,-109110
23167,-5865,-138153
15617,-4055,-152531
-2365,552,27193
-2350,546,29740
7189,-1785,18393
10623,-2552,12961
19580,-4847,-4783
20052,-4920,-5764
20527,-5003,-6753
20990,-5084,-7740
21442,-5125,-8710
21883,-5125,-9663
27450,-6748,-22495
27814,-6709,-23387
27814,-6709,-23387
27866,-6708,-23522
27917,-6709,-23657
27968,-6712,-23793
28019,-6716,-23929
28070,-6719,-24066
28121,-6723,-24203
28173,-6728,-24341
28224,-6732,-24479
28276,-6736,-24619
28329,-6740,-24763
28382,-6743,-24907
28435,-6747,-25051
28488,-6752,-25195
28541,-6757,-25341
28594,-6762,-25486
28648,-6768,-25632
28701,-6774,-25779
28755,-6781,-25926
28809,-6788,-26073
28863,-6793,-26224
28918,-6797,-26377
28973,-6802,-26530
29028,-6807,-26684
29084,-6813,-26838
29139,-6818,-26993
29194,-6825,-27148
29251,-6828,-27306
29308,-6828,-27467
29365,-6829,-27628
29423,-6826,-27794
29481,-6823,-27962
29540,-6820,-28129
32236,-7451,-36266
32306,-7482,-36486
32377,-7513,-36707
32448,-7545,-36931
32519,-7578,-37157
32591,-7610,-37385
32664,-7643,-37615
32736,-7676,-37847
32810,-7704,-38085
32885,-7727,-38329
32961,-7750,-38575
33037,-7774,-38824
33113,-7799,-39075
33190,-7824,-39329
33268,-7850,-39586
33346,-7876,-39845
33424,-7902,-40107
33503,-7930,-40372
33583,-7957,-40640
33663,-7986,-40911
33743,-8026,-41191
33824,-8070,-41475
33905,-8115,-41762
33986,-8160,-42052
34069,-8206,-42346
34151,-8252,-42643
34235,-8299,-42944
34319,-8347,-43249
34403,-8396,-43558
34488,-8446,-43870
34574,-8497,-44186
34660,-8547,-44505
34746,-8599,-44829
34832,-8657,-45157
37150,-8748,-101520
36717,-8864,-103219
36224,-8971,-105047
21955,-5132,-140695
18856,-4661,-147048
16744,-3931,-150834
16279,-3768,-151575
6886,-1555,18873
8583,-1959,16320
10285,-2319,13566
22314,-5081,-10599
22735,-4999,-11521
29598,-6818,-28298
29657,-6816,-28467
29716,-6815,-28637
29775,-6815,-28807
29834,-6816,-28978
29893,-6817,-29149
29953,-6819,-29321
30012,-6821,-29494
30072,-6824,-29668
30131,-6828,-29842
30191,-6832,-30017
30251,-6838,-30192
30311,-6844,-30369
30371,-6851,-30546
30431,-6858,-30723
30492,-6866,-30902
30553,-6875,-31082
30613,-6884,-31263
30675,-6894,-31444
30736,-6905,-31627
30797,-6916,-31811
30859,-6927,-31996
30921,-6940,-32182
30983,-6952,-32369
31046,-6966,-32558
31109,-6979,-32747
31172,-7004,-32944
31236,-7029,-33141
31300,-7054,-33340
31364,-7080,-33541
31429,-7106,-33742
31494,-7133,-33946
31559,-7160,-34151
31625,-7187,-34358
31691,-7215,-34566
31758,-7243,-34776
31825,-7272,-34988
31892,-7301,-35200
31960,-7330,-35409
32029,-7360,-35621
32097,-7390,-35834
32166,-7420,-36049
39024,-8317,-92087
38853,-8388,-93234
38661,-8468,-94420
38427,-8482,-95693
38162,-8499,-97033
37864,-8550,-98441
37529,-8635,-99934
20828,-4448,-143054
17301,-3949,-149903
15891,-3524,-152169
-3072,640,29185
6336,-1241,19712
6602,-1374,19313
8279,-1689,16830
9958,-2080,14145
23154,-4896,-12441
23576,-4791,-13370
23992,-4687,-14291
38484,-7505,-61727
38576,-7551,-62335
38667,-7600,-62957
38758,-7650,-63593
38848,-7701,-64241
38937,-7750,-64903
39026,-7797,-65578
39113,-7838,-66264
39199,-7874,-66961
39283,-7904,-67671
39366,-7926,-68392
39447,-7943,-69126
39524,-7960,-69877
39597,-7976,-70643
39665,-7990,-71422
39729,-7999,-72215
39788,-8000,-73020
39842,-7992,-73839
39890,-7973,-74672
39932,-7947,-75516
39968,-7910,-76370
39997,-7864,-77232
40018,-7808,-78104
39785,-7807,-85609
39683,-7899,-86656
39571,-7985,-87716
39451,-8073,-88786
39322,-8163,-89868
39179,-8243,-90967
17977,-3758,-148719
15573,-3267,-152634
15311,-3015,-152997
5578,-988,20798
5831,-1065,20440
6082,-1144,20082
7974,-1423,17339
9643,-1836,14699
24401,-4596,-15186
24797,-4504,-16061
35923,-6356,-48753
36009,-6395,-49117
36097,-6435,-49486
36184,-6474,-49861
36272,-6514,-50241
36361,-6555,-50627
36450,-6596,-51019
36539,-6638,-51417
36630,-6681,-51822
36720,-6725,-52234
36811,-6768,-52651
36902,-6813,-53076
36994,-6859,-53508
37087,-6906,-53948
37179,-6953,-54396
37272,-7001,-54850
37365,-7050,-55313
37459,-7095,-55788
37552,-7126,-56278
37645,-7158,-56778
37738,-7191,-57285
37831,-7225,-57804
37925,-7261,-58332
38019,-7298,-58871
38112,-7336,-59420
38205,-7374,-59979
38298,-7416,-60550
38391,-7460,-61133
40029,-7755,-78990
40031,-7717,-79887
40023,-7695,-80797
40003,-7684,-81720
39973,-7684,-82656
39930,-7690,-83608
39872,-7712,-84583
19782,-3803,-145220
16543,-2939,-151163
15088,-2743,-153291
5058,-831,21521
5320,-910,21159
9340,-1584,15227
25182,-4416,-16922
25556,-4331,-17768
25920,-4246,-18598
26284,-4166,-19436
32661,-5184,-37096
32727,-5201,-37309
32794,-5216,-37524
32861,-5232,-37742
32929,-5247,-37961
32997,-5263,-38182
33066,-5280,-38406
33135,-5296,-38632
33205,-5313,-38859
33275,-5329,-39089
33345,-5346,-39320
33416,-5364,-39555
33487,-5381,-39791
33559,-5399,-40030
33631,-5417,-40272
33704,-5436,-40515
33778,-5455,-40761
33851,-5474,-41010
33926,-5493,-41262
34000,-5513,-41516
34075,-5538,-41773
34150,-5564,-42033
34225,-5591,-42296
34301,-5618,-42562
34377,-5645,-42831
34454,-5673,-43103
34532,-5702,-43378
34610,-5731,-43656
34688,-5760,-43938
34767,-5790,-44224
34847,-5822,-44512
34927,-5854,-44803
35007,-5887,-45099
35088,-5935,-45405
35169,-5985,-45716
35250,-6035,-46030
35332,-6086,-46348
35415,-6133,-46674
35498,-6169,-47009
35582,-6207,-47349
35666,-6243,-47692
35751,-6280,-48040
35837,-6317,-48394
18812,-3221,-147168
17158,-2905,-150151
16046,-2827,-151946
15653,-2688,-152529
15332,-2489,-152981
-3589,549,28348
4519,-670,22254
4791,-751,21887
7677,-1182,17825
9045,-1323,15735
26639,-4111,-20272
26982,-4086,-21089
27313,-4094,-21895
27630,-4131,-22677
27934,-4198,-23439
28226,-4293,-24185
28507,-4408,-24914
28786,-4527,-25644
28786,-4527,-25644
28827,-4538,-25759
28868,-4548,-25875
28910,-4559,-25991
28952,-4570,-26108
28993,-4581,-26225
29035,-4592,-26343
29078,-4601,-26463
29123,-4603,-26590
29168,-4604,-26718
29213,-4606,-26847
29258,-4608,-26976
29303,-4610,-27105
29348,-4613,-27235
29394,-4615,-27366
29441,-4623,-27504
29489,-4628,-27645
29537,-4634,-27786
29586,-4639,-27929
29634,-4645,-28072
29683,-4651,-28216
29732,-4657,-28360
29781,-4663,-28506
29831,-4669,-28652
29880,-4675,-28798
29930,-4682,-28946
29981,-4688,-29094
30031,-4695,-29243
30082,-4702,-29393
30133,-4709,-29544
30184,-4716,-29696
30235,-4723,-29848
30287,-4730,-30002
30339,-4738,-30156
30391,-4746,-30311
30443,-4753,-30467
30496,-4761,-30624
30549,-4769,-30781
30602,-4777,-30940
30655,-4785,-31099
30709,-4793,-31259
30763,-4801,-31421
30817,-4809,-31583
30872,-4818,-31746
30926,-4827,-31906
30982,-4836,-32067
31037,-4845,-32228
31093,-4854,-32391
31149,-4864,-32555
31205,-4874,-32720
31262,-4884,-32886
31319,-4894,-33053
31376,-4904,-33222
31433,-4915,-33392
31491,-4926,-33563
31550,-4937,-33735
31608,-4948,-33909
31667,-4960,-34084
31726,-4971,-34260
31786,-4983,-34438
31846,-4995,-34617
31906,-5008,-34797
31967,-5020,-34979
32028,-5033,-35163
32090,-5045,-35348
32152,-5058,-35535
32214,-5071,-35723
32277,-5084,-35913
32340,-5097,-36104
32403,-5110,-36297
32467,-5124,-36492
32531,-5137,-36689
32596,-5158,-36890
33860,-4813,-113316
32967,-4825,-115840
31991,-4783,-118482
31349,-4736,-120165
30187,-4621,-122951
28900,-4510,-125911
27482,-4324,-129032
26020,-3936,-132153
24624,-3519,-135101
17920,-2620,-148836
15065,-2249,-153334
3962,-505,22998
4243,-588,22625
7398,-986,18274
10616,-1340,13124
11006,-1475,12412
11403,-1574,11685
11810,-1611,10926
12224,-1604,10146
12637,-1610,9363
13056,-1648,8560
13481,-1709,7737
13913,-1785,6893
14350,-1866,6029
14793,-1944,5147
15243,-2011,4245
15698,-2061,3325
16159,-2085,2387
16623,-2087,1436
37031,-4623,-102895
36547,-4672,-104698
35995,-4714,-106637
35368,-4750,-108716
34660,-4780,-110940
23311,-3121,-137859
22083,-2747,-140429
16416,-2124,-151355
15892,-2156,-152170
15474,-2064,-152781
15138,-1890,-153240
14843,-1988,-153609
-4801,547,29488
-3958,469,29698
-2476,273,29230
-367,44,27850
3675,-422,23373
6893,-734,19052
7137,-838,18681
8749,-1056,16241
10242,-1160,13800
17081,-2087,487
17535,-2091,-433
17982,-2102,-1355
18436,-2126,-2290
18888,-2168,-3234
19344,-2227,-4168
19806,-2299,-5125
20280,-2371,-6109
20760,-2426,-7117
21249,-2476,-8148
21747,-2523,-9198
22241,-2546,-10248
22725,-2528,-11281
23197,-2469,-12294
39455,-4167,-67687
39531,-4197,-68385
39605,-4223,-69096
39677,-4243,-69820
39747,-4256,-70557
39816,-4260,-71306
39882,-4256,-72063
39946,-4242,-72829
40006,-4230,-73608
40058,-4231,-74400
40103,-4238,-75206
40139,-4245,-76027
40168,-4242,-76861
39609,-4239,-89822
39461,-4343,-90914
39300,-4438,-92027
39123,-4514,-93168
38910,-4483,-94373
38678,-4446,-95610
38425,-4432,-96892
38143,-4453,-98238
37822,-4506,-99673
37454,-4566,-101221
20939,-2393,-142810
17097,-1977,-150230
14866,-1669,-153584
14656,-1722,-153822
-6000,544,30613
2006,-189,25425
3383,-337,23751
6419,-583,19752
6657,-656,19403
8458,-805,16734
9896,-933,14421
23653,-2371,-13283
24086,-2252,-14235
34510,-3020,-42840
34580,-3041,-43085
34650,-3062,-43332
34720,-3083,-43582
34791,-3105,-43835
34862,-3127,-44090
34933,-3149,-44348
35006,-3172,-44610
35079,-3194,-44875
35152,-3217,-45143
35226,-3240,-45414
35300,-3264,-45689
35375,-3281,-45971
35451,-3290,-46261
35528,-3300,-46554
35605,-3309,-46851
35682,-3319,-47153
35760,-3329,-47458
35839,-3339,-47767
35918,-3350,-48081
35998,-3361,-48399
36078,-3372,-48722
36160,-3383,-49049
36241,-3395,-49382
36323,-3418,-49724
36405,-3447,-50073
36487,-3476,-50428
36570,-3504,-50787
36653,-3532,-51152
36737,-3561,-51521
36821,-3589,-51897
36905,-3616,-52277
36990,-3644,-52664
37075,-3672,-53056
37161,-3700,-53454
37247,-3727,-53859
37333,-3755,-54270
37419,-3783,-54688
37505,-3795,-55120
37591,-3803,-55561
37678,-3811,-56010
37764,-3820,-56466
37851,-3829,-56930
37938,-3839,-57401
38024,-3850,-57881
38111,-3861,-58370
38198,-3873,-58868
38285,-3885,-59375
38372,-3899,-59892
38458,-3912,-60419
38545,-3927,-60957
38631,-3943,-61505
38717,-3959,-62065
38802,-3977,-62636
38887,-3996,-63220
38971,-4017,-63816
39054,-4037,-64425
39137,-4059,-65048
39218,-4083,-65685
39298,-4109,-66336
39377,-4137,-67004
40187,-4216,-77710
40201,-4179,-78566
40210,-4140,-79424
40216,-4102,-80285
40218,-4062,-81150
40212,-4032,-82022
40193,-4026,-82913
40158,-4039,-83827
40106,-4056,-84765
40036,-4060,-85729
39953,-4053,-86713
39861,-4056,-87709
39745,-4126,-88747
19879,-2065,-145007
18901,-1771,-147009
16375,-1478,-151391
15796,-1611,-152295
15343,-1574,-152952
14988,-1435,-153426
14644,-1428,-153838
-7186,542,31725
1326,-96,26131
3086,-252,24132
5932,-434,20457
6177,-509,20103
8183,-594,17192
9564,-678,15010
24492,-2103,-15139
24884,-1959,-16023
25256,-1842,-16881
27367,-1917,-21966
27642,-2010,-22658
27917,-2106,-23358
28196,-2186,-24079
28475,-2263,-24806
28754,-2336,-25542
29034,-2400,-26290
29315,-2459,-27044
29596,-2509,-27806
29596,-2509,-27806
29638,-2510,-27927
29681,-2511,-28047
29723,-2512,-28165
29766,-2513,-28284
29809,-2514,-28403
29852,-2516,-28522
29895,-2517,-28643
29939,-2519,-28764
29982,-2520,-28885
30026,-2522,-29007
30070,-2523,-29130
30114,-2525,-29253
30159,-2527,-29377
30203,-2529,-29501
30248,-2531,-29626
30293,-2533,-29752
30338,-2535,-29878
30383,-2537,-30005
30429,-2540,-30133
30475,-2542,-30261
30520,-2543,-30390
30566,-2542,-30520
30612,-2541,-30650
30658,-2540,-30782
30704,-2539,-30914
30750,-2538,-31046
30797,-2537,-31180
30843,-2536,-31314
30890,-2536,-31449
30938,-2535,-31584
30985,-2538,-31723
31034,-2546,-31865
31083,-2554,-32008
31131,-2562,-32151
31181,-2571,-32296
31230,-2579,-32441
31280,-2588,-32588
31330,-2596,-32735
31380,-2605,-32883
31430,-2613,-33032
31481,-2622,-33183
31532,-2630,-33334
31583,-2639,-33486
31635,-2648,-33639
31687,-2657,-33793
31739,-2666,-33949
31791,-2675,-34105
31844,-2684,-34262
31897,-2693,-34421
31950,-2702,-34581
32004,-2711,-34742
32057,-2719,-34903
32112,-2728,-35066
32166,-2736,-35230
32221,-2745,-35395
32276,-2754,-35562
32331,-2763,-35730
32387,-2772,-35899
32443,-2781,-36070
32499,-2790,-36241
32556,-2799,-36415
32613,-2804,-36592
32672,-2804,-36774
32730,-2803,-36957
32789,-2803,-37141
32849,-2803,-37328
32908,-2803,-37515
32969,-2803,-37705
33029,-2803,-37896
33090,-2803,-38088
33151,-2803,-38283
33212,-2806,-38479
33274,-2811,-38677
33335,-2816,-38876
33397,-2821,-39077
33459,-2826,-39280
33522,-2832,-39485
33585,-2836,-39691
33648,-2841,-39899
33712,-2846,-40109
33776,-2851,-40321
33841,-2857,-40535
33906,-2862,-40751
33971,-2867,-40969
34037,-2884,-41195
34104,-2903,-41424
34170,-2921,-41654
34237,-2941,-41886
34305,-2960,-42121
34373,-2980,-42359
34441,-3000,-42598
17972,-1503,-148716
15760,-1142,-152323
15261,-1183,-153049
14878,-1092,-153551
14707,-1241,-153764
14484,-1023,-153996
14462,-1182,-154021
-9517,536,33902
-8359,539,32821
2432,-128,24942
2780,-170,24519
5682,-357,20813
7926,-430,17611
25603,-1758,-17694
25924,-1707,-18459
26230,-1687,-19200
26527,-1702,-19906
26813,-1751,-20596
27090,-1830,-21279
17135,-1124,-150130
16418,-880,-151288
15229,-858,-153072
14809,-832,-153620
14585,-931,-153887
14314,-944,-154145
14308,-803,-154146
-13999,527,38065
-12903,529,37049
-11789,532,36016
-10661,534,34967
5169,-202,21531
5428,-280,21171
7687,-312,17990
9248,-418,15567
15795,-708,-152241
15256,-562,-153010
14782,-625,-153637
14497,-712,-153966
14441,-557,-154009
14360,-741,-154099
14265,-553,-154163
14187,-550,-154216
14169,-596,-154230
-22570,509,45952
-22570,509,45952
-22570,509,45952
-22570,509,45952
-22570,509,45952
-22570,509,45952
-22570,509,45952
-22570,509,45952
-22570,509,45952
-22570,509,45952
-22570,509,45952
-22570,509,45952
-22570,509,45952
-22570,509,45952
-22570,509,45952
-22570,509,45952
-22570,509,45952
-22570,509,45952
-22570,509,45952
-22570,509,45952
-22570,509,45952
-22570,509,45952
-22570,509,45952
-22570,509,45952
-22570,509,45952
-22570,509,45952
-22570,509,45952
-22570,509,45952
-22570,509,45952
-22570,509,45952
-22570,509,45952
-22570,509,45952
-22570,509,45952
-22570,509,45952
-22570,509,45952
-22570,509,45952
-22570,509,45952
-22570,509,45952
-22570,509,45952
-22570,509,45952
-22570,509,45952
-22570,509,45952
-22570,509,45952
-22570,509,45952
-22570,509,45952
-22570,509,45952
-22570,509,45952
-22570,509,45952
-22570,509,45952
-22570,509,45952
-22570,509,45952
-22570,509,45952
-22570,509,45952
-22570,509,45952
-22570,509,45952
-22570,509,45952
-22570,509,45952
-22570,509,45952
-22570,509,45952
-22570,509,45952
-22570,509,45952
-22570,509,45952
-22570,509,45952
-22570,509,45952
-22570,509,45952
-22570,509,45952
-22570,509,45952
-22570,509,45952
-22570,509,45952
-22570,509,45952
-22570,509,45952
-22570,509,45952
-22570,509,45952
-22570,509,45952
-22570,509,45952
-22570,509,45952
-22570,509,45952
-22570,509,45952
-22570,509,45952
-22570,509,45952
-22570,509,45952
-22570,509,45952
-22570,509,45952
-22570,509,45952
-22570,509,45952
-22570,509,45952
-22570,509,45952
-22570,509,45952
-22570,509,45952
-22570,509,45952
-22570,509,45952
-22570,509,45952
-22570,509,45952
-22570,509,45952
-22570,509,45952
-22570,509,45952
-22570,509,45952
-22570,509,45952
-22570,509,45952
-22570,509,45952
-22570,509,45952
-22570,509,45952
-22570,509,45952
-22570,509,45952
-22570,509,45952
-22570,509,45952
-22570,509,45952
-22570,509,45952
-22570,509,45952
-22570,509,45952
-22570,509,45952
-22570,509,45952
-22570,509,45952
-22570,509,45952
-22570,509,45952
-22570,509,45952
-22570,509,45952
-22570,509,45952
-22570,509,45952
-22570,509,45952
-22570,509,45952
-22570,509,45952
-22570,509,45952
-22570,509,45952
-22570,509,45952
-22570,509,45952
-22570,509,45952
-22570,509,45952
-22570,509,45952
-22570,509,45952
-22570,509,45952
-22570,509,45952
-22570,509,45952
-22570,509,45952
-22570,509,45952
-22570,509,45952
-22570,509,45952
-22570,509,45952
-22570,509,45952
-22570,509,45952
-22570,509,45952
-22570,509,45952
-22570,509,45952
-22570,509,45952
-22570,509,45952
-22570,509,45952
-22570,509,45952
-22570,509,45952
-22570,509,45952
-22570,509,45952
-22570,509,45952
-22570,509,45952
-22570,509,45952
-22570,509,45952
-22570,509,45952
-22570,509,45952
-22570,509,45952
-22570,509,45952
-22570,509,45952
-22570,509,45952
-22570,509,45952
-22570,509,45952
-22570,509,45952
-22570,509,45952
-22570,509,45952
-22570,509,45952
-22570,509,45952
-22570,509,45952
-22570,509,45952
-22570,509,45952
-22570,509,45952
-22570,509,45952
-22570,509,45952
-22570,509,45952
-22570,509,45952
-22570,509,45952
-22570,509,45952
-22570,509,45952
-22570,509,45952
-22570,509,45952
-22570,509,45952
-22570,509,45952
-22570,509,45952
-22570,509,45952
-22570,509,45952
-22570,509,45952
-22570,509,45952
-22570,509,45952
-22570,509,45952
-22570,509,45952
-22570,509,45952
-22570,509,45952
-22570,509,45952
-22570,509,45952
-22570,509,45952
-22570,509,45952
-22570,509,45952
-22570,509,45952
-22570,509,45952
-22570,509,45952
-22570,509,45952
-22570,509,45952
-22570,509,45952
-22570,509,45952
-22570,509,45952
-22570,509,45952
-22570,509,45952
-22570,509,45952
-22570,509,45952
-22570,509,45952
-22570,509,45952
-22570,509,45952
-22570,509,45952
-22570,509,45952
-22570,509,45952
-22570,509,45952
-22570,509,45952
-22570,509,45952
-22570,509,45952
-22570,509,45952
-22570,509,45952
-22570,509,45952
-22570,509,45952
-22570,509,45952
-22570,509,45952
-22570,509,45952
-22570,509,45952
-22570,509,45952
-22570,509,45952
-22570,509,45952
-22570,509,45952
-22570,509,45952
-22570,509,45952
-22570,509,45952
-22570,509,45952
-22570,509,45952
-22570,509,45952
-22570,509,45952
-22570,509,45952
-22570,509,45952
-22570,509,45952
-22570,509,45952
-22570,509,45952
-22570,509,45952
-22570,509,45952
-22570,509,45952
-22570,509,45952
-22570,509,45952
-22570,509,45952
-22570,509,45952
-22570,509,45952
-22570,509,45952
-22570,509,45952
-22570,509,45952
-22570,509,45952
-22570,509,45952
-22570,509,45952
-22570,509,45952
-22570,509,45952
-22570,509,45952
-22570,509,45952
-22570,509,45952
-22570,509,45952
-22570,509,45952
-22570,509,45952
-22570,509,45952
-22570,509,45952
-22570,509,45952
-22570,509,45952
-22570,509,45952
-22570,509,45952
-22570,509,45952
-22570,509,45952
-22570,509,45952
-22570,509,45952
-22570,509,45952
-22570,509,45952
-22570,509,45952
-22570,509,45952
-22570,509,45952
-22570,509,45952
-22570,509,45952
-22570,509,45952
-22570,509,45952
-22570,509,45952
-22570,509,45952
-22570,509,45952
-22570,509,45952
-22570,509,45952
-22570,509,45952
-22570,509,45952
-22570,509,45952
-22570,509,45952
-22570,509,45952
-22570,509,45952
-22570,509,45952
-22570,509,45952
-22570,509,45952
-22570,509,45952
-22570,509,45952
-22570,509,45952
-22570,509,45952
-22570,509,45952
-22570,509,45952
-22570,509,45952
-22570,509,45952
-22570,509,45952
-22570,509,45952
-22570,509,45952
-22570,509,45952
-22570,509,45952
-22570,509,45952
-22570,509,45952
-22570,509,45952
-22570,509,45952
-22570,509,45952
-22570,509,45952
-22570,509,45952
-22570,509,45952
-22570,509,45952
-22570,509,45952
-22570,509,45952
-22570,509,45952
-22570,509,45952
-22570,509,45952
-22570,509,45952
-22570,509,45952
-22570,509,45952
-22570,509,45952
-22570,509,45952
-22570,509,45952
-22570,509,45952
-22570,509,45952
-22570,509,45952
-22570,509,45952
-22570,509,45952
-22570,509,45952
-22570,509,45952
-22570,509,45952
-22570,509,45952
-22570,509,45952
-22570,509,45952
-22570,509,45952
-22570,509,45952
-22570,509,45952
-22570,509,45952
-22570,509,45952
-22570,509,45952
-22570,509,45952
-22570,509,45952
-22570,509,45952
-22570,509,45952
-22570,509,45952
-22570,509,45952
-22570,509,45952
-22570,509,45952
-22570,509,45952
-22570,509,45952
-22570,509,45952
-22570,509,45952
-22570,509,45952
-22570,509,45952
-22570,509,45952
-22570,509,45952
-22570,509,45952
-22570,509,45952
-22570,509,45952
-22570,509,45952
-22570,509,45952
-22570,509,45952
-22570,509,45952
-22570,509,45952
-22570,509,45952
-22570,509,45952
-22570,509,45952
-22570,509,45952
-22570,509,45952
-22570,509,45952
-22570,509,45952
-22570,509,45952
-22570,509,45952
-22570,509,45952
-22570,509,45952
-22570,509,45952
-22570,509,45952
-22570,509,45952
-22570,509,45952
-22570,509,45952
-22570,509,45952
-22570,509,45952
-22570,509,45952
-22570,509,45952
-22570,509,45952
-22570,509,45952
-22570,509,45952
-22570,509,45952
-22570,509,45952
-22570,509,45952
-22570,509,45952
-22570,509,45952
-22570,509,45952
-22570,509,45952
-22570,509,45952
-22570,509,45952
-22570,509,45952
-22570,509,45952
-22570,509,45952
-22570,509,45952
-22570,509,45952
-22570,509,45952
-22570,509,45952
-22570,509,45952
-22570,509,45952
-22570,509,45952
-22570,509,45952
-22570,509,45952
-22570,509,45952
-22570,509,45952
-22570,509,45952
-22570,509,45952
-22570,509,45952
-22570,509,45952
-22570,509,45952
-22570,509,45952
-22570,509,45952
-22570,509,45952
-22570,509,45952
-22570,509,45952
-22570,509,45952
-22570,509,45952
-22570,509,45952
-22570,509,45952
-22570,509,45952
-22570,509,45952
-22570,509,45952
-22570,509,45952
-22570,509,45952
-22570,509,45952
-22570,509,45952
-22570,509,45952
-22570,509,45952
-22570,509,45952
-22570,509,45952
-22570,509,45952
-22570,509,45952
-22570,509,45952
-22570,509,45952
-22570,509,45952
-22570,509,45952
-22570,509,45952
-22570,509,45952
-22570,509,45952
-22570,509,45952
-22570,509,45952
-22570,509,45952
-22570,509,45952
-22570,509,45952
-22570,509,45952
-22570,509,45952
-22570,509,45952
-22570,509,45952
-22570,509,45952
-22570,509,45952
-22570,509,45952
-22570,509,45952
-22570,509,45952
-22570,509,45952
-22570,509,45952
-22570,509,45952
-22570,509,45952
-22570,509,45952
-22570,509,45952
-22570,509,45952
-22570,509,45952
-22570,509,45952
-22570,509,45952
-22570,509,45952
-22570,509,45952
-22570,509,45952
-22570,509,45952
-22570,509,45952
-22570,509,45952
-22570,509,45952
-22570,509,45952
-22570,509,45952
-22570,509,45952
-22570,509,45952
-22570,509,45952
-22570,509,45952
-22570,509,45952
-22570,509,45952
-22570,509,45952
-22570,509,45952
-22570,509,45952
-22570,509,45952
-22570,509,45952
-22570,509,45952
-22570,509,45952
-22570,509,45952
-22570,509,45952
-22570,509,45952
-22570,509,45952
-22570,509,45952
-22570,509,45952
-22570,509,45952
-22570,509,45952
-22570,509,45952
-22570,509,45952
-22570,509,45952
-22570,509,45952
-22570,509,45952
-22570,509,45952
-22570,509,45952
-22570,509,45952
-22570,509,45952
-22570,509,45952
-22570,509,45952
-22570,509,45952
-22570,509,45952
-22570,509,45952
-22570,509,45952
-22570,509,45952
-22570,509,45952
-22570,509,45952
-22570,509,45952
-22570,509,45952
-22570,509,45952
-22570,509,45952
-22570,509,45952
-22570,509,45952
-22570,509,45952
-22570,509,45952
-22570,509,45952
-22570,509,45952
-22570,509,45952
-22570,509,45952
-22570,509,45952
-22570,509,45952
-22570,509,45952
-22570,509,45952
-22570,509,45952
-22570,509,45952
-22570,509,45952
-22570,509,45952
-22570,509,45952
-22570,509,45952
-22570,509,45952
-22570,509,45952
-22570,509,45952
-22570,509,45952
-22570,509,45952
-22570,509,45952
-22570,509,45952
-22570,509,45952
-22570,509,45952
-22570,509,45952
-22570,509,45952
-22570,509,45952
-22570,509,45952
-22570,509,45952
-22570,509,45952
-22570,509,45952
-22570,509,45952
-22570,509,45952
-22570,509,45952
-22570,509,45952
-22570,509,45952
-22570,509,45952
-22570,509,45952
-22570,509,45952
-22570,509,45952
-22570,509,45952
-22570,509,45952
-22570,509,45952
-22570,509,45952
-22570,509,45952
-22570,509,45952
-22570,509,45952
-22570,509,45952
-22570,509,45952
-22570,509,45952
-22570,509,45952
-22570,509,45952
-22570,509,45952
-22570,509,45952
-22570,509,45952
-22570,509,45952
-22570,509,45952
-22570,509,45952
-22570,509,45952
-22570,509,45952
-22570,509,45952
-22570,509,45952
-22570,509,45952
-22570,509,45952
-22570,509,45952
-22570,509,45952
-22570,509,45952
-22570,509,45952
-22570,509,45952
-22570,509,45952
-22570,509,45952
-22570,509,45952
-22570,509,45952
-22570,509,45952
-22570,509,45952
-22570,509,45952
-22570,509,45952
-22570,509,45952
-22570,509,45952
-22570,509,45952
-22570,509,45952
-22570,509,45952
-22570,509,45952
-22570,509,45952
-22570,509,45952
-22570,509,45952
-22570,509,45952
-22570,509,45952
-22570,509,45952
-22570,509,45952
-22570,509,45952
-22570,509,45952
-22570,509,45952
-22570,509,45952
-22570,509,45952
-22570,509,45952
-22570,509,45952
-22570,509,45952
-22570,509,45952
-22570,509,45952
-22570,509,45952
-22570,509,45952
-22570,509,45952
-22570,509,45952
-22570,509,45952
-22570,509,45952
-22570,509,45952
-22570,509,45952
-22570,509,45952
-22570,509,45952
-22570,509,45952
-22570,509,45952
-22570,509,45952
-22570,509,45952
-22570,509,45952
-22570,509,45952
-22570,509,45952
-22570,509,45952
-22570,509,45952
-22570,509,45952
-22570,509,45952
-22570,509,45952
-22570,509,45952
-22570,509,45952
-22570,509,45952
-22570,509,45952
-22570,509,45952
-22570,509,45952
-22570,509,45952
-22570,509,45952
-22570,509,45952
-22570,509,45952
-22570,509,45952
-22570,509,45952
-22570,509,45952
-22570,509,45952
-22570,509,45952
-22570,509,45952
-22570,509,45952
-22570,509,45952
-22570,509,45952
-22570,509,45952
-22570,509,45952
-22570,509,45952
-22570,509,45952
-22570,509,45952
-22570,509,45952
-22570,509,45952
-22570,509,45952
-22570,509,45952
-22570,509,45952
-22570,509,45952
-22570,509,45952
-22570,509,45952
-22570,509,45952
-22570,509,45952
-22570,509,45952
-22570,509,45952
-22570,509,45952
-22570,509,45952
-22570,509,45952
-22570,509,45952
-22570,509,45952
-22570,509,45952
-22570,509,45952
-22570,509,45952
-22570,509,45952
-22570,509,45952
-22570,509,45952
-22570,509,45952
-22570,509,45952
-22570,509,45952
-22570,509,45952
-22570,509,45952
-22570,509,45952
-22570,509,45952
-22570,509,45952
-22570,509,45952
-22570,509,45952
-22570,509,45952
-22570,509,45952
-22570,509,45952
-22570,509,45952
-22570,509,45952
-22570,509,45952
-22570,509,45952
-22570,509,45952
-22570,509,45952
-22570,509,45952
-22570,509,45952
-22570,509,45952
-22570,509,45952
-22570,509,45952
-22570,509,45952
-22570,509,45952
-22570,509,45952
-22570,509,45952
-22570,509,45952
-22570,509,45952
-22570,509,45952
-22570,509,45952
-22570,509,45952
-22570,509,45952
-22570,509,45952
-22570,509,45952
-22570,509,45952
-22570,509,45952
-22570,509,45952
-22570,509,45952
-22570,509,45952
-22570,509,45952
-22570,509,45952
-22570,509,45952
-22570,509,45952
-22570,509,45952
-22570,509,45952
-22570,509,45952
-22570,509,45952
-22570,509,45952
-22570,509,45952
-22570,509,45952
-22570,509,45952
-22570,509,45952
-22570,509,45952
-22570,509,45952
-22570,509,45952
-22570,509,45952
-22570,509,45952
-22570,509,45952
-22570,509,45952
-22570,509,45952
-22570,509,45952
-22570,509,45952
-22570,509,45952
-22570,509,45952
-22570,509,45952
-22570,509,45952
-22570,509,45952
-22570,509,45952
-22570,509,45952
-22570,509,45952
-22570,509,45952
-22570,509,45952
-22570,509,45952
-22570,509,45952
-22570,509,45952
-22570,509,45952
-22570,509,45952
-22570,509,45952
-22570,509,45952
-22570,509,45952
-22570,509,45952
-22570,509,45952
-22570,509,45952
-22570,509,45952
-22570,509,45952
-22570,509,45952
-22570,509,45952
-22570,509,45952
-22570,509,45952
-22570,509,45952
-22570,509,45952
-22570,509,45952
-22570,509,45952
-22570,509,45952
-22570,509,45952
-22570,509,45952
-22570,509,45952
-22570,509,45952
-22570,509,45952
-22570,509,45952
-22570,509,45952
-22570,509,45952
-22570,509,45952
-22570,509,45952
-22570,509,45952
-22570,509,45952
-22570,509,45952
-22570,509,45952
-22570,509,45952
-22570,509,45952
-22570,509,45952
-22570,509,45952
-22570,509,45952
-22570,509,45952
-22570,509,45952
-22570,509,45952
-22570,509,45952
-22570,509,45952
-22570,509,45952
-22570,509,45952
-22570,509,45952
-22570,509,45952
-22570,509,45952
-22570,509,45952
-22570,509,45952
-22570,509,45952
-22570,509,45952
-22570,509,45952
-22570,509,45952
-22570,509,45952
-22570,509,45952
-22570,509,45952
-22570,509,45952
-22570,509,45952
-22570,509,45952
-22570,509,45952
-22570,509,45952
-22570,509,45952
-22570,509,45952
-22570,509,45952
-22570,509,45952
-22570,509,45952
-22570,509,45952
-22570,509,45952
-22570,509,45952
-22570,509,45952
-22570,509,45952
-22570,509,45952
-22570,509,45952
-22570,509,45952
-22570,509,45952
-22570,509,45952
-22570,509,45952
-22570,509,45952
-22570,509,45952
-22570,509,45952
-22570,509,45952
-22570,509,45952
-22570,509,45952
-22570,509,45952
-22570,509,45952
-22570,509,45952
-22570,509,45952
-22570,509,45952
-22570,509,45952
-22570,509,45952
-22570,509,45952
-22570,509,45952
-22570,509,45952
-22570,509,45952
-22570,509,45952
-22570,509,45952
-22570,509,45952
-22570,509,45952
-22570,509,45952
-22570,509,45952
-22570,509,45952
-22570,509,45952
-22570,509,45952
-22570,509,45952
-22570,509,45952
-22570,509,45952
-22570,509,45952
-22570,509,45952
-22570,509,45952
-22570,509,45952
-22570,509,45952
-22570,509,45952
-22570,509,45952
-22570,509,45952
-22570,509,45952
-22570,509,45952
-22570,509,45952
-22570,509,45952
-22570,509,45952
-22570,509,45952
-22570,509,45952
-22570,509,45952
-22570,509,45952
-22570,509,45952
-22570,509,45952
-22570,509,45952
-22570,509,45952
-22570,509,45952
-22570,509,45952
-22570,509,45952
-22570,508,45952
-22570,509,45952
-22570,509,45952
-22570,509,45952
-22570,509,45952
-22570,509,45952
-22570,509,45952
-22570,509,45952
-22570,509,45952
-22570,509,45952
-22570,509,45952
-22570,509,45952
-22570,509,45952
-22570,509,45952
-22570,509,45952
-22570,509,45952
-22570,509,45952
-22570,509,45952
-22570,509,45952
-22570,509,45952
-22570,509,45952
-22570,509,45952
-22570,509,45952
-22570,509,45952
-22570,509,45952
-22570,509,45952
-22570,509,45952
-22570,509,45952
-22570,509,45952
-22570,509,45952
-22570,509,45952
-22570,509,45952
-22570,509,45952
-22570,509,45952
-22570,509,45952
-22570,509,45952
-22570,509,45952
-22570,509,45952
-22570,509,45952
-22570,509,45952
-22570,509,45952
-22570,509,45952
-22570,509,45952
-22570,509,45952
-22570,509,45952
-22570,509,45952
-22570,509,45952
-22570,509,45952
-22570,509,45952
-22570,509,45952
-22570,509,45952
-22570,509,45952
-22570,509,45952
-22570,509,45952
-22570,509,45952
-22570,509,45952
-22570,509,45952
-22570,509,45952
-22570,509,45952
-22570,509,45952
-22570,509,45952
-22570,509,45952
-22570,509,45952
-22570,509,45952
-22570,509,45952
-22570,509,45952
-22570,509,45952
-22570,509,45952
-22570,509,45952
-22570,509,45952
-22570,509,45952
-22570,509,45952
-22570,509,45952
-22570,509,45952
-22570,509,45952
-22570,509,45952
-22570,509,45952
-22570,509,45952
-22570,509,45952
-22570,509,45952
-22570,509,45952
-22570,509,45952
-22570,509,45952
-22570,509,45952
-22570,509,45952
-22570,509,45952
-22570,509,45952
-22570,509,45952
-22570,509,45952
-22570,509,45952
-22570,509,45952
-22570,509,45952
-22570,509,45952
-22570,509,45952
-22570,509,45952
-22570,509,45952
-22570,509,45952
-22570,509,45952
-22570,509,45952
-22570,509,45952
-22570,509,45952
-22570,509,45952
-22570,509,45952
-22570,509,45952
-22570,509,45952
-22569,508,45952
-22565,503,45948
-22557,494,45940
-22556,493,45940
-22551,487,45935
-22543,480,45929
-22537,471,45923
-22509,440,45897
-22506,509,45895
-22500,435,45889
-26258,490,54068
-26258,490,54068
-26258,490,54068
-22041,510,45470
-21171,511,44672
-20206,514,43786
-19219,516,42879
-18213,518,41953
-17187,520,41008
-16142,522,40045
-15079,525,39064
4906,-123,21894
7239,-163,18679
7462,-232,18338
8965,-193,16056
14803,-443,-153594
14435,-350,-153993
14419,-444,-154019
14198,-433,-154198
14197,-248,-154175
14157,-360,-154214
14151,-284,-154207
14140,-315,-154217
14096,-391,-154247
14060,-410,-154260
14058,-375,-154257
14029,-300,-154253
13984,-255,-154246
13982,-248,-154245
13975,-250,-154244
-22448,376,45842
-22438,363,45832
-22434,362,45829
-22404,326,45801
-22386,313,45785
-22347,263,45749
-22261,206,45670
-22210,121,45623
-22202,111,45616
-22180,92,45596
-22163,68,45580
-25680,8,52828
-25726,26,52925
-25673,28,52816
-25721,42,52916
-25715,61,52906
-25767,62,53013
-25762,77,53005
-25757,94,52995
-25808,98,53101
-25804,111,53093
-25799,127,53084
-25849,133,53189
-25845,146,53182
-25890,169,53277
-25840,160,53174
-25886,180,53271
-25882,193,53263
-25931,205,53365
-25928,214,53359
-25924,226,53353
-25972,240,53453
-25969,249,53448
-25966,259,53442
-26008,292,53532
-26013,276,53541
-26010,283,53537
-26054,311,53629
-26052,318,53625
-26049,325,53621
-26095,347,53717
-26093,352,53714
-26136,383,53805
-26091,358,53711
-26134,386,53802
-26133,391,53800
-26176,421,53891
-26175,424,53889
-26176,418,53892
-26217,457,53979
-26217,454,53980
-26217,455,53980
-22104,15,45526
4638,-44,22260
6782,-23,19366
7013,-94,19021
8710,-13,16487
29394,-7,-27201
29673,-26,-27934
29950,-45,-28668
30226,-64,-29403
30500,-82,-30138
30500,-82,-30138
30540,-86,-30249
30579,-89,-30360
30619,-93,-30472
30658,-96,-30584
30698,-100,-30697
30738,-103,-30810
30778,-107,-30924
30819,-111,-31039
30859,-114,-31154
30900,-118,-31269
30941,-121,-31385
30982,-125,-31502
31023,-129,-31619
31064,-132,-31737
31106,-136,-31856
31148,-139,-31975
31190,-143,-32095
31232,-146,-32216
31274,-150,-32337
31317,-154,-32459
31359,-157,-32581
31402,-161,-32704
31445,-164,-32828
31489,-168,-32953
31532,-171,-33078
31576,-175,-33204
31620,-178,-33331
31664,-182,-33459
31708,-185,-33587
31753,-189,-33716
31798,-192,-33846
31843,-196,-33977
31888,-199,-34108
31934,-202,-34240
31979,-206,-34374
32025,-209,-34508
32071,-213,-34642
32118,-216,-34778
32165,-220,-34915
32211,-223,-35053
32257,-226,-35191
32303,-230,-35330
32349,-233,-35471
32395,-236,-35612
32442,-240,-35755
32489,-243,-35898
32537,-246,-36048
32586,-250,-36204
32636,-253,-36361
32685,-256,-36518
32735,-260,-36677
32785,-263,-36837
32836,-266,-36999
32886,-269,-37161
32938,-273,-37324
32989,-276,-37489
33041,-279,-37655
33092,-282,-37822
33145,-285,-37991
33197,-289,-38160
33250,-292,-38331
33303,-295,-38504
33357,-298,-38677
33411,-301,-38852
33465,-304,-39028
33519,-307,-39205
33573,-310,-39383
33628,-313,-39563
33684,-316,-39745
33739,-319,-39928
33795,-323,-40113
33852,-326,-40299
33908,-328,-40487
33965,-331,-40677
34023,-334,-40868
34081,-337,-41061
34139,-340,-41256
34198,-343,-41453
34257,-346,-41652
34316,-349,-41852
34376,-352,-42055
34435,-355,-42255
34494,-357,-42457
34554,-360,-42661
34614,-363,-42868
34675,-366,-43076
34736,-368,-43287
34798,-371,-43501
34860,-374,-43716
34923,-377,-43934
34986,-379,-44155
35049,-382,-44378
35113,-384,-44604
35178,-387,-44832
35243,-390,-45063
35308,-392,-45297
35374,-394,-45547
35441,-397,-45800
35508,-399,-46057
35576,-402,-46316
35644,-404,-46579
35713,-406,-46845
35783,-409,-47114
35852,-411,-47386
35923,-413,-47662
35994,-415,-47942
36065,-417,-48225
36137,-420,-48512
36210,-422,-48803
36283,-424,-49097
36356,-426,-49396
36430,-428,-49699
36505,-430,-50006
36580,-432,-50318
36656,-433,-50634
36733,-435,-50954
36810,-437,-51280
36887,-439,-51610
36965,-440,-51945
37044,-442,-52286
37123,-444,-52632
37203,-445,-52983
37283,-447,-53340
37364,-448,-53703
37445,-449,-54072
37515,-451,-54438
37585,-452,-54810
37656,-453,-55190
37728,-454,-55576
37800,-455,-55969
37872,-456,-56369
37945,-457,-56777
38018,-458,-57192
38092,-459,-57616
38166,-460,-58048
38241,-461,-58489
38316,-461,-58938
38391,-462,-59396
38467,-462,-59865
38543,-462,-60342
38619,-463,-60831
38695,-463,-61329
38771,-463,-61839
38848,-463,-62360
38924,-463,-62893
39000,-462,-63438
39077,-462,-63996
39153,-461,-64567
39228,-461,-65152
39304,-460,-65751
39378,-459,-66366
39452,-458,-66996
39526,-457,-67642
39598,-456,-68305
39669,-454,-68983
39739,-452,-69680
39808,-451,-70396
39875,-449,-71133
39940,-447,-71882
40003,-446,-72635
40063,-444,-73391
40122,-442,-74150
40177,-441,-74911
40230,-440,-75674
40280,-438,-76440
40313,-436,-77240
40326,-435,-78079
40336,-433,-78920
40342,-431,-79763
40344,-430,-80609
40342,-428,-81458
40336,-426,-82307
40326,-425,-83160
40310,-423,-84018
40289,-421,-84881
40215,-419,-85829
40133,-417,-86786
40041,-415,-87759
39939,-412,-88748
39825,-409,-89758
39697,-406,-90788
39542,-402,-91871
39338,-398,-93048
39121,-393,-94245
38889,-389,-95468
38641,-385,-96720
38371,-381,-98007
38063,-378,-99385
37705,-374,-100887
37293,-370,-102517
36822,-365,-104282
36277,-361,-106159
35659,-356,-108185
34960,-351,-110367
34173,-345,-112709
33288,-339,-115220
32805,-336,-116545
31755,-330,-119173
30614,-323,-121943
29355,-316,-124886
27947,-309,-128033
26436,-302,-131239
25006,-294,-134263
23659,-288,-137088
22398,-282,-139726
21224,-276,-142177
20135,-271,-144440
19133,-266,-146515
18175,-262,-148297
17293,-258,-149813
16559,-255,-151013
15915,-253,-152021
15356,-251,-152841
14883,-250,-153473
14497,-249,-153918
