14007,11,-154238
14030,160,-154226
14035,91,-154259
14057,113,-154274
14056,326,-154208
14075,290,-154253
14099,277,-154266
14148,456,-154247
14088,506,-154184
14123,512,-154238
14124,702,-154153
14204,648,-154214
14180,756,-154214
14165,914,-154117
14233,973,-154181
14268,855,-154168
14212,1141,-154075
14285,1166,-154136
14264,1384,-154028
14342,1369,-154083
14251,1743,-153821
14323,1642,-153975
14405,1584,-154019
14292,1954,-153765
14388,1915,-153916
14474,1808,-153944
14551,2043,-153858
14336,2175,-153705
14460,2202,-153854
14636,2288,-153759
14384,2407,-153641
14540,2505,-153786
14436,2649,-153574
14613,2763,-153710
14493,2901,-153504
14681,2985,-153622
14555,3163,-153431
14755,3215,-153526
14621,3435,-153355
14836,3452,-153420
14923,3697,-153304
14693,3717,-153277
15018,3951,-153176
14770,4008,-153196
15127,4242,-153023
14855,4314,-153111
14953,4662,-153011
14736,4915,-152618
15061,5038,-152900
14799,5186,-152527
15158,5346,-152768
14868,5471,-152431
15248,5607,-152624
15343,5870,-152469
14941,5760,-152332
15018,6050,-152229
15444,6139,-152305
15099,6337,-152119
15552,6413,-152131
15181,6624,-152004
15666,6690,-151945
15790,6971,-151748
15269,6914,-151887
15359,7206,-151766
15455,7501,-151644
15554,7796,-151519
15658,8092,-151391
15766,8384,-151258
15867,8637,-151115
15963,8862,-150957
16065,9089,-150791
16173,9319,-150616
16287,9551,-150432
16410,9786,-150238
16541,10021,-150030
15547,9772,-150262
15617,9986,-150174
15689,10200,-150083
15764,10414,-149989
15841,10629,-149895
15922,10845,-149800
16006,11060,-149704
16093,11276,-149608
16184,11491,-149512
16278,11704,-149414
16376,11916,-149317
16478,12123,-149217
16584,12326,-149117
16686,12509,-148992
16787,12678,-148843
16893,12848,-148685
17006,13018,-148518
17126,13187,-148341
17254,13357,-148154
17391,13524,-147955
16546,15713,-146986
16616,15825,-146948
16686,15938,-146906
16758,16048,-146863
16833,16157,-146821
16910,16264,-146780
16990,16369,-146739
17072,16469,-146699
17158,16567,-146660
17433,16833,-146550
17531,16910,-146517
17630,16994,-146435
17732,17087,-146310
17840,17177,-146178
17955,17264,-146036
18077,17347,-145884
18208,17427,-145720
18348,17503,-145543
17247,16661,-146624
17338,16749,-146586
19273,21996,-142942
19412,21954,-142804
18612,22153,-143467
18704,22105,-143451
18804,22094,-143369
18910,22078,-143279
19023,22057,-143178
19144,22030,-143067
18528,22245,-143411
18447,22330,-143357
18368,22408,-143305
18291,22479,-143252
18217,22544,-143202
18145,22602,-143152
18075,22656,-143103
18005,22707,-143053
17935,22759,-143000
17864,22814,-142944
17793,22870,-142885
17722,22926,-142825
20520,26611,-139862
20387,26801,-139947
20638,27127,-139476
20264,26979,-140015
20150,27148,-140069
20043,27309,-140110
20112,27646,-139871
19944,27464,-140139
19850,27613,-140160
19772,27833,-140090
19710,28144,-139912
20438,28533,-139072
20797,29467,-138192
19649,28447,-139735
19764,28439,-139709
19590,28741,-139558
20066,29395,-139004
21192,30445,-137222
21627,31463,-136148
19533,29028,-139382
19477,29307,-139209
19491,29392,-139152
19422,29583,-139037
19726,30152,-138608
20362,30279,-138286
20658,31099,-137549
20978,31954,-136748
19364,29861,-138857
19303,30141,-138672
19241,30423,-138483
19978,30960,-138019
20250,31816,-137383
20542,32720,-136694
21327,32841,-135876
21707,33756,-134923
22122,34694,-133879
22577,35649,-132731
19176,30705,-138290
19109,30990,-138093
19329,31038,-138059
19040,31276,-137891
19526,31652,-137629
19735,32300,-137168
19957,32981,-136674
20858,33672,-135948
21167,34542,-135185
21477,35339,-134396
21810,36157,-133545
20192,33697,-136145
20441,34448,-135578
20705,35235,-134966
20985,36058,-134308
22172,36990,-132621
22564,37834,-131617
22992,38681,-130522
23458,39523,-129325
19346,33807,-136121
19530,34336,-135753
19722,34886,-135363
19923,35458,-134948
20134,36054,-134508
20354,36674,-134040
21284,36916,-133600
21602,37809,-132837
21917,38617,-132048
22234,39352,-131227
22576,40094,-130342
22945,40837,-129385
23345,41572,-128348
23779,42292,-127221
24253,42985,-125991
20587,37318,-133541
20830,37986,-133009
21087,38679,-132442
21359,39396,-131835
21646,40135,-131187
21950,40897,-130490
22273,41679,-129742
22593,42387,-128951
22917,43028,-128113
23264,43665,-127211
23638,44288,-126236
24042,44891,-125180
24481,45459,-124032
24958,45982,-122782
19853,38276,-132906
20043,38777,-132532
20240,39292,-132139
20447,39823,-131725
20663,40368,-131289
20890,40928,-130829
24239,47323,-123191
24651,47778,-122126
25099,48197,-120963
25586,48565,-119689
26140,50855,-116651
21128,41502,-130342
21378,42090,-129826
21641,42691,-129279
21918,43307,-128696
22211,43935,-128074
22520,44574,-127408
22847,45222,-126693
23173,45807,-125917
23503,46332,-125077
23857,46839,-124171
24357,49647,-121209
24750,50013,-120216
25176,50345,-119134
25638,50631,-117951
26093,52777,-114995
26596,52789,-113698
26964,54451,-110798
20294,42570,-129664
20487,43014,-129299
20687,43468,-128917
20896,43932,-128515
21115,44404,-128093
21343,44885,-127649
21583,45374,-127180
21835,45871,-126686
22100,46371,-126164
22379,46875,-125609
22675,47379,-125021
22989,47881,-124395
23322,48383,-123725
23654,48841,-122968
23993,49254,-122123
24058,51578,-120077
24408,51901,-119219
24785,52197,-118289
25191,52459,-117278
25627,52660,-116183
25544,54590,-114409
25980,54632,-113312
26451,54593,-112113
26747,56211,-109264
27270,55949,-107916
27002,57688,-106445
27533,57308,-105069
27754,58520,-102278
27934,59587,-99561
21055,47289,-125769
21267,47672,-125388
21487,48059,-124988
21717,48451,-124568
21959,48844,-124125
22212,49239,-123658
22478,49634,-123164
22760,50031,-122640
23059,50428,-122079
23376,50824,-121477
23716,51217,-120830
24057,53806,-117990
24406,54085,-117230
24761,54310,-116358
25140,54482,-115420
25417,56435,-112643
25826,56434,-111613
26267,56365,-110491
26063,58104,-108852
26513,57944,-107701
26722,59387,-104952
27217,59024,-103675
27394,60216,-100965
27532,61260,-98340
28074,60498,-96940
28177,61259,-94418
28250,61878,-91994
28297,62378,-89662
28320,62775,-87411
28324,63075,-85231
28312,63288,-83115
28286,63423,-81042
20655,46538,-126477
20851,46911,-126132
21784,51302,-122007
22018,51609,-121610
22264,51919,-121189
22521,52232,-120742
22793,52547,-120266
23081,52864,-119756
23386,53180,-119211
23711,53495,-118624
23667,55723,-116383
23995,55943,-115814
24338,56125,-115212
24683,56269,-114471
25037,56377,-113593
24898,58190,-111780
25258,58213,-110882
25646,58188,-109909
25443,59909,-108199
25839,59809,-107203
26264,59641,-106124
26430,61045,-103444
26894,60692,-102256
26561,62310,-100824
27029,61853,-99631
27126,62863,-97095
27631,62150,-95812
27189,63724,-94662
27699,62894,-93385
27740,63516,-91054
27757,64027,-88806
27755,64434,-86633
27737,64748,-84527
27704,64979,-82462
28247,63494,-79008
27660,65139,-80442
28197,63509,-77025
28135,63431,-75109
28062,63303,-73242
27978,63148,-71425
27883,62972,-69657
27780,62766,-67935
27669,62515,-66261
27551,62208,-64636
27426,61874,-63050
27293,61525,-61504
27154,61164,-59998
27007,60797,-58532
26854,60431,-57105
26694,60058,-55722
26529,59672,-54388
26358,59294,-53089
26180,58926,-51822
25997,58563,-50583
25808,58209,-49374
25613,57872,-48192
25411,57549,-47035
25204,57239,-45904
24995,56940,-44797
24787,56633,-43728
24576,56339,-42682
24361,56059,-41655
24143,55793,-40647
23920,55541,-39649
23694,55303,-38652
23464,55074,-37672
20935,50101,-123393
21136,50397,-123072
21344,50696,-122735
21560,50998,-122381
22020,54226,-119108
22262,54473,-118727
22515,54722,-118320
22780,54973,-117885
23060,55224,-117418
23355,55476,-116919
23577,57857,-114132
23884,57980,-113630
24208,58076,-113094
24550,58141,-112519
24369,59983,-110430
24718,59972,-109868
25074,59954,-109120
25219,61593,-106488
25596,61478,-105551
25998,61300,-104538
25716,62918,-102951
26125,62658,-101929
26216,63874,-99387
26655,63428,-98283
26274,64943,-96933
26716,64398,-95840
26745,65239,-93501
27224,64459,-92329
26750,65959,-91254
27235,65078,-90083
27226,65587,-87915
27201,65997,-85816
27162,66320,-83760
27111,66567,-81751
27051,66748,-79793
27606,65238,-78470
27541,65256,-76557
27468,65204,-74701
27381,65121,-72886
27286,65005,-71116
27182,64860,-69390
27069,64687,-67707
26946,64457,-66082
26814,64210,-64498
26675,63949,-62953
26529,63670,-61445
26377,63379,-59973
26218,63081,-58536
26054,62768,-57137
25887,62422,-55782
25715,62074,-54460
25538,61726,-53168
25356,61383,-51907
25170,61048,-50676
24973,60731,-49472
24772,60426,-48295
24564,60132,-47139
24350,59851,-46005
24135,59560,-44907
23233,54848,-36715
22997,54631,-35768
22758,54427,-34833
22516,54232,-33911
22276,54039,-33007
22039,53841,-32127
21811,53621,-31280
21588,53396,-30455
21136,53283,-120419
21350,53507,-120123
21565,53743,-119805
21788,53982,-119467
21733,56558,-116921
21968,56745,-116596
22209,56938,-116248
22460,57133,-115876
22722,57331,-115479
22996,57526,-115056
23281,57704,-114608
23150,59814,-112290
23434,59888,-111872
23731,59942,-111427
24041,59973,-110948
23838,61829,-108765
24159,61801,-108298
24497,61753,-107793
24854,61677,-107242
24593,63397,-105184
24961,63259,-104653
25333,63107,-103900
25037,64709,-102113
25416,64488,-101369
25804,64221,-100413
25468,65731,-98905
25859,65381,-97953
25880,66413,-95591
26299,65883,-94585
25874,67313,-93333
26298,66696,-92334
26276,67389,-90168
26734,66563,-89088
26237,67975,-88077
26703,67064,-86996
26657,67473,-84945
26599,67802,-82948
26531,68063,-81002
26455,68260,-79103
26981,66858,-77886
26902,66882,-76040
26369,68362,-77268
26813,66874,-74236
26273,68421,-75475
26715,66823,-72472
26608,66737,-70745
26493,66622,-69055
26370,66447,-67420
26237,66245,-65825
26097,66028,-64267
25949,65800,-62748
25792,65566,-61266
25628,65329,-59820
25456,65088,-58409
25281,64814,-57048
25098,64537,-55717
24908,64261,-54414
24711,63988,-53138
24504,63724,-51888
23915,59281,-43826
23689,59015,-42764
23458,58763,-41719
23223,58525,-40670
22983,58300,-39637
22740,58087,-38621
22496,57873,-37630
22248,57672,-36652
21368,53159,-29661
21152,52916,-28889
20941,52666,-28139
20739,52398,-27417
20542,52125,-26714
20347,51848,-26027
20155,51570,-25351
19962,51295,-24683
19773,51016,-24032
19584,50740,-23389
19395,50469,-22754
21255,56230,-117485
21496,56386,-117216
21573,59110,-114310
21838,59220,-114041
22100,59345,-113743
22356,59479,-113413
22613,59607,-113058
22877,59720,-112685
22701,61795,-110314
22968,61825,-109967
23245,61839,-109596
23535,61840,-109196
23303,63699,-106934
23602,63651,-106546
23916,63588,-106128
24246,63505,-105675
23965,65217,-103526
24304,65078,-103091
24660,64911,-102621
24334,66520,-100563
24699,66292,-100117
25083,66026,-99636
24706,67557,-97689
25097,67221,-97242
25486,66849,-96531
25082,68278,-94947
25476,67831,-94262
25443,68687,-92088
25847,68091,-91164
25392,69426,-89991
25802,68756,-89071
25742,69322,-87030
26185,68466,-86032
25670,69801,-85049
26119,68872,-84043
25587,70204,-83121
26044,69206,-82107
25961,69474,-80221
25867,69662,-78393
25765,69787,-76612
26171,68437,-73720
25655,69866,-74866
26060,68415,-71999
25538,69904,-73151
25941,68356,-70311
25814,68243,-68670
25679,68090,-67069
25537,67917,-65503
25387,67730,-63972
25228,67533,-62474
25058,67335,-61005
24876,67137,-59566
24684,66917,-58171
24482,66700,-56808
24268,66493,-55476
24289,63468,-50661
24069,63214,-49456
23844,62963,-48270
23613,62717,-47103
23382,62459,-45972
23146,62212,-44861
22906,61976,-43769
22662,61753,-42683
22413,61541,-41605
21998,57481,-35689
21747,57293,-34743
21500,57102,-33821
21258,56899,-32927
21024,56681,-32064
20791,56461,-31224
20561,56231,-30410
19208,50199,-22134
19020,49933,-21520
18832,49672,-20912
18396,48946,-19660
17946,48201,-18389
17490,47433,-17104
17025,46628,-15799
21307,59009,-114553
21302,61642,-111625
21587,61679,-111408
21872,61711,-111173
22155,61738,-110916
22432,61765,-110631
22129,63882,-108143
22430,63824,-107896
22726,63774,-107615
23015,63734,-107293
22701,65633,-104927
23021,65528,-104637
23332,65431,-104303
23642,65333,-103929
23323,67046,-101706
23654,66886,-101361
23987,66716,-100977
23629,68333,-98847
23978,68104,-98495
24334,67849,-98106
23940,69356,-96090
24306,69040,-95739
24685,68683,-95357
24252,70087,-93471
25043,69204,-92753
24639,69671,-93128
24985,70010,-90638
24572,70534,-90977
24911,70709,-88587
25326,70064,-87952
24823,71312,-86601
25246,70610,-85975
25157,71077,-84054
25059,71474,-82186
25497,70538,-81245
24949,71816,-80367
25395,70806,-79422
24829,72064,-78605
25284,70994,-77653
25167,71132,-75917
25041,71230,-74210
25413,69905,-71470
24905,71291,-72531
25282,69856,-69829
24757,71317,-70881
25141,69757,-68226
24596,71291,-69271
24988,69639,-66650
24824,69508,-65103
24647,69369,-63582
24457,69226,-62085
24255,69081,-60615
24045,68914,-59185
23826,68740,-57789
24046,66296,-54176
23812,66112,-52904
23573,65930,-51659
23329,65751,-50437
23081,65576,-49237
22829,65403,-48058
22577,65211,-46911
22160,61340,-40543
21904,61151,-39497
21648,60958,-38478
21388,60772,-37471
21127,60589,-36481
20869,60403,-35514
20337,55991,-29623
20119,55740,-28863
19908,55478,-28129
19701,55213,-27413
19496,54950,-26712
19292,54690,-26021
19088,54432,-25340
18888,54169,-24675
18687,53911,-24016
18487,53657,-23366
16553,45792,-14477
16075,44931,-13143
15591,44046,-11797
15102,43136,-10441
14605,42204,-9075
21228,64034,-108749
21527,63989,-108566
21828,63938,-108365
21727,65966,-105602
22051,65855,-105404
22376,65744,-105179
22283,67551,-102488
22633,67383,-102261
22982,67212,-102003
22525,69031,-99637
22898,68801,-99410
23269,68566,-99151
23174,69970,-96654
23564,69663,-96395
23865,70476,-93776
23460,70863,-94028
24171,71010,-91280
23755,71476,-91531
24488,71284,-88896
24062,71829,-89160
23615,72369,-89364
24386,71941,-86883
23929,72557,-87104
24725,71834,-84674
24264,72524,-84923
24615,72290,-82799
24119,73050,-83008
24486,72700,-80964
23954,73525,-81128
24339,73020,-79178
24696,72267,-76873
24176,73290,-77423
24549,72434,-75163
23999,73522,-75692
24389,72567,-73477
24217,72670,-71815
24034,72711,-70194
24421,71240,-67680
23839,72727,-68596
24235,71173,-66115
23634,72721,-67020
24037,71094,-64574
23828,71007,-63056
23609,70913,-61564
23382,70797,-60107
23147,70668,-58683
23597,68571,-56420
23357,68415,-55083
23107,68272,-53779
22850,68138,-52507
22587,68014,-51262
22318,67899,-50042
22044,67790,-48847
22321,65022,-45783
22062,64838,-44669
21800,64659,-43552
21535,64485,-42451
21268,64317,-41365
20998,64152,-40292
20614,60211,-34573
20368,60002,-33665
20128,59783,-32786
19888,59562,-31929
19654,59332,-31100
19428,59089,-30303
19213,58828,-29540
18289,53403,-22731
18092,53152,-22105
17897,52903,-21488
17470,52175,-20234
17035,51401,-18954
16595,50602,-17663
14101,41256,-7702
13590,40298,-6333
13070,39335,-4964
12536,38367,-3589
21097,66172,-105945
21407,66074,-105780
20942,68150,-103189
21258,68020,-103030
21590,67875,-102865
21935,67716,-102688
21428,69667,-100172
21783,69470,-100009
22152,69255,-99835
22779,70269,-96876
22383,70558,-97069
21988,70836,-97236
23045,71242,-94238
22627,71607,-94416
22208,71955,-94567
23322,71936,-91731
22883,72380,-91897
22442,72807,-92031
23156,72894,-89523
22692,73398,-89644
23452,73163,-87266
22965,73749,-87383
23774,73207,-85101
23265,73875,-85222
23594,73800,-83143
23055,74524,-83223
23396,74329,-81223
23771,73920,-79293
23183,74790,-79344
23574,74244,-77498
23365,74526,-75730
23811,73715,-73986
23144,74765,-73986
23612,73876,-72303
23402,73979,-70656
23182,74047,-69035
22952,74093,-67435
23417,72699,-65465
22710,74119,-65854
23190,72666,-63931
22953,72623,-62420
22708,72559,-60941
22456,72476,-59497
22902,70541,-57287
22196,72393,-58078
22645,70426,-55919
22380,70317,-54581
22110,70215,-53275
21834,70121,-52000
21554,70034,-50754
21770,67663,-47687
21494,67537,-46546
21216,67413,-45410
20938,67291,-44285
20658,67170,-43178
20729,63983,-39247
20460,63816,-38222
20195,63645,-37220
19935,63464,-36246
19681,63275,-35298
19438,63063,-34388
19002,58562,-28798
18796,58295,-28073
18590,58032,-27361
18384,57774,-26659
18181,57517,-25973
17980,57258,-25299
17779,57004,-24634
17577,56753,-23974
17377,56505,-23326
16148,49772,-16354
15691,48902,-15023
15229,48007,-13679
14760,47085,-12322
14285,46137,-10953
11981,37386,-2201
11400,36392,-804
10794,35395,601
10166,34397,2016
20768,70004,-100477
21090,69844,-100328
20571,71720,-97808
21609,71091,-97391
20902,71531,-97678
21247,71322,-97539
21802,72279,-94703
21414,72572,-94833
21044,72836,-94953
22007,73207,-92144
21592,73571,-92251
21196,73900,-92349
22228,73879,-89734
21784,74319,-89815
22473,74310,-87461
21995,74831,-87520
22748,74520,-85298
22233,75130,-85341
21742,75686,-85373
22509,75218,-83260
21980,75860,-83277
22827,75104,-81266
22258,75835,-81270
22584,75619,-79343
22001,76379,-79325
22955,75162,-77511
22331,76032,-77477
22714,75486,-75704
22073,76386,-75647
22464,75766,-73926
22912,74969,-72263
22208,76005,-72174
22670,75125,-70571
21947,76195,-70451
22419,75230,-68911
22163,75306,-67274
21901,75360,-65662
22460,74131,-64294
21636,75394,-64076
22202,74129,-62758
21941,74104,-61256
21678,74051,-59793
21406,74001,-58359
21927,72315,-56690
21654,72237,-55332
21379,72160,-54005
21100,72087,-52708
20817,72019,-51441
21272,69953,-49538
20991,69855,-48362
20708,69763,-47206
20423,69675,-46054
20136,69595,-44924
20379,67052,-42087
20099,66936,-41012
19822,66810,-39962
19549,66674,-38938
19282,66523,-37939
19197,62845,-33504
18961,62622,-32643
18731,62390,-31809
18511,62140,-31012
18300,61869,-30246
18093,61596,-29498
17888,61326,-28763
17683,61060,-28040
17478,60800,-27327
17178,56258,-22692
16982,56013,-22070
16573,55254,-20810
16157,54465,-19533
15733,53636,-18234
15303,52780,-16921
13803,45162,-9573
13316,44161,-8182
12823,43132,-6786
12322,42080,-5380
11809,41000,-3959
10130,37577,437
9517,33387,3446
8848,32361,4884
20689,73077,-95067
20350,73297,-95176
20817,74201,-92444
20455,74474,-92533
20109,74725,-92619
21360,74718,-89889
20955,75083,-89960
20570,75417,-90028
21540,75306,-87571
21107,75741,-87619
20694,76141,-87663
21277,76196,-85402
20835,76662,-85427
21479,76447,-83289
21004,76984,-83297
21718,76505,-81267
21208,77119,-81260
21451,77076,-79304
20929,77714,-79278
21737,76831,-77434
21176,77564,-77388
21467,77210,-75585
20893,77963,-75519
21809,76692,-73848
21190,77536,-73765
21539,76952,-72074
20908,77817,-71973
21265,77171,-70327
21682,76322,-68767
20988,77319,-68624
21412,76420,-67108
21139,76494,-65476
20863,76547,-63871
21366,75410,-62518
20585,76582,-62296
21095,75408,-60992
20818,75379,-59507
20537,75345,-58052
21131,73946,-56954
20252,75305,-56625
20853,73889,-55578
20571,73832,-54232
20287,73776,-52914
19999,73724,-51624
20532,71957,-50206
20248,71881,-49012
19962,71810,-47833
19673,71744,-46666
19381,71683,-45521
19847,69519,-43812
19558,69447,-42720
19268,69378,-41643
18982,69296,-40594
18703,69197,-39576
19022,66359,-36965
18770,66178,-36020
18527,65975,-35109
18286,65765,-34223
18052,65547,-33363
17824,65319,-32528
17608,65066,-31731
17399,64799,-30963
17277,60537,-26632
17077,60277,-25949
16877,60023,-25274
16677,59773,-24608
16476,59528,-23949
16278,59283,-23306
16083,59036,-22679
15694,58245,-21412
14862,51880,-15581
14414,50952,-14228
13961,49996,-12861
13500,49013,-11481
13033,48002,-10088
11277,39885,-2511
10715,38736,-1041
9521,36417,1925
8889,35257,3420
8164,31337,6322
20201,75724,-90093
19848,76005,-90155
20301,76509,-87705
19924,76847,-87744
19562,77159,-87781
20414,77091,-85448
20012,77486,-85466
19627,77850,-85481
20552,77478,-83302
20122,77933,-83302
19711,78352,-83300
20722,77682,-81249
20261,78200,-81234
19820,78677,-81215
20433,78301,-79248
19960,78839,-79214
20643,78236,-77338
20136,78846,-77286
20348,78655,-75450
19831,79293,-75379
20604,78310,-73680
20049,79023,-73594
20311,78612,-71871
20622,78058,-70208
20015,78873,-70094
20334,78235,-68488
19718,79078,-68358
20707,77439,-66949
20044,78374,-66799
20424,77533,-65302
19753,78488,-65139
20139,77605,-63682
19852,77659,-62091
20301,76606,-60750
19556,77707,-60527
20014,76596,-59247
19724,76577,-57772
19430,76550,-56323
19965,75261,-55227
19133,76516,-54901
19675,75215,-53856
19381,75169,-52511
19083,75124,-51194
19708,73675,-50366
19418,73612,-49143
18783,75080,-49901
19125,73554,-47931
18829,73502,-46744
18531,73456,-45580
19088,71628,-44396
18794,71579,-43291
18499,71534,-42206
18209,71477,-41153
17926,71402,-40137
18432,69081,-38585
18167,68951,-37619
17911,68799,-36685
17660,68630,-35782
17416,68448,-34903
17179,68252,-34049
17193,64532,-30210
16988,64269,-29469
16782,64010,-28738
16578,63755,-28018
16378,63494,-27318
16178,63239,-26627
15978,62987,-25945
15778,62741,-25271
15298,57423,-20128
14894,56564,-18822
14482,55673,-17499
14058,54742,-16152
13627,53780,-14789
13188,52792,-13411
12560,46960,-8686
12081,45887,-7274
11593,44787,-5849
11092,43653,-4404
9445,39978,110
8233,34092,4918
7471,30333,7757
19257,78187,-85493
19317,78738,-83294
18939,79095,-83285
19399,79116,-81192
18996,79523,-81167
18610,79899,-81141
19510,79335,-79176
19080,79794,-79138
18669,80219,-79098
19653,79404,-77235
19194,79921,-77184
18757,80397,-77132
19341,79881,-75310
18874,80425,-75241
19523,79680,-73511
19024,80288,-73430
19747,79344,-71773
19213,80021,-71680
18705,80644,-71586
19443,79624,-69986
18900,80317,-69878
19137,79854,-68233
19420,79236,-66659
18829,80028,-66520
19119,79365,-64983
18519,80174,-64833
19459,78577,-63506
18814,79472,-63335
19158,78652,-61897
18502,79567,-61713
18852,78714,-60315
19258,77712,-59003
18546,78738,-58774
18958,77705,-57508
18237,78745,-57262
18656,77691,-56040
18350,77670,-54598
18833,76481,-53506
18041,77647,-53183
18529,76445,-52138
18223,76410,-50791
17914,76372,-49460
18483,75022,-48635
18181,74971,-47396
17876,74926,-46183
18231,73416,-44437
17568,74889,-44995
17930,73382,-43315
17630,73347,-42216
17337,73293,-41156
17053,73220,-40134
17650,71314,-39151
17380,71215,-38191
17118,71094,-37267
16861,70957,-36372
16612,70807,-35502
16371,70642,-34658
16950,68044,-33220
16733,67809,-32428
16522,67562,-31662
16313,67313,-30906
16105,67065,-30161
15898,66820,-29425
15693,66574,-28704
15491,66326,-27999
15290,66081,-27303
15579,62499,-24606
15380,62258,-23953
15187,62007,-23320
14820,61187,-22048
14446,60330,-20755
14065,59438,-19443
13672,58501,-18105
12742,51775,-12020
12289,50729,-10615
11832,49650,-9203
11366,48539,-7777
10569,42473,-2928
10018,41245,-1421
8852,38687,1658
8236,37377,3222
7552,32947,6417
6831,31843,7934
6757,29362,9213
18276,80612,-79058
18338,80839,-77080
17938,81250,-77029
18428,80928,-75173
18003,81396,-75106
17597,81824,-75045
18549,80848,-73349
18097,81368,-73271
17664,81853,-73195
18222,81222,-71495
17762,81759,-71407
18384,80958,-69774
17893,81553,-69673
18585,80570,-68111
18061,81234,-67994
17562,81847,-67883
18268,80761,-66387
17736,81442,-66260
17949,80925,-64690
17406,81627,-64553
18202,80303,-63173
17623,81074,-63018
17882,80414,-61538
17294,81200,-61372
18188,79644,-60117
17559,80506,-59929
17873,79686,-58559
17236,80565,-58357
17557,79707,-57032
17926,78744,-55776
17237,79719,-55530
17612,78736,-54316
17295,78724,-52882
17729,77621,-51791
16975,78710,-51454
17414,77596,-50406
17098,77566,-49053
17606,76323,-48169
16781,77525,-47739
17295,76279,-46905
16981,76241,-45667
17258,74858,-43829
16664,76211,-44456
16948,74828,-42688
16346,76186,-43269
16643,74790,-41578
16347,74728,-40510
16774,73134,-39141
16059,74648,-39479
16500,73038,-38178
16234,72919,-37253
15975,72788,-36358
15724,72646,-35490
16137,70464,-33838
15479,72493,-34650
15915,70260,-33055
15698,70047,-32294
15482,69834,-31542
15267,69621,-30800
15053,69409,-30068
14843,69190,-29351
15089,65840,-26617
14888,65602,-25938
14688,65368,-25268
14489,65136,-24610
14296,64892,-23973
13950,64068,-22707
13597,63191,-21412
13236,62267,-20092
13269,57530,-16746
12856,56526,-15368
12434,55496,-13976
12005,54440,-12571
11568,53356,-11155
11125,52240,-9730
10891,47398,-6336
10402,46216,-4871
9888,44981,-3371
9347,43693,-1837
8190,40985,1323
7583,36056,4806
6877,34751,6418
6064,30780,9485
6001,28432,10681
17251,82306,-73120
17323,82260,-71321
16902,82729,-71237
17426,82107,-69576
16979,82624,-69480
16551,83108,-69387
17087,82417,-67776
16632,82949,-67671
17230,82076,-66137
16744,82670,-66018
16280,83226,-65901
16889,82281,-64420
16395,82891,-64291
17071,81791,-62870
16546,82460,-62728
16734,81932,-61213
16201,82615,-61061
16963,81307,-59751
16396,82053,-59581
16632,81382,-58165
16056,82144,-57981
16912,80600,-56815
16299,81430,-56609
16584,80625,-55298
15964,81468,-55078
16915,79724,-54053
16254,80641,-53800
16590,79723,-52588
15921,80652,-52310
16262,79719,-51139
16652,78694,-50049
15930,79713,-49715
16327,78672,-48676
15598,79699,-48323
16002,78639,-47340
16461,77489,-46452
15674,78610,-46031
16139,77458,-45191
15343,78587,-44749
15814,77434,-43957
15489,77409,-42752
16031,76155,-42114
15722,76110,-40995
15170,77373,-41587
15422,76041,-39919
15773,74558,-38478
15124,75959,-38880
15494,74450,-37513
14834,75865,-37872
15226,74322,-36584
14965,74181,-35685
14712,74029,-34815
15243,72327,-33838
14465,73868,-33971
15014,72145,-33056
14788,71958,-32292
14563,71770,-31538
14339,71583,-30795
14117,71395,-30061
14636,68968,-28648
13901,71196,-29348
14430,68746,-27952
14225,68525,-27265
14021,68304,-26585
13818,68084,-25913
13618,67862,-25253
13422,67632,-24612
13091,66822,-23357
12866,61298,-18746
12484,60284,-17375
12091,59232,-15979
11689,58153,-14569
11278,57048,-13146
10673,51094,-8292
10212,49915,-6835
9734,48690,-5353
9230,47408,-3832
8782,42358,-270
7553,39589,2953
6863,38172,4627
6122,33486,8059
5256,29754,11045
5202,27545,12161
16197,83447,-67569
15834,83747,-65787
15923,83461,-64165
15469,83996,-64042
16044,83084,-62589
15563,83669,-62454
15102,84216,-62322
15691,83253,-60913
15203,83851,-60769
15854,82749,-59418
15337,83401,-59260
14840,84012,-59107
15507,82856,-57805
14981,83522,-57635
15715,82205,-56413
15158,82929,-56225
15372,82254,-54860
14807,82990,-54648
15625,81496,-53552
15026,82293,-53317
15284,81517,-52046
14677,82325,-51796
15585,80658,-50843
14941,81533,-50564
15246,80662,-49402
14593,81547,-49105
14905,80655,-47992
15265,79674,-46967
14564,80638,-46616
14929,79653,-45638
14220,80624,-45268
14590,79636,-44336
15011,78567,-43494
14252,79616,-43066
14683,78537,-42277
14359,78494,-41101
14857,77323,-40459
14038,78441,-39963
14549,77250,-39376
14248,77163,-38329
14555,75742,-36907
13955,77057,-37319
14284,75605,-35975
13675,76926,-36352
14022,75456,-35074
13766,75296,-34201
14226,73693,-33156
13516,75128,-33352
13989,73512,-32362
13270,74953,-32525
13755,73330,-31586
13521,73151,-30822
13289,72973,-30069
13060,72790,-29335
13685,70998,-28643
12835,72604,-28614
13471,70800,-27947
13259,70602,-27259
13047,70404,-26579
12837,70207,-25906
12631,70002,-25250
12429,69793,-24607
12754,65959,-22074
12412,65034,-20759
12062,64047,-19413
11700,63002,-18032
11326,61907,-16621
10943,60783,-15195
10552,59631,-13754
10859,55917,-11714
10433,54756,-10272
9997,53567,-8817
9550,52347,-7346
9085,51082,-5845
8699,46067,-2273
8131,44675,-668
7510,43235,996
6837,41763,2702
6124,36752,6332
5325,32269,9718
4362,26706,13645
14733,84411,-60627
14361,84580,-58952
14475,84145,-57467
13988,84727,-57297
14624,83607,-56034
14109,84239,-55844
13614,84832,-55658
14264,83675,-54440
13741,84318,-54238
14452,83038,-53090
13901,83733,-52868
13371,84386,-52654
14095,83077,-51552
13536,83782,-51318
14325,82349,-50297
13734,83110,-50038
13969,82369,-48820
13370,83139,-48546
14245,81546,-47678
13613,82374,-47375
13895,81534,-46282
13255,82370,-45962
13542,81524,-44913
13873,80609,-43946
13190,81510,-43577
13531,80582,-42663
13919,79580,-41838
13190,80542,-41422
13588,79531,-40648
12855,80486,-40222
13263,79468,-39497
13727,78363,-38873
12947,79381,-38397
13422,78268,-37817
12640,79279,-37337
13128,78146,-36806
13403,76780,-35417
12845,78004,-35834
13137,76621,-34511
12570,77849,-34894
12876,76457,-33628
12621,76282,-32770
13027,74772,-31720
12367,76107,-31929
12785,74590,-30929
12116,75926,-31113
12544,74410,-30151
12305,74229,-29388
12070,74042,-28644
12610,72417,-27901
11836,73858,-27911
12386,72228,-27196
12164,72040,-26499
11943,71851,-25810
11726,71656,-25135
11512,71459,-24470
12101,68996,-23361
11301,71257,-23823
11772,68142,-22087
11442,67222,-20782
11107,66214,-19433
10758,65130,-18040
10398,63999,-16619
10030,62833,-15180
10154,58447,-12303
9746,57234,-10841
9328,55994,-9365
8897,54724,-7874
8587,49756,-4303
8046,48371,-2704
7451,46929,-1040
6800,45433,688
6117,40265,4449
5346,35348,8076
4484,31105,11376
4408,28769,12611
13238,84923,-54042
12859,85001,-52446
12997,84445,-51091
12475,85070,-50868
13167,83824,-49789
12621,84496,-49549
12085,85131,-49309
12796,83862,-48283
12241,84543,-48029
13006,83151,-47087
12424,83881,-46810
12641,83154,-45658
12051,83891,-45366
12895,82366,-44577
12273,83154,-44259
12535,82351,-43231
12840,81481,-42284
11908,83137,-42903
12181,82318,-41928
12495,81435,-41033
11833,82268,-40668
12157,81375,-39824
12527,80418,-39062
11826,81300,-38655
12209,80322,-37955
11507,81195,-37542
11901,80206,-36892
12346,79143,-36326
11605,80063,-35878
12061,78994,-35351
11318,79907,-34899
12301,77687,-33982
11783,78834,-34406
12034,77520,-33090
11508,78672,-33483
11772,77346,-32222
11236,78503,-32584
11512,77173,-31370
11867,75745,-30311
11255,76992,-30544
11620,75566,-29522
11000,76813,-29732
11377,75381,-28753
11136,75195,-27999
11604,73675,-27189
10896,75011,-27256
11372,73495,-26476
10657,74829,-26523
11142,73315,-25771
10914,73133,-25080
10690,72946,-24402
10469,72757,-23734
10974,70466,-22586
10250,72564,-23080
10649,69617,-21323
10324,68696,-20027
9993,67632,-18658
9650,66496,-17247
9300,65323,-15816
9656,61631,-13727
9275,60395,-12262
8883,59127,-10782
8477,57829,-9283
8037,56496,-7744
8440,53411,-6345
7927,52039,-4757
7362,50610,-3104
6076,47571,391
6102,43886,2461
5360,42315,4269
5351,38755,6227
4528,33969,9840
3523,27826,14179
3486,25919,15125
11689,85186,-47768
11858,84569,-46540
11289,85221,-46258
11469,84588,-45077
10882,85245,-44776
11674,83893,-43955
11079,84588,-43650
10479,85244,-43333
11302,83873,-42588
10694,84566,-42266
11549,83100,-41591
10934,83833,-41263
11197,83046,-40322
11491,82202,-39449
10571,83776,-39979
10851,82976,-39094
11158,82120,-38274
10512,82885,-37910
10836,82006,-37155
11199,81064,-36477
10184,82762,-36782
10528,81862,-36088
10902,80913,-35459
10227,81703,-35062
10610,80753,-34472
11035,79746,-33946
10321,80593,-33508
10753,79586,-33011
10034,80430,-32566
10968,78330,-31706
10477,79413,-32106
10702,78157,-30846
10203,79242,-31218
10439,77978,-30010
9931,79069,-30349
10748,76632,-28936
10178,77800,-29187
10499,76445,-28160
9921,77615,-28387
10253,76260,-27396
9667,77429,-27602
10007,76077,-26643
10420,74649,-25799
9762,75895,-25900
10183,74470,-25086
9519,75715,-25168
9952,74285,-24392
9280,75531,-24452
9722,74102,-23707
9494,73917,-23035
9924,71784,-21856
9269,73732,-22375
9600,70944,-20604
9275,70034,-19320
8940,68936,-17935
8603,67775,-16520
8263,66562,-15087
8945,64109,-14372
8583,62857,-12912
8205,61568,-11427
7798,60246,-9906
7352,58884,-8339
7543,55111,-6146
6994,53670,-4485
6744,49122,-1387
5358,45955,2224
4572,40722,6112
4546,37255,8049
3673,32636,11600
3603,30001,13029
10080,85220,-41932
10313,84524,-40924
9686,85175,-40574
9937,84464,-39623
10213,83701,-38736
9298,85111,-39259
9568,84382,-38367
9864,83603,-37540
9207,84276,-37158
9526,83468,-36400
9868,82607,-35705
8860,84131,-36009
9198,83307,-35309
9555,82445,-34661
9928,81543,-34062
8871,83143,-34246
9242,82283,-33641
9629,81383,-33083
8928,82125,-32643
9332,81217,-32129
9752,80258,-31651
8618,81955,-31675
9037,81047,-31198
9471,80088,-30753
8742,80878,-30282
9191,79915,-29874
9662,78891,-29504
9396,78712,-28674
8914,79738,-29016
9135,78526,-27868
8639,79556,-28179
9415,77245,-26829
8875,78340,-27074
8366,79371,-27358
9164,77062,-26067
8616,78156,-26292
8914,76881,-25316
8358,77974,-25520
8666,76699,-24577
9044,75346,-23749
8424,76512,-23857
8808,75162,-23055
8182,76326,-23146
8576,74976,-22377
8346,74790,-21710
8943,72964,-21163
8021,74021,-20503
8617,72135,-19922
8285,71205,-18627
7948,70119,-17252
7603,68955,-15838
7236,67726,-14376
7908,65310,-13627
7524,64019,-12129
7109,62689,-10591
6660,61312,-9006
6853,57465,-6712
6307,55986,-5027
6397,52171,-2765
5750,50611,-986
5053,48983,853
4308,47295,2743
4597,44315,4087
3806,42648,5977
3756,39131,7995
3710,35774,9881
2804,31362,13329
2706,28952,14652
2620,26933,15724
2577,25179,16590
8918,85023,-37990
8549,84909,-36771
8194,84753,-35614
8520,83966,-34901
7843,84586,-34491
8180,83800,-33819
8544,82980,-33205
7492,84416,-33390
7841,83636,-32761
8216,82818,-32190
7503,83466,-31731
7893,82646,-31205
8308,81785,-30725
7570,82476,-30239
7998,81617,-29793
8448,80706,-29388
7248,82305,-29290
7691,81444,-28883
8156,80529,-28514
7386,81264,-27996
7869,80344,-27664
8094,79186,-26549
7582,80159,-26827
7822,79003,-25751
7296,79975,-26002
8101,77792,-24758
7550,78821,-24964
7010,79792,-25189
7847,77607,-24014
7280,78639,-24189
7594,77420,-23282
7014,78451,-23433
7942,76141,-22444
7342,77234,-22558
7706,75953,-21760
7091,77048,-21844
7470,75767,-21084
6843,76860,-21147
7133,74984,-19861
7690,73195,-19264
6768,74135,-18584
7338,72255,-17953
6971,71185,-16568
6584,70033,-15127
6178,68806,-13633
6844,66444,-12870
6424,65118,-11323
5976,63743,-9734
5486,62301,-8090
6165,59873,-7365
5626,58368,-5666
5044,56798,-3907
5715,54448,-3285
5075,52850,-1485
4386,51184,370
3666,49453,2266
3545,45586,4640
3006,40978,7891
2932,37555,9866
2866,34322,11692
7141,84247,-32314
6794,84069,-31270
7168,83290,-30729
6449,83889,-30252
6834,83115,-29747
6104,83711,-29255
6501,82942,-28783
6928,82128,-28366
6171,82762,-27846
6613,81941,-27467
7085,81077,-27130
5847,82570,-26937
6302,81751,-26587
6785,80889,-26277
5991,81562,-25721
6487,80701,-25437
6724,79608,-24386
6189,80515,-24609
6442,79419,-23600
5893,80329,-23793
6748,78264,-22686
6163,79228,-22828
6483,78077,-21947
5885,79037,-22065
6219,77887,-21219
5608,78848,-21312
6595,76673,-20457
5957,77696,-20506
5696,77505,-19800
6222,75869,-19193
5825,74997,-17882
6379,73200,-17250
5406,74052,-16519
5971,72151,-15845
5551,71008,-14383
5116,69788,-12874
5754,67508,-12094
5308,66146,-10509
4823,64713,-8869
4955,60787,-6386
4384,59203,-4623
4417,55164,-2092
3758,53460,-235
3074,51690,1656
2933,47700,4166
2773,43857,6557
2201,39314,9793
2105,36008,11711
2020,32909,13472
1933,30155,15009
1814,27961,16228
1716,26089,17222
1671,24502,18001
5761,83535,-28278
5422,83350,-27331
5089,83154,-26412
5525,82377,-26045
4757,82958,-25508
5204,82186,-25168
5682,81373,-24869
4428,82764,-24619
4886,81994,-24304
5374,81185,-24029
5602,80136,-22999
4569,81804,-23453
5070,80993,-23206
5313,79943,-22216
4770,80798,-22401
5025,79751,-21442
4471,80602,-21606
5334,78656,-20574
4738,79559,-20677
5062,78463,-19848
4457,79362,-19931
4794,78266,-19138
4184,79156,-19203
5296,76679,-18507
4379,77416,-17826
4876,75789,-17170
4440,74828,-15789
4971,73019,-15104
3990,73786,-14364
4524,71886,-13631
4066,70668,-12110
4665,68485,-11313
4184,67085,-9690
3677,65595,-8010
4301,63207,-7170
3749,61625,-5419
3185,59964,-3631
3783,57548,-2811
3163,55818,-965
2023,56376,38
2525,54007,913
1874,52131,2814
2375,49880,3564
2192,45930,6080
1995,42124,8482
1391,37673,11673
1276,34497,13526
1177,31542,15209
1064,29021,16632
4102,82569,-23746
3780,82374,-22888
4257,81607,-22623
3469,82163,-22057
3949,81406,-21809
3170,81941,-21247
4176,80405,-20823
3650,81197,-21009
2885,81708,-20458
3889,80200,-20056
3362,80976,-20229
3615,79978,-19314
3085,80744,-19469
3925,78935,-18500
3353,79742,-18595
2824,80498,-18737
3103,79495,-17898
3506,78051,-17181
3951,76499,-16478
3078,77102,-15830
3511,75508,-15092
3065,74435,-13669
3532,72646,-12892
2621,73268,-12213
3069,71407,-11379
3590,69344,-10534
2606,70053,-9818
3107,67904,-8905
2625,66356,-7233
3160,64021,-6293
2637,62361,-4542
2610,58217,-1813
1012,56821,913
1422,54453,1921
1222,50232,4712
1675,48054,5469
975,46205,7379
1446,44145,8003
1210,40392,10395
924,27016,17752
823,25309,18662
783,23898,19346
2613,81464,-19689
2353,81209,-18943
2109,80939,-18227
2578,80237,-18033
1876,80659,-17533
2342,79968,-17346
2689,78588,-16583
1651,80375,-16854
1950,79043,-16051
2281,77611,-15247
2650,76083,-14454
1562,78048,-14732
1879,76571,-13894
2230,74981,-13052
1473,75439,-12504
1804,73778,-11611
2175,72005,-10721
1375,72486,-10131
1731,70628,-9182
2146,68581,-8209
1290,69132,-7592
1689,66990,-6554
2139,64710,-5523
1230,65287,-4853
1648,62973,-3780
2106,60610,-2759
1148,61136,-2000
1566,58762,-941
108,57184,1678
450,54813,2788
818,52485,3813
216,50498,5712
572,48313,6614
278,44336,9275
702,42346,9911
425,38674,12284
578,36066,13522
450,33027,15296
336,30243,16890
191,27957,18191
44,26135,19218
1278,79437,-15576
907,78425,-14272
1175,76987,-13393
531,77340,-12940
783,75827,-12009
153,76154,-11562
1063,74208,-11071
388,74572,-10584
651,72884,-9597
945,71095,-8608
234,71472,-8085
518,69583,-7034
850,67513,-5951
92,67942,-5408
409,65769,-4260
763,63479,-3113
284,61570,-1327
634,59202,-177
-207,59566,500
-968,59872,1104
-704,57493,2362
-419,55117,3565
-112,52774,4690
-676,50709,6580
-390,48492,7601
-78,46374,8502
-729,44425,10374
-415,42455,11150
-36,40540,11794
-349,36976,14126
-227,34494,15321
-371,31604,17018
-52,24605,20031
-88,23368,20627
-228,74878,-10144
-8,73217,-9115
-612,73496,-8679
-410,71776,-7609
-1003,72027,-7175
-180,69947,-6527
-814,70232,-6064
-595,68285,-4913
-335,66163,-3723
-1013,66480,-3233
-39,63902,-2516
-770,64254,-1980
-500,61930,-725
-1878,62500,319
-1661,60137,1655
-1436,57756,2970
-1199,55374,4244
-1908,55594,4846
-946,53015,5454
-1695,53215,6123
-1475,50880,7337
-1245,48623,8463
-1000,46474,9477
-1378,42471,12221
-1101,40571,12993
-765,38741,13636
-1107,35302,15907
-1021,32956,17063
-509,29013,18505
-674,26975,19683
-820,25329,20617
-1408,70464,-5621
-1226,68557,-4453
-1828,68784,-4004
-1649,66742,-2769
-2257,66967,-2315
-1442,64542,-1488
-2080,64796,-1015
-1213,62230,-187
-2513,62754,804
-3121,62988,1267
-2318,60389,2170
-2948,60630,2657
-2116,57994,3522
-2766,58224,4041
-2578,55805,5401
-2387,53394,6725
-2196,51020,8002
-2007,48721,9211
-1816,46528,10326
-1611,44450,11330
-2216,42426,13145
-2018,40520,14024
-1776,38698,14788
-1478,36962,15421
-1189,30224,18680
-1349,27873,20050
-912,23983,21332
-940,22900,21844
-2689,65028,-548
-3553,60859,3117
-3389,58445,4529
-3986,58656,4989
-3219,56009,5921
-3833,56206,6409
-3047,53571,7285
-3679,53746,7808
-2875,51159,8609
-3523,51301,9171
-2706,48807,9875
-3370,48903,10483
-2543,46555,11063
-3223,46589,11727
-2385,44431,12156
-3085,44397,12886
-2954,42343,13951
-2815,40413,14919
-2650,38584,15784
-2444,36850,16530
-2183,35211,17148
-1853,33654,17626
-1802,31449,18736
-1989,28909,20267
-1528,26069,21112
-1668,24607,21943
-4423,56394,6868
-4283,53915,8295
-4143,51442,9692
-4005,49005,11047
-3873,46638,12342
-3751,44380,13559
-3640,42259,14683
-2878,33497,18811
-2583,32047,19276
-2559,29993,20335
-2180,26828,21518
-1751,23445,22557
-1772,22482,23004
-4864,54077,8752
-4738,51581,10181
-5312,51717,10641
-4615,49111,11572
-4497,46698,12912
-4392,44375,14180
-4297,42186,15361
-3532,40273,15713
-4210,40143,16447
-3417,38412,16651
-3281,36669,17489
-3106,35034,18213
-2769,27672,21768
-2365,25248,22466
-2497,23975,23189
-5203,49217,12065
-5774,49316,12529
-5102,46759,13443
-5685,46824,13942
-5009,44384,14758
-4927,42130,15991
-4856,40027,17129
-4121,38235,17438
-4021,36455,18335
-3902,34803,19134
-3754,33270,19829
-3557,31839,20406
-3295,30498,20853
-3293,28596,21856
-2990,25879,22893
-2571,22975,23717
-2587,22094,24114
-6250,46890,14413
-5604,44404,15297
-6179,44430,15803
-5533,42092,16577
-5475,39928,17764
-4789,38070,18170
-4715,36251,19116
-4627,34563,19966
-4520,33003,20719
-4388,31567,21376
-4218,30243,21927
-3988,29014,22355
-3526,26527,23174
-3179,24513,23733
-6756,44443,16297
-6118,42068,17124
-6070,39843,18357
-5425,37919,18853
-5373,36058,19844
-5312,34336,20738
-4004,27272,23295
-3764,25014,24160
-3305,23436,24357
-3371,22556,24818
-3390,21715,25198
-6706,42034,17655
-7309,41976,18184
-6667,39751,18931
-6033,37779,19490
-6000,35875,20522
-5961,34119,21457
-5234,32744,21538
-5136,31280,22243
-5013,29941,22854
-4858,28721,23366
-4654,27605,23769
-4253,25486,24463
-3960,23862,24907
-7282,39638,19501
-6642,37630,20108
-7268,37457,20723
-6623,35680,21180
-5909,32497,22297
-5839,31007,23042
-5747,29645,23693
-4688,26049,24624
-4503,24230,25329
-4088,22966,25453
-4158,22148,25883
-7909,39509,20065
-7906,37265,21327
-7264,35453,21835
-6601,33889,22149
-6568,32242,23019
-6518,30731,23795
-5628,28407,24250
-5479,27289,24715
-5292,26274,25087
-4956,24563,25643
-4701,23293,25982
-4190,21328,26276
-8544,37069,21914
-7916,35205,22480
-7260,33623,22838
-7247,31947,23741
-6449,29353,24478
-6357,28104,25070
-5349,24946,25841
-5206,23542,26398
-4842,22511,26487
-4939,21731,26945
-8568,34948,23109
-7930,33331,23521
-7218,30414,24549
-7171,29020,25262
-6238,26977,25571
-6089,25951,25987
-5910,25052,26307
-5629,23757,26718
-5406,22767,26980
-4993,20919,27346
-9220,34686,23723
-8601,33024,24190
-7939,31621,24459
-7935,30061,25301
-7100,27761,25882
-7003,26629,26410
-5986,23977,26948
-5877,22941,27378
-5575,22028,27506
-9271,32708,24847
-8632,31278,25166
-7914,28646,26048
-6876,25609,26851
-6716,24705,27204
-6534,23972,27444
-6272,23057,27699
-6625,23149,27967
-6095,22221,27957
-5709,21271,27985
-5797,20484,28418
-9326,30918,25860
-8655,29688,26043
-7871,27369,26702
-7800,26227,27260
-7700,25205,27731
-6532,22343,28325
-6292,21497,28501
-9931,32393,25482
-9374,29296,26773
-8661,28246,26825
-8647,26949,27512
-7566,24307,28111
-7398,23542,28396
-7214,23005,28542
-6925,22394,28646
-6784,21622,28928
-6463,20764,29010
-10003,30563,26530
-9409,27826,27590
-8608,25791,28104
-7316,22406,28962
-7226,21656,29303
-7023,20903,29506
-6593,20008,29474
-10647,30234,27159
-10073,28909,27474
-9424,26506,28310
-8539,24761,28607
-8438,23860,29019
-8299,23087,29340
-8133,22493,29546
-7953,22142,29607
-7651,21636,29657
-7525,20924,29945
-7240,20176,30054
-10733,28551,28131
-10131,27416,28322
-9417,25329,28935
-8079,21597,30009
-7989,20874,30343
-7423,19430,30562
-11358,28220,28746
-10811,27035,29003
-10172,26075,29069
-9382,24287,29471
-9316,23379,29917
-7815,20198,30566
-10874,25677,29776
-10193,24882,29724
-9213,22603,30268
-9077,21957,30530
-8926,21518,30671
-8762,21265,30698
-8450,20799,30733
-8328,20123,31017
-8081,19470,31151
-11452,26683,29640
-10190,23828,30290
-10158,22908,30763
-8910,20710,31117
-8825,20008,31449
-8314,18724,31699
-12058,26356,30237
-11535,25309,30436
-10920,24470,30456
-10097,22113,31153
-8661,19384,31668
-12157,24967,31049
-11601,24090,31135
-10943,23406,31044
-10945,22469,31547
-10004,21430,31473
-9892,20900,31694
-9771,20551,31808
-9627,20325,31836
-9319,19882,31870
-9202,19230,32148
-8976,18642,32291
-11651,23009,31746
-10920,21661,31980
-9792,19763,32269
-12743,24650,31623
-12243,23733,31768
-11681,22061,32282
-10870,20953,32340
-10795,20351,32629
-9723,19071,32607
-9564,18468,32816
-9264,17887,32888
-12848,23398,32361
-12316,22640,32400
-11689,21234,32748
-10714,19904,32827
-10622,19610,32931
-10497,19376,32977
-10213,18932,33029
-10111,18292,33302
-12371,21682,32969
-11676,20509,33144
-10675,18811,33419
-9909,17714,33464
-13420,23083,32917
-12941,22294,33020
-12409,20836,33463
-11638,19865,33485
-11590,19330,33756
-10621,18131,33752
-10483,17527,33975
-13530,21970,33602
-13019,21322,33611
-12427,20095,33892
-11540,18950,33937
-11470,18671,34048
-11364,18429,34113
-11100,17988,34169
-10230,16963,34091
-13083,20463,34130
-12425,19426,34271
-11552,17864,34555
-11017,17352,34449
-10838,16768,34632
-14086,21664,34149
-13629,20983,34213
-13130,19706,34589
-12408,18818,34605
-11515,17192,34889
-14204,20663,34777
-13716,20112,34755
-13160,19018,35001
-12390,18352,34858
-12366,18020,35030
-12312,17734,35154
-12223,17484,35230
-11398,16584,35130
-11171,16016,35270
-14746,20360,35308
-14310,19781,35339
-13788,19341,35239
-13172,18363,35384
-11982,17048,35297
-11920,16413,35592
-13846,18636,35681
-13181,17817,35699
-12422,16921,35674
-11762,15822,35794
-14870,19468,35888
-14405,18997,35846
-13886,17955,36096
-13191,17418,35931
-13185,17093,36109
-12405,16253,36021
-15397,19172,36403
-14984,18673,36415
-14486,18276,36313
-13919,17338,36466
-13147,16801,36244
-13076,16545,36334
-12860,16108,36419
-12310,15641,36279
-12103,15067,36433
-14553,17577,36755
-13957,16863,36760
-13288,15979,36788
-12818,15472,36729
-15527,18366,36945
-15086,17938,36901
-14609,16908,37171
-13989,16499,36987
-13997,16170,37174
-13292,15315,37147
-12680,14877,36943
-16037,18074,37442
-15648,17618,37451
-15176,17223,37369
-14669,16361,37521
-13977,15872,37324
-13925,15607,37432
-13213,14699,37415
-15255,16522,37819
-14733,15948,37796
-13734,15170,37535
-13029,14124,37584
-16175,17315,37966
-15759,16889,37941
-15335,15908,38220
-14780,15586,38029
-14150,15039,37895
-13708,14534,37852
-16660,17026,38440
-16305,16573,38476
-15860,16170,38417
-15422,15434,38543
-14804,15250,38230
-14802,14943,38396
-14169,14379,38257
-13592,13932,38085
-16806,16273,38967
-15957,15499,38861
-15503,15042,38816
-14768,14670,38520
-14599,14235,38635
-14112,13756,38546
-16426,15840,38973
-15566,14673,39063
-15002,14103,38985
-13950,13181,38727
-17253,15986,39405
-16945,15527,39484
-16539,15130,39450
-16063,14963,39231
-15605,14330,39276
-14594,13594,38969
-17406,15228,39938
-16661,14533,39865
-16173,14535,39544
-15618,14017,39454
-15602,13738,39593
-15042,13442,39362
-14498,12993,39214
-17076,14794,39985
-16267,14138,39827
-16342,13764,40081
-15459,13300,39728
-15004,12819,39663
-17814,14944,40341
-17552,14482,40455
-17211,14140,40441
-16791,14061,40215
-16396,13414,40308
-15849,13168,40068
-15473,12656,40077
-14862,12242,39854
-17971,14187,40869
-17358,13618,40828
-16914,13639,40529
-16427,13094,40502
-15909,12504,40461
-15394,12058,40326
-18343,13908,41237
-17697,13781,40942
-17021,13236,40822
-16430,12806,40659
-16313,12363,40815
-18123,13452,41378
-17856,13206,41367
-17506,13172,41174
-17111,12855,41090
-17181,12499,41332
-16690,12233,41143
-15886,11886,40761
-18504,13151,41763
-18291,12825,41836
-18025,12730,41743
-17643,12744,41501
-17230,12171,41542
-16341,11726,41162
-15769,11300,40977
-18846,12875,42104
-18187,12280,42100
-17765,12335,41807
-17252,11874,41717
-16763,11577,41534
-16285,11119,41434
-18676,12475,42250
-18473,12313,42241
-17872,11948,42091
-17155,11436,41879
-16761,10951,41853
-19019,12155,42615
-18865,11921,42681
-18654,11843,42621
-18339,11847,42441
-17959,11584,42347
-17520,11304,42199
-17201,10795,42241
-19325,11862,42939
-19212,11557,43071
-18828,11388,42989
-18479,11432,42763
-18023,11251,42569
-18062,10952,42752
-17609,10648,42598
-16667,10362,42087
-19060,11431,43080
-18604,11041,43060
-17987,10511,42930
-17167,10185,42528
-19518,11222,43417
-19415,11045,43488
-19250,10956,43468
-18993,10949,43339
-18711,10674,43331
-18339,10382,43237
-17627,10021,42932
-19800,10911,43731
-19727,10682,43849
-19615,10554,43888
-19431,10498,43838
-19146,10532,43669
-18796,10340,43566
-18857,10035,43767
-18051,9868,43305
-17537,9464,43147
-20011,10340,44180
-19934,10177,44259
-19606,10056,44194
-19287,10136,43978
-18807,9591,43965
-18444,9725,43648
-18019,9292,43570
-20283,10020,44493
-19810,10076,44275
-19413,9770,44259
-19140,9465,44255
-18461,9134,43957
-20228,9821,44603
-20138,9682,44660
-19999,9613,44651
-19770,9636,44531
-19520,9435,44510
-18869,8986,44312
-18374,8618,44146
-20507,9485,44929
-20442,9313,45017
-20337,9203,45050
-20178,9176,45004
-19922,9245,44840
-19601,9132,44726
-19245,8848,44639
-18837,8454,44551
-20772,9167,45237
-20728,8967,45351
-20648,8825,45413
-20525,8756,45410
-20345,8769,45329
-20057,8888,45121
-20171,8568,45365
-19871,8592,45181
-19583,8717,44933
-19261,8300,44922
-20997,8644,45663
-20939,8475,45750
-20496,8397,45625
-20262,8278,45579
-19651,8156,45261
-19172,7849,45071
-21251,8342,45955
-21211,8149,46064
-20842,8370,45779
-20700,8338,45744
-20631,8061,45889
-20279,7893,45801
-19994,8022,45557
-19615,7674,45465
-21468,7847,46356
-21138,8015,46119
-21023,7946,46117
-20861,7956,46047
-20750,7755,46127
-20518,7771,46003
-20019,7527,45815
-21709,7565,46627
-21414,7687,46433
-21324,7586,46460
-21192,7555,46428
-21009,7607,46324
-21142,7292,46574
-20847,7480,46337
-20649,7256,46356
-20365,7388,46114
-19934,7152,45931
-21673,7384,46725
-21605,7255,46778
-21499,7189,46777
-21349,7198,46712
-21256,7009,46795
-21080,7017,46717
-20884,7132,46554
-20702,6809,46614
-20352,6969,46307
-22144,6841,47249
-21916,7102,46997
-21866,6951,47070
-21783,6857,47095
-21661,6830,47063
-21490,6879,46966
-21350,6754,46989
-21216,6547,47047
-20985,6673,46854
-20665,6508,46734
-22339,6417,47588
-22111,6672,47340
-22047,6556,47386
-21948,6498,47382
-21807,6510,47319
-21613,6595,47190
-21722,6325,47398
-21566,6323,47334
-21405,6430,47202
-21302,6130,47318
-21020,6305,47063
-22553,6182,47818
-22292,6281,47652
-22214,6199,47672
-22099,6178,47638
-21940,6218,47550
-22064,5933,47771
-21818,6075,47585
-21712,5864,47665
-21528,5983,47514
-21317,5891,47451
-22734,5798,48125
-22520,6030,47898
-22692,5671,48184
-22460,5925,47937
-22370,5870,47933
-22243,5869,47883
-22175,5666,47974
-22033,5650,47925
-21878,5753,47799
-21822,5502,47924
-21601,5683,47720
-22936,5582,48337
-22909,5432,48416
-22861,5319,48464
-22624,5584,48208
-22524,5548,48189
-22668,5246,48427
-22378,5575,48113
-22503,5294,48330
-22275,5415,48163
-22175,5211,48238
-22006,5343,48091
-22097,5111,48277
-21877,5312,48066
-23306,5003,48836
-23114,5210,48633
-23082,5073,48702
-23025,4982,48731
-22784,5254,48471
-22936,4944,48716
-22802,4958,48651
-22615,5033,48528
-22484,5008,48487
-22335,5106,48367
-22287,4927,48459
-22351,4782,48583
-23484,4632,49129
-23290,4844,48923
-23250,4731,48972
-23182,4669,48979
-23077,4652,48944
-22926,4686,48860
-22716,4786,48713
-22780,4483,48915
-22627,4610,48779
-22464,4758,48628
-22549,4586,48775
-23666,4437,49319
-23654,4291,49398
-23459,4501,49195
-23621,4184,49445
-23410,4417,49222
-23330,4372,49213
-23210,4371,49163
-23040,4426,49059
-23144,4178,49245
-22924,4385,49032
-23061,4084,49270
-22903,4237,49118
-22984,4097,49244
-22732,4405,48953
-22793,4285,49059
-24003,3918,49762
-23835,4097,49587
-23817,3971,49652
-23778,3880,49687
-23563,4115,49460
-23709,3822,49691
-23471,4084,49439
-23603,3807,49654
-23335,4100,49372
-23449,3847,49564
-23344,3820,49536
-23322,3764,49572
-23208,3945,49409
-23159,3924,49415
-23222,3813,49516
-24322,3430,50179
-24166,3595,50017
-23998,3774,49842
-24158,3468,50086
-23976,3665,49895
-23928,3585,49920
-23846,3545,49907
-23724,3548,49853
-23745,3351,49980
-23552,3611,49743
-23614,3479,49854
-23569,3474,49851
-23635,3361,49954
-23473,3616,49718
-23402,3636,49690
-24476,3128,50419
-24325,3288,50261
-24308,3179,50316
-24126,3372,50127
-24268,3094,50346
-24067,3308,50138
-24200,3039,50347
-23974,3280,50113
-24095,3024,50310
-23997,3060,50261
-23939,3154,50174
-23838,3299,50043
-23962,3046,50267
-23865,3187,50135
-23805,3196,50118
-23723,3324,49998
-24797,2657,50835
-24603,2994,50551
-24720,2740,50749
-24614,2855,50634
-24730,2603,50830
-24473,3004,50488
-24610,2732,50702
-24585,2632,50747
-24451,2900,50536
-24404,2823,50559
-24435,2642,50679
-24324,2785,50546
-24360,2666,50647
-24299,2762,50557
-24201,2883,50441
-24335,2642,50662
-24238,2782,50531
-24119,2943,50378
-24190,2780,50525
-24105,2908,50404
-24032,2931,50373
-24910,2411,51041
-24873,2449,50993
-24815,2510,50925
-24945,2265,51151
-24955,2260,51172
-24927,2279,51122
-24887,2317,51073
-24823,2383,50999
-24892,2214,51131
-24886,2180,51148
-24725,2485,50894
-24815,2289,51047
-24866,2182,51141
-24790,2279,51043
-24818,2211,51105
-24698,2408,50924
-24737,2314,51003
-24785,2221,51090
-24640,2433,50887
-24697,2302,51006
-24635,2399,50915
-24529,2578,50752
-24686,2266,51034
-24539,2516,50801
-24588,2404,50903
-24472,2560,50754
-24554,2389,50909
-24467,2517,50788
-24408,2526,50771
-24968,2154,51239
-24957,2158,51217
-24988,2148,51279
-24978,2151,51260
-24937,2171,51186
-24968,2103,51254
-24979,2097,51279
-24991,2091,51302
-25001,2086,51324
-25011,2081,51345
-24977,2073,51277
-25020,2076,51365
-24943,2124,51216
-25003,2059,51330
-24990,2065,51304
-25014,2054,51354
-25025,2048,51377
-25000,2035,51326
-25045,2038,51419
-25035,2043,51399
-24982,2046,51293
-25026,2022,51381
-25013,2028,51355
-25054,2033,51439
-25049,2010,51430
-25037,2016,51406
-24942,2104,51228
-25007,2005,51344
-25022,1997,51375
-25059,2005,51452
-25069,2000,51473
-25036,1990,51405
-25078,1995,51493
-25049,1984,51432
-25087,1991,51512
-25061,1978,51458
-25028,1968,51391
-25044,1960,51424
-25008,1980,51353
-25072,1972,51482
-25083,1967,51505
-25093,1962,51526
-24974,2032,51295
-25103,1957,51547
-25058,1953,51455
-25112,1952,51566
-25072,1946,51483
-25121,1948,51585
-25084,1940,51510
-25040,1930,51419
-25049,1932,51438
-25037,1921,51414
-25118,1923,51580
-25096,1934,51535
-25065,1923,51472
-25107,1928,51558
-25081,1916,51504
-25128,1918,51601
-25095,1909,51534
-25137,1914,51621
-25108,1902,51561
-24927,2099,51224
-25146,1909,51640
-25154,1905,51658
-25120,1896,51587
-25087,1886,51520
-25078,1885,51502
-25027,1919,51402
-25142,1885,51634
-25131,1890,51612
-24973,2009,51310
-25103,1879,51554
-25075,1876,51497
-25162,1875,51676
-25117,1871,51584
-25152,1880,51656
-25072,1867,51491
-25180,1866,51713
-25069,1857,51486
-25131,1864,51613
-25171,1870,51695
-25144,1858,51640
-25188,1862,51731
-25065,1846,51479
-25167,1846,51688
-25155,1852,51665
-25125,1841,51602
-25116,1840,51585
-25177,1841,51710
-25187,1836,51731
-25140,1834,51635
-25113,1832,51580
-25196,1832,51751
-25205,1827,51769
-25154,1827,51665
-25110,1822,51575
-25167,1820,51692
-25213,1823,51787
-25221,1819,51804
-25180,1814,51718
-25107,1812,51569
-25104,1802,51563
-25191,1808,51742
-25163,1796,51685
-25100,1791,51556
-25202,1803,51765
-25050,1848,51462
-25000,1936,51374
-25212,1798,51786
-25154,1795,51668
-25152,1787,51663
-25221,1793,51807
-25096,1778,51549
-25149,1778,51658
-25177,1789,51716
-25191,1782,51745
-25239,1784,51844
-25230,1788,51826
-25247,1780,51861
-25146,1768,51652
-25204,1776,51771
-25216,1770,51796
-25255,1776,51877
-24935,2039,51272
-24886,2122,51193
-25009,1878,51421
-24951,1976,51326
-24878,2089,51217
-24875,2044,51253
-24797,2163,51140
-24761,2149,51145
-25227,1764,51820
-25142,1758,51646
-25139,1747,51640
-25247,1754,51862
-25237,1759,51842
-25192,1750,51750
-25200,1751,51767
-25135,1735,51633
-25215,1744,51797
-25190,1742,51746
-25265,1745,51900
-25256,1749,51882
-25228,1737,51825
-25187,1733,51741
-25281,1737,51934
-25273,1741,51918
-25184,1724,51736
-25240,1731,51851
-25288,1733,51950
-25251,1726,51875
-25181,1714,51730
-25178,1704,51724
-25262,1720,51897
-25282,1710,51939
-25238,1706,51849
-25272,1715,51919
-25230,1705,51833
-25174,1693,51717
-25291,1706,51957
-25252,1699,51878
-25228,1697,51829
-25265,1693,51905
-25299,1702,51975
-25307,1698,51992
-25314,1694,52008
-25225,1689,51824
-25322,1690,52023
-25222,1680,51819
-25276,1687,51930
-25287,1681,51953
-25219,1671,51813
-25298,1676,51975
-25317,1667,52015
-25276,1661,51931
-25216,1660,51808
-25307,1671,51995
-25213,1650,51801
-25269,1660,51916
-25325,1663,52033
-25289,1655,51959
-25266,1653,51912
-25341,1655,52066
-25333,1658,52050
-25348,1651,52081
-25264,1645,51907
-25301,1648,51985
-25355,1648,52096
-25261,1636,51902
-25313,1643,52009
-25333,1632,52052
-25323,1637,52032
-25258,1627,51897
-25255,1617,51891
-25343,1628,52072
-25314,1616,52013
-25360,1619,52108
-25351,1623,52091
-25307,1615,51999
-25251,1607,51885
-25302,1600,51990
-25375,1611,52140
-25326,1610,52040
-25304,1608,51995
-25382,1608,52155
-25338,1604,52065
-25367,1615,52125
-25388,1605,52169
-25299,1592,51985
-25349,1598,52088
-25369,1588,52130
-25359,1593,52110
-25296,1583,51980
-25378,1584,52149
-25293,1574,51975
-25345,1570,52082
-25402,1572,52199
-25394,1576,52183
-25386,1580,52167
-25351,1571,52096
-25290,1564,51969
-25364,1565,52121
-25409,1568,52214
-25386,1554,52167
-25340,1556,52073
-25416,1565,52229
-25375,1559,52145
-25422,1562,52242
-25342,1563,52078
-25338,1548,52069
-25335,1539,52064
-25395,1549,52188
-25413,1540,52226
-25404,1544,52208
-25332,1530,52059
-25329,1521,52053
-25383,1525,52164
-25429,1532,52259
-25443,1525,52288
-25421,1536,52243
-25436,1529,52274
-25389,1526,52178
-25381,1518,52160
-25401,1520,52202
-25412,1515,52225
-25378,1511,52156
-25376,1504,52152
-25449,1522,52302
-25422,1510,52247
-25455,1519,52315
-25373,1496,52147
-25371,1487,52143
-25440,1500,52285
-25431,1505,52267
-25448,1496,52302
-25456,1492,52319
-25368,1478,52137
-25421,1480,52247
-25419,1474,52243
-25427,1481,52260
-25463,1489,52334
-25477,1482,52363
-25470,1485,52349
-25489,1476,52388
-25483,1479,52376
-25438,1475,52284
-25417,1467,52240
-25449,1470,52306
-25414,1460,52235
-25458,1465,52326
-25476,1457,52363
-25467,1461,52345
-25412,1452,52231
-25484,1453,52379
-25409,1444,52226
-25491,1449,52395
-25505,1442,52424
-25498,1445,52410
-25511,1439,52437
-25465,1436,52342
-25406,1435,52221
-25517,1436,52449
-25459,1435,52330
-25457,1429,52326
-25476,1431,52365
-25495,1421,52405
-25455,1423,52323
-25522,1433,52461
-25485,1426,52386
-25453,1416,52319
-25450,1408,52314
-25503,1417,52423
-25519,1409,52456
-25511,1413,52440
-25526,1405,52471
-25448,1400,52310
-25503,1391,52424
-25445,1392,52305
-25539,1399,52498
-25545,1396,52511
-25556,1390,52534
-25497,1390,52413
-25495,1384,52409
-25513,1386,52446
-25532,1402,52485
-25550,1393,52523
-25531,1377,52484
-25493,1378,52406
-25491,1372,52402
-25522,1381,52466
-25547,1369,52518
-25539,1372,52502
-25489,1364,52398
-25561,1362,52547
-25484,1349,52389
-25554,1365,52533
-25567,1358,52560
-25486,1357,52394
-25579,1353,52585
-25573,1355,52573
-25584,1350,52596
-25535,1345,52495
-25533,1340,52492
-25589,1347,52607
-25550,1341,52527
-25540,1346,52507
-25559,1336,52546
-25531,1334,52489
-25567,1332,52563
-25529,1327,52485
-25525,1314,52477
-25596,1318,52623
-25575,1328,52580
-25527,1321,52482
-25602,1315,52636
-25582,1325,52595
-25589,1321,52610
-25607,1312,52648
-25613,1309,52659
-25623,1304,52680
-25618,1307,52670
-25522,1306,52473
-25573,1300,52578
-25578,1301,52589
-25596,1292,52626
-25571,1295,52575
-25587,1296,52608
-25570,1289,52572
-25568,1283,52569
-25604,1288,52643
-25566,1277,52565
-25564,1270,52561
-25611,1284,52658
-25618,1281,52673
-25624,1278,52686
-25636,1272,52711
-25630,1274,52699
-25647,1266,52733
-25642,1269,52723
-25561,1263,52557
-25652,1264,52744
-25625,1251,52689
-25656,1262,52753
-25616,1256,52671
-25611,1255,52661
-25610,1250,52658
-25633,1247,52706
-25608,1245,52655
-25654,1237,52750
-25606,1239,52652
-25660,1234,52763
-25640,1244,52722
-25647,1240,52737
-25604,1233,52649
-25665,1231,52775
-25602,1227,52645
-25676,1226,52797
-25600,1220,52641
-25690,1219,52826
-25671,1228,52787
-25681,1223,52808
-25654,1211,52753
-25685,1221,52817
-25649,1210,52744
-25648,1205,52741
-25662,1207,52770
-25646,1200,52738
-25643,1190,52732
-25669,1203,52786
-25683,1196,52815
-25644,1195,52735
-25695,1190,52840
-25676,1199,52801
-25689,1193,52828
-25641,1183,52729
-25639,1177,52725
-25700,1187,52851
-25715,1180,52882
-25710,1182,52872
-25705,1185,52862
-25719,1178,52891
-25723,1176,52900
-25692,1166,52835
-25686,1161,52824
-25699,1162,52851
-25713,1155,52880
-25725,1149,52905
-25706,1158,52866
-25687,1165,52827
-25684,1156,52821
-25683,1151,52819
-25719,1152,52893
-25681,1146,52816
-25730,1146,52917
-25740,1141,52937
-25735,1144,52927
-25753,1135,52964
-25679,1140,52812
-25749,1137,52956
-25757,1133,52973
-25677,1134,52809
-25744,1139,52947
-25725,1120,52909
-25724,1116,52907
-25723,1112,52905
-25720,1102,52899
-25749,1111,52959
-25729,1120,52918
-25743,1114,52947
-25721,1107,52902
-25755,1108,52972
-25736,1117,52933
-25765,1102,52993
-25760,1105,52983
-25718,1097,52896
-25770,1100,53003
-25783,1094,53030
-25779,1096,53022
-25716,1091,52893
-25774,1098,53013
-25790,1090,53046
-25786,1092,53038
-25760,1063,52985
-25774,1072,53014
-25786,1066,53039
-25767,1075,53000
-25801,1059,53070
-25763,1075,52992
-25762,1071,52990
-25780,1069,53027
-25761,1067,52988
-25796,1061,53060
-25757,1053,52980
-25791,1063,53050
-25805,1056,53079
-25758,1058,52983
-25809,1054,53088
-25817,1051,53104
-25813,1052,53096
-25755,1048,52977
-25802,1030,53075
-25820,1049,53112
-25805,1030,53082
-25823,1047,53119
-25817,1024,53107
-25797,1015,53066
-25811,1027,53095
-25827,1019,53128
-25822,1022,53118
-25800,1026,53073
-25836,1015,53147
-25799,1023,53071
-25798,1019,53069
-25851,1007,53178
-25794,1005,53061
-25844,1011,53164
-25840,1013,53156
-25854,1006,53185
-25795,1010,53064
-25831,1017,53138
-25847,1009,53171
-25857,1004,53192
-25843,985,53164
-25840,985,53158
-25839,982,53156
-25848,982,53176
-25837,978,53154
-25853,980,53187
-25834,967,53147
-25867,973,53215
-25863,975,53207
-25858,977,53197
-25875,969,53232
-25836,975,53152
-25871,971,53224
-25835,971,53150
-25888,963,53259
-25885,964,53253
-25878,968,53239
-25832,962,53145
-25881,966,53246
-25890,961,53265
-25878,940,53240
-25886,938,53257
-25895,933,53276
-25877,937,53239
-25876,934,53237
-25875,931,53235
-25874,927,53233
-25903,929,53293
-25899,931,53285
-25880,940,53246
-25910,926,53308
-25890,935,53267
-25906,927,53301
-25913,924,53314
-25919,921,53327
-25916,923,53321
-25872,923,53231
-25871,919,53229
-25924,919,53338
-25921,920,53332
-25916,895,53323
-25923,893,53338
-25935,887,53363
-25915,892,53322
-25914,889,53320
-25931,889,53355
-25913,887,53318
-25927,891,53347
-25918,895,53329
-25953,878,53401
-25950,879,53395
-25912,883,53317
-25911,880,53315
-25910,876,53313
-25941,884,53377
-25938,885,53371
-25955,877,53406
-25947,881,53390
-25944,882,53384
-25957,876,53411
-25954,850,53406
-25951,840,53400
-25964,846,53427
-25960,848,53419
-25977,840,53454
-25974,841,53448
-25956,850,53411
-25971,843,53442
-25953,848,53405
-25952,845,53403
-25951,842,53402
-25967,844,53435
-25950,837,53398
-25979,838,53460
-25949,833,53397
-25982,837,53465
-25991,833,53484
-25989,834,53480
-25984,836,53470
-25986,835,53475
-25991,801,53486
-26001,802,53507
-25994,805,53493
-25992,805,53489
-25990,798,53485
-26007,799,53520
-26004,800,53514
-25997,803,53500
-26012,796,53531
-25991,803,53488
-25989,796,53484
-25988,793,53482
-26014,795,53536
-26009,797,53526
-26024,790,53557
-25987,790,53481
-26022,791,53553
-26020,792,53549
-26018,793,53545
-26016,794,53541
-26032,760,53575
-26043,755,53598
-26038,757,53588
-26035,758,53582
-26030,760,53572
-26029,756,53570
-26028,754,53568
-26045,753,53603
-26027,750,53566
-26058,747,53630
-26040,756,53593
-26053,749,53620
-26051,750,53616
-26049,751,53612
-26047,752,53608
-26029,758,53571
-26027,752,53567
-26026,747,53565
-26056,748,53627
-26054,749,53623
-26077,711,53672
-26086,707,53691
-26068,715,53654
-26068,713,53654
-26067,710,53652
-26065,704,53648
-26079,710,53677
-26090,705,53700
-26072,714,53663
-26087,706,53694
-26069,715,53657
-26067,712,53653
-26084,708,53688
-26066,708,53651
-26082,709,53684
-26074,713,53668
-26088,705,53697
-26065,706,53650
-26080,709,53681
-26091,704,53703
-26113,667,53751
-26106,669,53737
-26106,670,53737
-26111,668,53748
-26109,669,53744
-26107,670,53740
-26105,667,53736
-26115,666,53755
-26125,661,53776
-26124,662,53774
-26105,666,53735
-26104,663,53733
-26119,664,53764
-26116,665,53758
-26104,665,53734
-26121,663,53769
-26103,662,53732
-26120,663,53767
-26117,665,53761
-26122,662,53772
-26147,624,53825
-26144,623,53819
-26144,624,53819
-26143,620,53817
-26156,620,53844
-26155,620,53842
-26154,620,53840
-26153,621,53838
-26152,622,53836
-26148,623,53828
-26145,625,53822
-26144,625,53820
-26143,621,53818
-26143,622,53818
-26142,619,53816
-26158,618,53849
-26150,622,53833
-26149,623,53831
-26157,619,53848
-26156,619,53846
-26189,577,53916
-26186,578,53910
-26185,579,53908
-26184,579,53906
-26183,580,53904
-26182,579,53902
-26182,579,53902
-26182,578,53902
-26181,576,53900
-26191,576,53921
-26190,576,53919
-26188,577,53915
-26187,578,53913
-26182,580,53903
-26181,577,53901
-26181,576,53901
-26191,575,53922
-26190,576,53920
-26189,577,53918
-26186,578,53912
-26222,534,53988
-26221,535,53986
-26220,533,53984
-26225,533,53995
-26225,533,53995
-26224,533,53993
-26223,534,53991
-26222,534,53989
-26221,534,53987
-26220,534,53985
-26220,534,53985
-26220,533,53985
-26220,533,53985
-26220,534,53985
-26224,533,53994
-26224,533,53994
-26223,533,53992
-26223,533,53992
-26222,534,53990
-26220,535,53986
-26258,490,54068
-26258,490,54068
-26258,490,54068
-26258,490,54068
-26258,490,54068
-26258,490,54068
-26258,490,54068
-26258,490,54068
-26258,490,54068
-26258,490,54068
-26258,490,54068
-26258,490,54068
-26258,490,54068
-26258,490,54068
-26258,490,54068
-26258,490,54068
-26258,490,54068
-26258,490,54068
-26258,490,54068
-26258,490,54068
14020,-36,-154271
14016,-93,-154266
14001,-86,-154256
13989,-123,-154244
13990,-172,-154257
13976,-237,-154246
13974,-241,-154244
