-25879,-9,53239
-25881,-8,53243
-25883,-7,53247
-25870,-13,53220
-25875,-11,53230
-25877,-10,53234
-25865,-16,53209
-25868,-14,53215
-25873,-12,53225
-25857,-20,53192
-25860,-18,53198
-25863,-17,53204
-25847,-25,53171
-25831,-32,53138
-25854,-21,53185
-25840,-28,53156
-25844,-26,53164
-25851,-23,53178
-25836,-30,53147
-25840,-54,53155
-25827,-35,53128
-25845,-52,53165
-25832,-58,53138
-25852,-48,53179
-25835,-57,53144
-25823,-62,53119
-25843,-53,53160
-25848,-51,53170
-25850,-49,53174
-25820,-64,53112
-25838,-55,53149
-25830,-59,53132
-25809,-69,53088
-25827,-61,53125
-25813,-68,53096
-25817,-66,53104
-25805,-72,53079
-25791,-78,53050
-25813,-93,53095
-25796,-76,53060
-25818,-91,53105
-25801,-74,53070
-25808,-96,53084
-25793,-103,53053
-25811,-95,53090
-25816,-92,53100
-25803,-99,53073
-25821,-90,53110
-25786,-107,53038
-25806,-97,53079
-25790,-105,53046
-25774,-113,53013
-25797,-102,53060
-25800,-100,53066
-25760,-120,52983
-25779,-111,53022
-25765,-117,52993
-25783,-109,53030
-25770,-115,53003
-25789,-131,53042
-25755,-122,52972
-25784,-134,53031
-25787,-133,53037
-25773,-139,53008
-25776,-138,53014
-25779,-136,53020
-25782,-135,53026
-25767,-142,52995
-25770,-141,53001
-25760,-146,52980
-25744,-153,52947
-25764,-144,52988
-25757,-147,52973
-25730,-160,52917
-25749,-151,52956
-25735,-158,52927
-25753,-149,52964
-25740,-156,52937
-25755,-174,52968
-25719,-166,52893
-25758,-173,52973
-25725,-163,52905
-25744,-180,52944
-25747,-178,52950
-25750,-177,52956
-25734,-185,52923
-25753,-175,52962
-25723,-190,52900
-25741,-181,52937
-25727,-188,52908
-25731,-186,52916
-25719,-192,52891
-25738,-183,52930
-25705,-199,52862
-25710,-196,52872
-25715,-194,52882
-25700,-201,52851
-25689,-207,52828
-25695,-204,52840
-25718,-219,52887
-25683,-210,52815
-25701,-227,52852
-25721,-217,52893
-25724,-216,52899
-25727,-214,52905
-25712,-222,52874
-25715,-220,52880
-25705,-225,52859
-25698,-229,52844
-25685,-235,52817
-25709,-223,52866
-25694,-231,52835
-25681,-237,52808
-25665,-244,52775
-25671,-242,52787
-25689,-259,52824
-25690,-233,52826
-25676,-239,52797
-25695,-256,52836
-25647,-254,52737
-25686,-260,52817
-25676,-265,52796
-25660,-247,52763
-25683,-262,52810
-25654,-250,52750
-25693,-257,52830
-25680,-263,52803
-25665,-271,52772
-25669,-269,52780
-25673,-267,52788
-25656,-275,52753
-25661,-273,52763
-25652,-277,52744
-25630,-288,52699
-25636,-285,52711
-25624,-291,52686
-25642,-282,52723
-25661,-299,52762
-25664,-297,52768
-25647,-280,52733
-25618,-294,52673
-25658,-300,52755
-25611,-297,52658
-25651,-304,52740
-25655,-302,52748
-25640,-309,52717
-25644,-307,52725
-25627,-315,52690
-25648,-305,52733
-25636,-311,52708
-25607,-325,52648
-25632,-313,52699
-25618,-320,52670
-25623,-318,52680
-25589,-334,52610
-25626,-342,52686
-25613,-323,52659
-25615,-347,52663
-25633,-339,52700
-25582,-337,52595
-25619,-345,52671
-25602,-328,52636
-25607,-351,52646
-25575,-341,52580
-25630,-340,52693
-25596,-331,52623
-25603,-353,52637
-25623,-344,52678
-25612,-349,52654
-25599,-356,52627
-25594,-358,52618
-25589,-360,52607
-25584,-363,52596
-25573,-368,52573
-25579,-365,52585
-25598,-382,52624
-25567,-371,52560
-25587,-387,52601
-25554,-378,52533
-25591,-385,52609
-25539,-385,52502
-25579,-391,52584
-25561,-374,52547
-25583,-389,52592
-25547,-381,52518
-25602,-380,52631
-25570,-396,52565
-25575,-393,52575
-25595,-384,52616
-25550,-405,52523
-25561,-400,52545
-25566,-398,52555
-25532,-414,52485
-25570,-422,52563
-25556,-403,52534
-25545,-408,52511
-25539,-411,52498
-25526,-417,52471
-25567,-423,52555
-25519,-421,52456
-25555,-429,52531
-25559,-427,52539
-25542,-435,52504
-25563,-425,52547
-25511,-425,52440
-25551,-431,52522
-25503,-429,52423
-25547,-433,52513
-25538,-438,52494
-25522,-445,52461
-25528,-443,52473
-25533,-440,52483
-25527,-469,52470
-25511,-451,52437
-25531,-467,52478
-25498,-457,52410
-25535,-465,52486
-25517,-448,52449
-25539,-463,52494
-25523,-471,52461
-25505,-454,52424
-25491,-461,52395
-25514,-475,52442
-25519,-473,52452
-25467,-472,52345
-25476,-468,52363
-25484,-464,52379
-25510,-478,52432
-25494,-485,52400
-25505,-480,52422
-25500,-482,52411
-25483,-491,52376
-25470,-497,52349
-25489,-488,52388
-25477,-494,52363
-25463,-500,52334
-25504,-506,52418
-25508,-505,52426
-25491,-513,52391
-25456,-504,52319
-25500,-508,52409
-25482,-517,52372
-25448,-508,52302
-25431,-516,52267
-25487,-515,52382
-25472,-522,52351
-25440,-512,52285
-25477,-520,52361
-25496,-511,52400
-25461,-527,52327
-25467,-525,52339
-25455,-530,52315
-25449,-533,52302
-25472,-548,52349
-25468,-550,52340
-25436,-540,52274
-25421,-547,52243
-25404,-555,52208
-25459,-554,52321
-25443,-537,52288
-25464,-552,52331
-25429,-543,52259
-25413,-551,52226
-25439,-564,52279
-25477,-546,52357
-25395,-560,52188
-25450,-559,52301
-25455,-557,52311
-25445,-562,52290
-25428,-570,52255
-25434,-567,52267
-25422,-573,52242
-25445,-587,52289
-25416,-576,52229
-25441,-590,52280
-25386,-590,52167
-25427,-596,52251
-25409,-579,52214
-25394,-587,52183
-25432,-594,52261
-25417,-601,52230
-25437,-592,52271
-25402,-583,52199
-25412,-604,52219
-25359,-604,52110
-25378,-595,52149
-25423,-599,52241
-25369,-599,52130
-25388,-615,52169
-25401,-609,52195
-25407,-607,52207
-25395,-612,52182
-25367,-626,52125
-25414,-629,52221
-25400,-636,52192
-25382,-619,52155
-25405,-633,52202
-25351,-634,52091
-25390,-641,52171
-25375,-622,52140
-25395,-638,52181
-25385,-643,52160
-25410,-631,52211
-25323,-647,52032
-25360,-630,52108
-25333,-643,52052
-25374,-649,52136
-25380,-646,52148
-25343,-638,52072
-25368,-652,52123
-25362,-655,52110
-25373,-675,52133
-25355,-658,52096
-25378,-673,52143
-25348,-661,52081
-25333,-669,52050
-25341,-665,52066
-25325,-673,52033
-25383,-670,52152
-25358,-682,52100
-25307,-681,51995
-25364,-680,52112
-25347,-688,52077
-25369,-677,52122
-25353,-685,52089
-25317,-677,52015
-25341,-691,52064
-25287,-691,51953
-25298,-686,51975
-25328,-697,52037
-25351,-712,52084
-25314,-704,52008
-25335,-694,52051
-25322,-701,52023
-25307,-708,51992
-25347,-714,52074
-25299,-712,51975
-25337,-719,52053
-25320,-727,52018
-25342,-717,52063
-25326,-724,52030
-25272,-725,51919
-25332,-722,52042
-25282,-720,51939
-25291,-716,51957
-25308,-733,51993
-25251,-735,51875
-25295,-740,51965
-25315,-730,52006
-25262,-730,51897
-25302,-736,51979
-25288,-743,51950
-25315,-756,52005
-25320,-753,52015
-25310,-758,51994
-25273,-751,51918
-25281,-747,51934
-25305,-761,51983
-25256,-759,51882
-25265,-755,51900
-25294,-766,51960
-25300,-763,51972
-25282,-772,51935
-25288,-769,51947
-25237,-768,51842
-25247,-763,51862
-25269,-779,51907
-25276,-775,51921
-25262,-782,51892
-25227,-773,51820
-25247,-789,51861
-25289,-795,51947
-25255,-786,51877
-25239,-793,51844
-25216,-779,51796
-25230,-798,51826
-25273,-803,51914
-25221,-802,51807
-25284,-797,51936
-25279,-800,51925
-25262,-808,51890
-25249,-814,51863
-25268,-805,51902
-25256,-811,51877
-25212,-807,51786
-25236,-821,51835
-25202,-812,51765
-25243,-818,51849
-25191,-817,51742
-25229,-824,51820
-25180,-823,51718
-25221,-828,51804
-25213,-832,51787
-25252,-839,51867
-25241,-844,51844
-25247,-842,51856
-25196,-841,51751
-25258,-836,51878
-25223,-853,51806
-25205,-836,51769
-25236,-847,51832
-25187,-845,51731
-25230,-850,51819
-25177,-850,51710
-25210,-860,51778
-25155,-861,51665
-25217,-856,51792
-25203,-863,51763
-25226,-878,51810
-25221,-880,51799
-25167,-855,51688
-25188,-871,51731
-25196,-867,51747
-25144,-866,51640
-25180,-875,51713
-24790,-1284,51043
-24815,-1295,51047
-24886,-1186,51148
-25215,-883,51787
-25171,-879,51695
-25162,-883,51676
-25152,-888,51656
-25210,-886,51775
-25184,-898,51721
-25204,-889,51762
-25131,-898,51612
-25191,-895,51735
-25177,-902,51706
-25198,-892,51749
-25142,-893,51634
-25162,-909,51675
-25170,-906,51691
-25120,-904,51587
-25154,-913,51658
-25195,-919,51742
-25108,-910,51561
-25184,-925,51718
-25165,-934,51679
-25146,-917,51640
-25190,-922,51730
-25137,-922,51621
-25178,-928,51705
-25172,-931,51692
-25159,-937,51665
-25107,-936,51558
-25128,-926,51601
-25118,-931,51580
-25152,-941,51650
-25096,-942,51535
-25137,-948,51619
-25084,-948,51510
-25145,-944,51635
-25129,-952,51602
-25158,-964,51661
-25121,-956,51585
-25164,-961,51673
-25112,-960,51566
-25072,-954,51483
-25152,-966,51649
-25146,-969,51636
-25103,-965,51547
-25126,-979,51594
-25093,-969,51526
-25133,-976,51608
-25119,-983,51579
-25140,-973,51622
-25083,-974,51505
-24942,-1111,51228
-25072,-980,51482
-25112,-986,51563
-25061,-985,51458
-25104,-990,51547
-25087,-998,51512
-25096,-994,51530
-25078,-1003,51493
-25133,-1002,51605
-25114,-1011,51566
-24892,-1220,51131
-25121,-1008,51580
-25049,-991,51432
-25127,-1005,51592
-25069,-1007,51473
-25036,-998,51405
-25059,-1012,51452
-25108,-1014,51552
-25101,-1018,51538
-25094,-1021,51523
-25037,-1023,51406
-25079,-1029,51492
-25087,-1025,51508
-25049,-1017,51430
-25071,-1032,51475
-25013,-1035,51355
-25063,-1037,51457
-25026,-1029,51381
-25054,-1041,51439
-25035,-1050,51399
-25045,-1045,51419
-25000,-1041,51326
-25025,-1055,51377
-25069,-1062,51467
-25014,-1061,51354
-25076,-1060,51481
-24943,-1130,51216
-25089,-1056,51507
-25054,-1067,51437
-25083,-1058,51494
-25046,-1071,51420
-25029,-1079,51385
-25096,-1054,51520
-25038,-1075,51403
-25102,-1052,51532
-25062,-1065,51452
-24990,-1072,51304
-24977,-1079,51277
-25020,-1083,51365
-25003,-1066,51330
-25011,-1088,51345
-24979,-1104,51279
-25001,-1093,51324
-24991,-1098,51302
-24968,-1110,51254
-24937,-1178,51186
-25006,-1149,51316
-24957,-1164,51217
-24978,-1158,51260
-25023,-1144,51350
-24968,-1161,51239
-25072,-1129,51448
-25052,-1135,51409
-25015,-1146,51333
-25038,-1139,51380
-24997,-1152,51298
-24988,-1154,51279
-25031,-1141,51365
-25059,-1133,51422
-25046,-1137,51395
-25066,-1131,51435
-24927,-1285,51122
-24991,-1250,51248
-25035,-1235,51336
-25007,-1244,51280
-25042,-1233,51349
-25000,-1246,51265
-24983,-1254,51230
-25015,-1241,51295
-25022,-1239,51309
-25029,-1237,51323
-24974,-1258,51212
-24965,-1262,51193
-24955,-1267,51172
-24945,-1271,51151
-24529,-1582,50752
-24585,-1636,50747
-24698,-1413,50924
-24725,-1490,50894
-24823,-1388,50999
-24730,-1608,50830
-24887,-1323,51073
-24815,-1516,50925
-24873,-1454,50993
-24989,-1366,51197
-24910,-1417,51041
-24982,-1369,51182
-24997,-1364,51212
-24966,-1376,51150
-24974,-1372,51166
-25004,-1361,51225
-25011,-1360,51239
-24958,-1380,51132
-24949,-1386,51113
-24939,-1393,51092
-24929,-1400,51071
-24797,-1661,50835
-24852,-1601,50900
-24889,-1561,50948
-24938,-1522,51039
-24947,-1518,51056
-24920,-1532,51002
-24910,-1539,50981
-24972,-1508,51103
-24930,-1527,51021
-24979,-1505,51117
-24956,-1514,51072
-24964,-1511,51088
-24864,-1723,50844
-24888,-1700,50877
-24900,-1691,50899
-24910,-1685,50918
-24920,-1680,50937
-24930,-1675,50954
-24938,-1672,50970
-24947,-1670,50984
-24200,-2042,50347
-24268,-2096,50346
-24404,-1826,50559
-24451,-1904,50536
-24473,-2007,50488
-24610,-1736,50702
-24476,-2130,50419
-24614,-1858,50634
-24603,-1997,50551
-24720,-1744,50749
-24701,-1893,50656
-24773,-1817,50736
-24676,-2062,50549
-24826,-1761,50797
-24745,-1991,50625
-24799,-1938,50684
-24838,-1900,50730
-24865,-1876,50764
-24881,-1864,50788
-24891,-1860,50806
-24901,-1856,50822
-24910,-1853,50838
-24769,-2132,50559
-24811,-2091,50607
-24842,-2064,50643
-24862,-2049,50670
-24874,-2044,50688
-24067,-2310,50138
-24126,-2374,50127
-24158,-2469,50086
-24308,-2181,50316
-24325,-2290,50261
-24322,-2432,50179
-24464,-2283,50326
-24582,-2159,50451
-24440,-2465,50211
-24553,-2350,50328
-24644,-2257,50423
-24517,-2560,50191
-24714,-2186,50499
-24607,-2470,50284
-24679,-2400,50359
-24734,-2346,50419
-24779,-2304,50468
-24814,-2273,50507
-24698,-2573,50270
-23709,-2822,49691
-23846,-2546,49907
-23778,-2880,49687
-23928,-2585,49920
-23976,-2665,49895
-23998,-2774,49842
-24003,-2918,49762
-24166,-2595,50017
-24160,-2754,49924
-24306,-2603,50074
-24141,-2939,49810
-24280,-2799,49950
-24407,-2670,50080
-24367,-2894,49933
-24475,-2787,50042
-24566,-2699,50133
-24640,-2628,50209
-24518,-2952,49963
-23471,-3082,49439
-23563,-3114,49460
-23621,-3183,49445
-23817,-2970,49652
-23654,-3289,49398
-23835,-3096,49587
-23835,-3255,49496
-23994,-3091,49659
-23969,-3299,49527
-24111,-3153,49673
-24244,-3018,49809
-24196,-3271,49637
-24317,-3151,49759
-24425,-3043,49869
-23077,-3648,48944
-23330,-3369,49213
-23182,-3665,48979
-23410,-3414,49222
-23459,-3498,49195
-23484,-3629,49129
-23666,-3435,49319
-23658,-3625,49203
-23818,-3457,49370
-23788,-3688,49220
-23932,-3539,49368
-24068,-3401,49507
-24017,-3667,49326
-24141,-3543,49452
-24258,-3427,49570
-22936,-3939,48716
-23025,-3977,48731
-23250,-3727,48972
-23082,-4067,48702
-23290,-3840,48923
-23306,-4001,48834
-23487,-3807,49025
-23474,-4015,48895
-23636,-3846,49063
-23602,-4091,48903
-23748,-3941,49052
-23886,-3800,49193
-23831,-4078,49004
-23958,-3950,49132
-22668,-4240,48427
-22784,-4247,48471
-22861,-4313,48463
-22908,-4433,48412
-23113,-4209,48630
-23123,-4389,48528
-23304,-4196,48717
-23287,-4420,48577
-23448,-4250,48744
-23410,-4508,48574
-23558,-4357,48725
-23698,-4213,48868
-23639,-4509,48665
-22524,-4541,48189
-22623,-4578,48207
-22690,-4673,48178
-22730,-4815,48110
-22932,-4595,48326
-22936,-4792,48209
-23116,-4600,48399
-23092,-4843,48242
-23255,-4671,48412
-23360,-4793,48380
-23502,-4646,48526
-22243,-4860,47883
-22370,-4865,47931
-22458,-4931,47928
-22514,-5051,47880
-22745,-4999,48006
-22739,-5223,47867
-22921,-5026,48061
-23053,-5116,48059
-23210,-4949,48224
-23157,-5292,47996
-23306,-5149,48145
-22098,-5175,47634
-22210,-5210,47659
-22284,-5308,47629
-22327,-5462,47554
-22543,-5221,47788
-22547,-5435,47660
-22713,-5486,47695
-22887,-5295,47883
-22839,-5612,47670
-23001,-5446,47838
-21805,-5513,47310
-21942,-5516,47364
-22037,-5590,47357
-22097,-5724,47300
-22126,-5911,47198
-22343,-5664,47437
-22334,-5910,47283
-22529,-5691,47496
-22491,-5987,47299
-22669,-5792,47490
-22793,-6057,47389
-22956,-5914,47546
-21652,-5856,47039
-21771,-5899,47060
-21850,-6010,47025
-21896,-6178,46941
-22129,-6145,47055
-22305,-6197,47094
-22448,-6387,47041
-22624,-6215,47221
-21337,-6233,46681
-21485,-6239,46736
-21587,-6321,46727
-21650,-6467,46664
-21912,-6397,46812
-21903,-6660,46647
-22109,-6422,46876
-22265,-6573,46850
-22590,-6821,46853
-21175,-6613,46381
-21304,-6660,46404
-21389,-6777,46366
-21439,-6954,46278
-21682,-6666,46554
-21687,-6913,46402
-21875,-6989,46429
-22074,-6774,46646
-22234,-7127,46509
-22415,-6970,46685
-20841,-7023,45993
-21000,-7028,46054
-21111,-7112,46047
-21181,-7263,45980
-21458,-7184,46140
-21667,-7221,46198
-21849,-7471,46129
-22045,-7292,46324
-20674,-7428,45674
-20813,-7475,45701
-20906,-7596,45661
-21216,-7474,45861
-21449,-7469,45953
-21646,-7665,45920
-22022,-7943,45933
-22204,-7783,46111
-20960,-7782,45563
-21221,-7736,45693
-20981,-8023,45415
-21214,-8104,45462
-21434,-7876,45698
-21636,-8285,45552
-21833,-8110,45747
-20316,-7868,45253
-20493,-7869,45324
-20613,-7953,45318
-20689,-8111,45246
-20729,-8329,45120
-20984,-8352,45209
-21431,-8469,45347
-21803,-8778,45339
-20144,-8297,44912
-20300,-8339,44949
-20401,-8464,44906
-20462,-8653,44807
-20744,-8620,44940
-20994,-8867,44907
-21217,-8663,45132
-21614,-8947,45151
-19733,-8766,44431
-19959,-8757,44543
-20095,-8841,44543
-20493,-8906,44656
-20762,-9084,44669
-21214,-9308,44751
-21418,-9124,44955
-20181,-8996,44475
-20232,-9212,44355
-20521,-9317,44419
-21003,-9499,44539
-21391,-9799,44543
-19563,-9209,44079
-19764,-9243,44151
-19885,-9359,44126
-19958,-9539,44037
-20271,-9568,44154
-20784,-9698,44318
-20556,-9905,44089
-21198,-9972,44350
-20997,-10152,44150
-19100,-9693,43547
-19383,-9673,43708
-19564,-9743,43748
-19671,-9887,43700
-20012,-9839,43872
-20318,-10122,43847
-20789,-10340,43940
-19196,-10154,43323
-19358,-10257,43332
-19740,-10133,43571
-20069,-10349,43595
-20573,-10535,43723
-20348,-10737,43497
-20977,-10825,43738
-20778,-11002,43540
-18941,-10133,43202
-19457,-10450,43251
-19810,-10587,43331
-20115,-10948,43262
-20573,-11185,43335
-18425,-10624,42619
-18771,-10593,42836
-19000,-10652,42919
-19148,-10793,42900
-19540,-10840,43053
-19258,-11114,42757
-19873,-11168,43016
-20361,-11375,43123
-20141,-11572,42902
-20561,-11853,42930
-18592,-11071,42453
-18799,-11164,42504
-19620,-11398,42761
-19913,-11778,42673
-20360,-12032,42729
-18280,-11061,42281
-18949,-11414,42428
-19356,-11638,42493
-19077,-11890,42211
-19676,-11991,42435
-20151,-12217,42522
-19935,-12410,42306
-18122,-11516,41925
-18404,-11563,42057
-18604,-11741,42057
-18770,-12157,41900
-19429,-12214,42186
-19172,-12447,41927
-19711,-12610,42083
-20147,-12880,42122
-17703,-11558,41640
-17954,-11988,41553
-18217,-12098,41637
-18898,-12690,41652
-19479,-12818,41851
-19942,-13062,41919
-19730,-13250,41709
-17575,-11989,41319
-18426,-12440,41554
-18596,-12948,41348
-19238,-13034,41609
-18986,-13259,41357
-19510,-13445,41491
-17432,-12438,40977
-17779,-12487,41161
-18043,-12748,41164
-18259,-13219,41012
-18717,-13496,41087
-19283,-13647,41264
-19733,-13910,41311
-19524,-14094,41104
-16949,-12490,40632
-17278,-12906,40616
-17614,-13084,40721
-18419,-13745,40790
-19046,-13858,41028
-18799,-14078,40780
-19308,-14285,40890
-16837,-12914,40325
-17885,-13506,40638
-18088,-14008,40460
-18531,-14309,40511
-19084,-14483,40665
-18851,-14690,40432
-19317,-14952,40486
-16709,-13357,39996
-17126,-13451,40213
-17463,-13808,40218
-17722,-14285,40094
-18236,-14552,40215
-18607,-14905,40187
-19104,-15139,40275
-16187,-13422,39614
-16573,-13851,39631
-16985,-14127,39741
-17911,-14807,39891
-18341,-15130,39922
-18883,-15333,40055
-18655,-15534,39828
-16087,-13840,39317
-17312,-14576,39685
-17552,-15075,39534
-18050,-15366,39632
-18413,-15744,39587
-18900,-16048,39635
-18683,-16236,39420
-15972,-14290,38990
-16446,-14470,39201
-16848,-14882,39225
-17152,-15356,39137
-17730,-15613,39314
-18149,-15963,39325
-18458,-16432,39198
-15415,-14356,38581
-16327,-15202,38708
-17379,-15872,38966
-17861,-16193,39039
-18217,-16636,38960
-18485,-17236,38741
-15328,-14770,38293
-15861,-14848,38605
-16703,-15650,38692
-16988,-16143,38580
-17546,-16433,38728
-17955,-16850,38701
-18262,-17426,38522
-15758,-15540,38145
-16199,-15957,38195
-16551,-16426,38150
-17202,-16683,38388
-17671,-17073,38420
-17360,-17306,38115
-18021,-17624,38287
-15236,-15265,37955
-16820,-16945,38012
-17022,-17549,37783
-17761,-17830,38032
-17479,-18046,37756
-18067,-18546,37786
-14636,-15293,37538
-15150,-15900,37540
-15651,-16280,37654
-16064,-16721,37670
-16394,-17218,37594
-16647,-17802,37415
-17172,-18272,37457
-17826,-18736,37554
-14567,-15727,37249
-15066,-16622,37074
-15534,-17031,37149
-15921,-17503,37130
-16839,-18507,37131
-17566,-18934,37303
-17286,-19142,37032
-14501,-16295,36884
-16231,-18066,37008
-16470,-18752,36771
-16983,-19358,36739
-17635,-20013,36740
-13851,-16238,36479
-14440,-16985,36454
-14970,-17359,36592
-15408,-17801,36627
-15770,-18341,36558
-16061,-19007,36373
-16652,-19585,36418
-17375,-20197,36496
-13808,-16734,36172
-14368,-17705,35997
-14863,-18115,36091
-15272,-18629,36070
-15611,-19274,35933
-16287,-19822,36063
-17094,-20391,36229
-16792,-20596,35941
-13770,-17371,35787
-15886,-20069,35672
-16463,-20811,35626
-17192,-21660,35585
-13067,-17222,35395
-13724,-18073,35357
-14281,-18447,35515
-14743,-18933,35548
-15126,-19553,35457
-15446,-20326,35243
-16102,-21037,35279
-16910,-21828,35330
-16608,-22008,35052
-13053,-17788,35066
-13661,-18799,34900
-14181,-19253,34993
-14613,-19846,34952
-14973,-20596,34781
-15707,-21272,34898
-16279,-22200,34747
-13035,-18464,34670
-15276,-21514,34480
-15921,-22405,34410
-16746,-23489,34313
-13000,-19173,34243
-13583,-19591,34401
-14068,-20156,34416
-14473,-20880,34292
-14814,-21769,34032
-15530,-22621,34039
-16440,-23639,34050
-16108,-23802,33758
-12285,-18254,34279
-12297,-18882,33931
-13491,-20483,33845
-13945,-21178,33772
-14327,-22038,33556
-15105,-22849,33634
-15749,-23978,33437
-12294,-19570,33538
-12948,-19950,33770
-14652,-23091,33199
-15358,-24169,33086
-16295,-25519,32933
-12270,-20332,33095
-12878,-20830,33236
-13386,-21491,33219
-13814,-22323,33052
-14176,-23348,32744
-14937,-24373,32702
-15958,-25649,32662
-15594,-25791,32361
-11506,-19330,33136
-12794,-21823,32630
-13271,-22625,32518
-13674,-23620,32261
-14490,-24594,32288
-15202,-25947,32028
-11539,-19994,32782
-11548,-20739,32372
-12227,-21198,32586
-14021,-24831,31849
-14780,-26118,31661
-15830,-27738,31444
-15462,-27849,31158
-11534,-21586,31891
-12166,-22176,32003
-12696,-22947,31955
-13144,-23910,31748
-13529,-25085,31383
-14336,-26305,31268
-15068,-27968,30841
-10730,-20448,31969
-11499,-22554,31341
-12088,-23290,31356
-12585,-24219,31203
-13012,-25354,30886
-13873,-26508,30848
-14645,-28100,30494
-15351,-30114,29833
-10775,-21175,31595
-10795,-22003,31148
-11996,-24544,30622
-13387,-26731,30401
-14202,-28248,30120
-14954,-30206,29530
-10788,-22959,30632
-11444,-23654,30715
-12468,-25643,30359
-12878,-26974,29924
-13739,-28414,29721
-14530,-30308,29198
-9948,-21638,30759
-10004,-22452,30356
-10760,-24043,30030
-11372,-24893,30002
-11892,-25953,29795
-12342,-27240,29412
-13254,-28599,29294
-14085,-30424,28841
-13621,-30556,28461
-14854,-32633,28107
-10032,-23390,29869
-11284,-26287,29191
-11778,-27530,28865
-12748,-28807,28836
-13137,-30704,28055
-14428,-32712,27787
-13983,-32802,27446
-10030,-24464,29289
-10708,-25270,29334
-12217,-29038,28347
-12632,-30871,27622
-13520,-32905,27084
-14339,-35263,26288
-9158,-22933,29500
-9220,-23860,29041
-10003,-25676,28620
-10640,-26647,28547
-11184,-27843,28282
-11661,-29294,27825
-12105,-31059,27161
-13037,-33021,26699
-13895,-35333,25960
-9250,-24921,28491
-9957,-27035,27858
-10556,-28182,27660
-11078,-29575,27268
-11554,-31271,26668
-12534,-33154,26289
-13432,-35413,25614
-12952,-35504,25246
-9252,-26116,27853
-9893,-28548,26997
-10464,-29883,26673
-10977,-31509,26141
-12010,-33303,25853
-12452,-35608,24856
-13817,-37967,24409
-13357,-38030,24075
-8374,-24344,28167
-8437,-25392,27651
-9231,-27454,27119
-10374,-31774,25577
-11463,-33471,25388
-11931,-35726,24442
-12878,-38102,23721
-13289,-40719,22484
-8472,-26568,27047
-9191,-28942,26288
-9818,-30220,26038
-10892,-33661,24893
-11388,-35860,24001
-12381,-38184,23347
-11864,-38278,22951
-12813,-40777,22142
-7626,-25839,26798
-8481,-27883,26346
-8469,-29343,25549
-9138,-30584,25361
-9741,-32068,24975
-10295,-33876,24363
-10822,-36011,23533
-11326,-38385,22531
-12319,-40844,21781
-11806,-40919,21400
-12753,-43499,20523
-7691,-26999,26227
-7729,-28293,25560
-8442,-30951,24658
-9078,-32391,24333
-9670,-34119,23797
-10231,-36183,23034
-10766,-38506,22086
-11273,-41005,20998
-12263,-43554,20173
-11755,-43617,19804
-6917,-27401,25398
-7746,-29726,24799
-8404,-32716,23669
-9021,-34387,23194
-9614,-36377,22501
-10181,-38643,21613
-10719,-41103,20572
-11227,-43687,19416
-12210,-46288,18535
-11706,-46342,18177
-6983,-28678,24764
-7026,-30089,24038
-7745,-31304,23944
-7731,-33031,22992
-8366,-34657,22573
-8977,-36588,21940
-9572,-38799,21110
-10141,-41214,20120
-10679,-43768,19006
-11184,-46402,17801
-11660,-49070,16530
-6257,-29023,23971
-7049,-31639,23217
-7711,-34922,21936
-8337,-36796,21363
-8949,-38960,20585
-8323,-39114,20047
-9542,-41337,19643
-8932,-41457,19150
-10109,-43858,18574
-9520,-43953,18119
-10643,-46469,17405
-10079,-46543,16985
-11143,-49123,16162
-10606,-49181,15773
-11097,-51824,14507
-6322,-30417,23275
-6367,-31944,22486
-7057,-33333,22300
-7057,-35179,21283
-7696,-37000,20770
-7694,-39260,19493
-8319,-41566,18644
-8923,-44039,17650
-9502,-46616,16548
-10050,-49244,15364
-10566,-51883,14123
-5639,-30705,22512
-5704,-32211,21755
-6395,-33608,21603
-6412,-35415,20621
-7056,-37200,20157
-7064,-39398,18922
-7702,-41665,18123
-8323,-44113,17171
-8919,-46675,16102
-8333,-46722,15647
-9487,-49297,14945
-8918,-49336,14519
-10022,-51936,13726
-9472,-51974,13324
-10517,-54517,12482
-9988,-54573,12092
-5751,-33849,20901
-5785,-35621,19954
-6426,-37383,19534
-6446,-39519,18344
-7086,-41753,17590
-7720,-44175,16681
-7117,-44222,16182
-7743,-46754,15183
-8346,-49361,14086
-8918,-51998,12915
-8360,-52007,12499
-9455,-54612,11699
-8916,-54634,11301
-9942,-57111,10482
-9424,-57156,10095
-5026,-32470,20985
-5098,-34077,20172
-5155,-35815,19266
-5814,-37542,18908
-5846,-39621,17761
-6480,-41819,17054
-5889,-41862,16515
-6524,-44244,15681
-7155,-46768,14713
-6577,-46755,14244
-7770,-49371,13644
-7198,-49359,13201
-7799,-51999,12078
-8373,-54635,10900
-7828,-54615,10497
-8902,-57182,9705
-8376,-57189,9312
-9377,-59571,8529
-8873,-59613,8141
-8820,-61887,6628
-4410,-34317,19390
-4493,-36020,18528
-5202,-37691,18262
-5247,-39716,17160
-5300,-41896,15960
-5945,-44240,15180
-6009,-46714,13776
-6634,-49318,12759
-6081,-49249,12320
-7243,-51967,11658
-6695,-51905,11240
-7288,-54565,10097
-6756,-54487,9702
-7850,-57172,8920
-7330,-57124,8534
-8365,-59635,7752
-7859,-59627,7369
-7360,-59585,6993
-8332,-61925,6242
-7850,-61932,5862
-8288,-64086,4769
-4562,-37854,17570
-4625,-39827,16516
-4691,-41945,15365
-5366,-44223,14666
-4768,-44214,14119
-5442,-46658,13298
-5525,-49163,11873
-6156,-51814,10828
-5613,-51705,10407
-6232,-54380,9312
-5704,-54252,8913
-6816,-57043,8155
-6311,-56923,7783
-6869,-59506,6625
-6382,-59396,6263
-7375,-61907,5491
-6905,-61848,5129
-7825,-64091,4402
-7368,-64071,4039
-6918,-64027,3682
-7793,-66167,2957
-7353,-66144,2608
-7332,-68135,1198
-3795,-36237,17736
-3891,-38030,16828
-3976,-39953,15824
-4058,-42011,14726
-4147,-44216,13532
-4856,-46603,12791
-4248,-46553,12251
-4952,-49073,11400
-4361,-48979,10899
-5055,-51586,9964
-5161,-54114,8495
-5797,-56784,7403
-5266,-56635,7006
-5883,-59268,5893
-5368,-59123,5510
-6436,-61757,4772
-5955,-61647,4407
-5457,-61517,4032
-6467,-63963,3325
-6003,-63880,2960
-6918,-66097,2265
-6479,-66034,1917
-6027,-65960,1557
-6911,-68087,864
-6483,-68026,525
-6043,-67954,176
-6897,-69993,-514
-6480,-69936,-844
-6470,-71762,-2191
-3182,-38220,16030
-3293,-40096,15080
-3396,-42097,14038
-3503,-44231,12901
-3621,-46504,11672
-3747,-48884,10364
-4478,-51460,9496
-3880,-51332,8999
-4598,-53968,8055
-4015,-53817,7589
-4718,-56476,6590
-4149,-56308,6151
-4835,-58961,5112
-4280,-58783,4692
-4939,-61369,3639
-4403,-61203,3231
-5522,-63778,2582
-5024,-63656,2194
-4508,-63512,1793
-5563,-65877,1185
-5085,-65782,799
-5592,-67872,-183
-5126,-67780,-556
-6052,-69868,-1184
-5613,-69790,-1534
-5160,-69701,-1895
-6054,-71699,-2523
-5626,-71625,-2863
-5186,-71542,-3215
-6048,-73446,-3838
-5632,-73378,-4170
-5204,-73300,-4512
-5630,-75049,-5453
-2572,-40249,14276
-2706,-42192,13295
-2834,-44260,12219
-2967,-46466,11048
-3109,-48793,9791
-3257,-51203,8468
-3407,-53659,7093
-3557,-56131,5683
-2939,-55945,5186
-3704,-58593,4251
-3104,-58393,3782
-3845,-61019,2806
-3263,-60814,2361
-3970,-63347,1379
-3409,-63160,948
-4589,-65670,401
-4073,-65537,-8
-3535,-65380,-433
-4646,-67678,-943
-4148,-67565,-1346
-3633,-67439,-1765
-4693,-69602,-2270
-4210,-69492,-2658
-3711,-69371,-3061
-4733,-71448,-3578
-4264,-71342,-3953
-3780,-71226,-4341
-4763,-73212,-4864
-4309,-73113,-5228
-3840,-73002,-5602
-5214,-74977,-5786
-4786,-74894,-6129
-4346,-74801,-6478
-5215,-76548,-7025
-4801,-76472,-7353
-4376,-76383,-7677
-4812,-77956,-8531
-4402,-77866,-8840
-4425,-79273,-9977
-1964,-42289,12479
-2129,-44307,11478
-2282,-46444,10373
-2441,-48710,9174
-1738,-48636,8499
-2605,-51073,7896
-1922,-50947,7279
-2772,-53496,6562
-2108,-53331,5992
-2294,-55753,4656
-2478,-58182,3286
-2656,-60593,1894
-2825,-62953,498
-2215,-62725,29
-2974,-65201,-872
-2389,-64996,-1326
-3097,-67295,-2198
-2538,-67126,-2644
-3194,-69238,-3479
-2658,-69094,-3911
-3280,-71098,-4742
-2762,-70956,-5140
-3357,-72878,-5971
-2859,-72736,-6349
-3893,-74693,-6823
-3428,-74570,-7174
-2950,-74430,-7532
-3940,-76279,-8007
-3492,-76160,-8342
-3032,-76025,-8684
-3982,-77762,-9154
-3550,-77645,-9474
-3106,-77512,-9799
-4019,-79169,-10276
-3603,-79052,-10580
-3175,-78921,-10890
-4055,-80482,-11362
-3652,-80365,-11651
-3239,-80235,-11946
-2814,-80092,-12246
-3700,-81608,-12699
-3300,-81479,-12980
-2887,-81339,-13269
-3354,-82666,-14000
-2954,-82529,-14279
-3121,-83007,-14716
-1351,-44340,10641
-1551,-46431,9625
-972,-48552,7740
-1198,-50820,6604
-1413,-53165,5379
-1621,-55555,4092
-1824,-57961,2759
-1141,-57733,2199
-2023,-60360,1400
-1363,-60115,879
-1578,-62475,-459
-1778,-64767,-1796
-1139,-64513,-2271
-1954,-66932,-3097
-1345,-66706,-3551
-2102,-68932,-4344
-1524,-68740,-4785
-2228,-70795,-5549
-1676,-70614,-5970
-2346,-72575,-6735
-1816,-72394,-7130
-1267,-72191,-7536
-2456,-74271,-7898
-1947,-74092,-8272
-1420,-73893,-8655
-2558,-75873,-9033
-2068,-75703,-9390
-1563,-75512,-9754
-2650,-77364,-10131
-2179,-77198,-10470
-1693,-77014,-10816
-2735,-78775,-11205
-2282,-78614,-11527
-1812,-78437,-11861
-2375,-79935,-12556
-1922,-79764,-12876
-1452,-79578,-13205
-2462,-81187,-13567
-2023,-81022,-13874
-1570,-80843,-14188
-2542,-82381,-14565
-2117,-82222,-14857
-2725,-82869,-14989
-2317,-82719,-15268
-1679,-82048,-15158
-2889,-83352,-15439
-1897,-82557,-15553
-2497,-83212,-15705
-2093,-83059,-15976
-1463,-82379,-15844
-2658,-83700,-16169
-1678,-82893,-16253
-2270,-83556,-16426
-1871,-83400,-16690
-2429,-84049,-16904
-1460,-83232,-16959
-2045,-83903,-17154
-1650,-83745,-17410
-2199,-84399,-17652
-1819,-84250,-17896
-1969,-84748,-18417
-1592,-84595,-18657
-1737,-85096,-19199
-1510,-85448,-19992
-731,-46390,8765
-112,-48434,6867
-394,-50663,5836
-660,-52979,4700
-909,-55346,3480
-124,-55101,2791
-406,-57478,1583
-668,-59855,322
-911,-62208,-970
-197,-61909,-1510
-467,-64225,-2763
-710,-66443,-4016
-32,-66124,-4506
-923,-68511,-5234
-291,-68237,-5694
-1104,-70411,-6401
-510,-70178,-6844
-699,-71966,-7954
-106,-71712,-8388
-875,-73671,-9049
-308,-73426,-9457
-1039,-75298,-10128
-493,-75061,-10517
-1188,-76810,-11176
-664,-76588,-11548
-1326,-78243,-12205
-120,-76344,-11932
-821,-78031,-12560
-298,-77799,-12926
-967,-79376,-13544
-464,-79156,-13893
-1101,-80649,-14511
-617,-80439,-14844
-1227,-81859,-15464
-115,-80211,-15186
-760,-81654,-15779
-1016,-82188,-16143
-276,-81432,-16103
-1249,-82713,-16537
-554,-81981,-16451
-806,-82520,-16829
-75,-81758,-16767
-1035,-83051,-17236
-348,-82312,-17129
-1243,-83575,-17673
-597,-82856,-17521
-823,-83392,-17943
-146,-82644,-17813
-1428,-84089,-18147
-391,-83193,-18220
-1025,-83917,-18403
-611,-83728,-18670
-1204,-84430,-18902
-183,-83524,-18944
-807,-84252,-19154
-1365,-84940,-19431
-398,-84061,-19413
-984,-84772,-19669
-591,-84592,-19913
-1143,-85289,-20216
-181,-84395,-20169
-765,-85118,-20445
-1285,-85806,-20796
-373,-84933,-20685
-922,-85643,-21011
-546,-85467,-21235
-1063,-86170,-21614
-147,-85270,-21476
-702,-86002,-21822
-319,-85814,-22045
-841,-86538,-22446
-473,-86356,-22657
-81,-86151,-22884
-607,-86893,-23312
-231,-86697,-23524
-364,-87243,-24203
-109,-87585,-25121
502,-50466,4956
177,-52752,3925
747,-54807,2006
408,-57176,893
93,-59552,-285
936,-59188,-965
586,-61548,-2113
263,-63871,-3300
1066,-63446,-3898
712,-65728,-5043
395,-67894,-6190
1153,-67463,-6733
123,-69891,-7307
821,-69525,-7814
538,-71407,-8865
295,-73145,-9894
955,-72810,-10376
76,-74799,-10921
692,-74492,-11362
457,-76068,-12339
1087,-75739,-12787
247,-77545,-13305
836,-77246,-13717
58,-78916,-14252
610,-78645,-14631
1211,-78324,-15048
407,-79960,-15540
971,-79671,-15925
224,-81192,-16438
752,-80925,-16793
421,-81513,-17097
123,-82085,-17438
1326,-80617,-17188
956,-81233,-17458
624,-81830,-17770
325,-82410,-18120
1169,-81537,-18138
55,-82976,-18508
835,-82143,-18458
536,-82729,-18823
1390,-81837,-18833
270,-83294,-19236
1057,-82445,-19172
32,-83849,-19686
761,-83033,-19558
495,-83607,-19983
1292,-82737,-19914
257,-84169,-20445
995,-83333,-20312
43,-84723,-20943
729,-83914,-20749
491,-84485,-21225
1239,-83627,-21083
278,-85046,-21738
973,-84217,-21534
735,-84795,-22024
87,-85601,-22288
523,-85364,-22554
1227,-84514,-22339
990,-85097,-22847
335,-85922,-23132
781,-85668,-23404
169,-86478,-23754
1259,-85387,-23702
595,-86236,-24006
21,-87033,-24418
1051,-85968,-24281
430,-86800,-24651
866,-86544,-24906
284,-87362,-25338
1334,-86259,-25187
702,-87117,-25576
157,-87916,-26072
1150,-86844,-25837
560,-87680,-26294
991,-87418,-26538
440,-88229,-27065
1455,-87123,-26811
857,-87974,-27296
1305,-87688,-27553
744,-88520,-28101
1177,-88244,-28343
1070,-88790,-29178
1518,-88495,-29430
1419,-89039,-30296
1113,-52477,3036
1723,-54453,1132
1313,-56814,124
1868,-58745,-1729
1451,-61111,-2787
1951,-62937,-4565
1532,-65244,-5637
1992,-66937,-7337
1594,-69072,-8373
1249,-71028,-9388
2035,-70558,-9962
1679,-72411,-10911
2478,-71927,-11501
1367,-74127,-11850
2108,-73694,-12390
1777,-75349,-13282
1479,-76892,-14170
2534,-74889,-13830
2183,-76474,-14671
1866,-77946,-15509
1582,-79330,-16352
2585,-77507,-16024
2254,-78934,-16827
1956,-80261,-17629
1541,-80912,-17860
2647,-79852,-18122
2181,-80542,-18308
1764,-81202,-18547
2414,-80818,-19002
1996,-81486,-19251
1624,-82123,-19558
2658,-81085,-19718
2241,-81757,-19986
1869,-82401,-20307
1537,-83023,-20674
2497,-82019,-20743
2124,-82673,-21073
1790,-83304,-21451
1493,-83917,-21874
2767,-82271,-21520
2390,-82937,-21860
2055,-83578,-22249
1756,-84199,-22684
2670,-83188,-22669
1492,-84800,-23169
2334,-83839,-23070
2037,-84463,-23527
1774,-85071,-24032
2632,-84080,-23927
1541,-85669,-24585
2335,-84713,-24401
2073,-85330,-24925
1840,-85938,-25501
2650,-84949,-25304
1634,-86538,-26128
2388,-85577,-25851
2157,-86194,-26452
2720,-85811,-26811
1956,-86793,-27114
2495,-86425,-27451
1786,-87371,-27838
2302,-87019,-28152
1640,-87938,-28610
2853,-86631,-28495
2136,-87600,-28904
2665,-87229,-29225
1996,-88168,-29706
2504,-87813,-30007
1882,-88723,-30558
3035,-87435,-30326
2370,-88381,-30840
1792,-89260,-31461
2879,-88020,-31138
2263,-88929,-31728
2753,-88581,-32009
2182,-89455,-32672
2654,-89120,-32936
2579,-89643,-33913
3051,-89305,-34174
2984,-89818,-35190
2324,-56367,-751
2912,-58197,-2602
2409,-60582,-3546
2939,-62323,-5327
2442,-64665,-6308
2928,-66300,-8016
2450,-68518,-8991
3411,-67839,-9687
2910,-69981,-10598
3373,-71327,-12158
2925,-73182,-12992
3369,-74341,-14447
2954,-75984,-15231
3815,-75406,-15869
3382,-76995,-16606
2993,-78476,-17359
3810,-77938,-17957
2882,-80118,-18808
3408,-79377,-18673
3128,-80375,-19512
3657,-79621,-19371
3390,-80618,-20244
3919,-79853,-20089
2917,-81336,-20464
3666,-80846,-21004
4194,-80071,-20831
3190,-81576,-21233
3954,-81063,-21785
3475,-81806,-22022
3049,-82512,-22318
4254,-81269,-22584
3773,-82024,-22832
3345,-82742,-23139
2966,-83426,-23504
4084,-82231,-23663
3658,-82954,-23989
3280,-83644,-24373
2946,-84307,-24812
3985,-83152,-24867
3609,-83849,-25269
3275,-84521,-25726
2981,-85173,-26239
4316,-83346,-25761
3946,-84049,-26185
3616,-84727,-26665
3325,-85387,-27205
4286,-84247,-27118
3072,-86019,-27820
3962,-84933,-27626
3680,-85584,-28214
3433,-86217,-28862
4317,-85119,-28631
3219,-86834,-29567
4041,-85775,-29249
3799,-86414,-29928
3589,-87035,-30663
4404,-85966,-30308
4167,-86609,-31016
3409,-87638,-31453
3963,-87231,-31784
3263,-88213,-32306
4540,-86799,-32134
3793,-87824,-32617
3144,-88769,-33214
4345,-87411,-32943
3652,-88396,-33505
4182,-88003,-33810
3540,-88949,-34447
4047,-88573,-34732
3454,-89476,-35447
4575,-88177,-35032
3942,-89116,-35715
4448,-88737,-35996
3399,-89963,-36515
3869,-89616,-36769
4355,-89252,-37034
3824,-90085,-37882
4293,-89734,-38133
4262,-90178,-39297
4717,-90232,-40765
3487,-59934,-4419
4052,-61584,-6205
3463,-63973,-7077
3980,-65536,-8793
4487,-67018,-10472
3894,-69270,-11315
4370,-70585,-12891
3836,-72557,-13672
4828,-71794,-14410
4294,-73689,-15143
4744,-74724,-16567
4255,-76390,-17255
5180,-75677,-17947
4683,-77300,-18602
4229,-78814,-19276
4489,-79032,-19979
5099,-78142,-19914
4762,-79234,-20707
5366,-78336,-20624
4481,-80273,-21599
5043,-79428,-21453
4776,-80466,-22381
5330,-79616,-22217
4562,-81465,-23398
5075,-80658,-23176
5375,-80850,-23981
4873,-81658,-24228
4407,-82423,-24521
5190,-81845,-25079
4733,-82613,-25394
5509,-82032,-25943
5062,-82803,-26283
4652,-83540,-26671
5393,-82994,-27186
4990,-83734,-27599
4631,-84444,-28075
5727,-83186,-28106
5335,-83923,-28553
4986,-84624,-29073
4676,-85305,-29659
5687,-84099,-29544
5343,-84806,-30095
5038,-85492,-30711
4771,-86157,-31391
5703,-84990,-31139
5404,-85680,-31787
5144,-86342,-32505
4922,-86976,-33288
5775,-85858,-32897
5523,-86516,-33652
4733,-87588,-34131
5307,-87151,-34470
5906,-86689,-34828
5124,-87761,-35348
5696,-87322,-35681
4974,-88339,-36292
5522,-87918,-36604
4861,-88869,-37312
6092,-87475,-36933
5386,-88466,-37605
4779,-89366,-38397
5932,-88042,-37914
5284,-88978,-38674
5809,-88569,-38966
4731,-89822,-39548
5218,-89448,-39812
5723,-89055,-40089
5186,-89872,-41017
5672,-89494,-41281
6176,-89097,-41558
5189,-90244,-42286
5657,-89882,-42538
6141,-89502,-42801
5673,-90220,-43852
6139,-89858,-44103
6169,-90162,-45461
4603,-63156,-7955
5126,-64652,-9653
5611,-66075,-11292
4968,-68408,-12095
5419,-69702,-13655
5854,-70914,-15163
5275,-72919,-15882
6275,-72048,-16624
5710,-73944,-17297
6129,-74882,-18659
5600,-76560,-19284
6527,-75747,-19970
6001,-77379,-20576
5638,-78526,-21350
6261,-77567,-21282
5913,-78714,-22087
6523,-77754,-21995
5618,-79804,-22991
6190,-78900,-22841
6787,-77940,-22723
5907,-79993,-23775
6468,-79086,-23603
5679,-81037,-24804
6197,-80183,-24568
6747,-79274,-24375
6494,-80365,-25384
5987,-81221,-25644
6791,-80547,-26212
6296,-81406,-26496
5830,-82220,-26820
6606,-81591,-27362
6152,-82408,-27712
6918,-81777,-28241
6475,-82596,-28620
6065,-83367,-29053
6805,-82771,-29558
6409,-83539,-30030
6041,-84277,-30556
7139,-82940,-30521
6753,-83713,-31028
6395,-84457,-31589
6066,-85174,-32208
7098,-83888,-32047
6751,-84637,-32646
6435,-85347,-33312
6152,-86031,-34038
7112,-84804,-33739
6807,-85517,-34443
6532,-86202,-35206
6292,-86859,-36032
7180,-85686,-35599
6914,-86371,-36402
6687,-87007,-37281
7307,-86511,-37647
6502,-87593,-38241
7096,-87119,-38586
6355,-88139,-39274
6924,-87685,-39598
6247,-88642,-40380
7517,-87205,-39941
6792,-88206,-40687
7360,-87747,-41010
6699,-88680,-41849
7243,-88241,-42153
6642,-89104,-43076
7163,-88687,-43363
7704,-88248,-43664
6620,-89479,-44363
7119,-89081,-44636
7637,-88663,-44920
6631,-89800,-45709
7110,-89421,-45968
7606,-89023,-46239
6680,-90042,-47126
7140,-89681,-47374
7616,-89302,-47630
7200,-89889,-48828
7655,-89533,-49070
7719,-89722,-50549
6057,-67428,-12876
6481,-68717,-14415
6888,-69936,-15907
7275,-71080,-17348
6683,-73090,-18029
7072,-74017,-19362
7437,-74859,-20639
6899,-76544,-21233
7147,-76728,-21923
7774,-75636,-21861
7396,-76913,-22620
7053,-78123,-23462
7647,-77095,-23334
7318,-78307,-24209
7899,-77277,-24058
7029,-79459,-25161
7584,-78491,-24965
7315,-79639,-25964
7855,-78670,-25739
7090,-80730,-27052
7600,-79818,-26777
8126,-78848,-26526
7887,-79998,-27602
7390,-80914,-27905
8173,-80179,-28439
7691,-81098,-28771
7233,-81959,-29140
7995,-81273,-29658
7553,-82132,-30065
8303,-81442,-30567
7875,-82299,-31014
7473,-83110,-31504
8198,-82464,-31980
7808,-83283,-32507
7445,-84062,-33091
8521,-82632,-32965
8145,-83449,-33538
7796,-84227,-34168
7474,-84972,-34855
8484,-83609,-34597
8147,-84392,-35269
7836,-85139,-35997
7553,-85853,-36782
8497,-84555,-36393
8200,-85302,-37167
7938,-85983,-38021
8852,-84707,-37551
8577,-85420,-38396
7711,-86617,-38946
8335,-86082,-39311
8965,-85509,-39675
8125,-86696,-40294
8740,-86154,-40648
7950,-87262,-41348
8550,-86748,-41692
7809,-87780,-42473
8391,-87292,-42803
8980,-86774,-43133
8266,-87785,-43979
8838,-87296,-44299
8175,-88224,-45218
8730,-87761,-45527
8121,-88605,-46521
8656,-88165,-46816
9201,-87699,-47114
8108,-88906,-47897
8618,-88491,-48175
9144,-88056,-48460
8125,-89162,-49321
8611,-88773,-49581
9115,-88366,-49851
8168,-89374,-50785
8631,-89012,-51029
9110,-88632,-51283
8234,-89546,-52289
8676,-89207,-52519
9133,-88853,-52757
8746,-89357,-54047
9182,-89026,-54271
9258,-89139,-55831
7642,-72142,-18731
7994,-73075,-20042
8325,-73894,-21280
8010,-75819,-22537
8651,-74656,-22487
8247,-76003,-23220
8881,-74839,-23154
8487,-76185,-23922
9113,-75022,-23832
8151,-77460,-24790
8728,-76367,-24633
8405,-77643,-25534
8971,-76550,-25353
8663,-77820,-26295
9218,-76728,-26092
8398,-79027,-27324
8921,-77999,-27067
8671,-79208,-28133
9180,-78179,-27850
8943,-79389,-28954
8461,-80361,-29289
9440,-78360,-28644
9218,-79567,-29791
8753,-80533,-30163
9496,-79740,-30649
9046,-80701,-31057
8613,-81606,-31500
9776,-79909,-31527
9342,-80865,-31972
8922,-81771,-32449
9637,-81031,-32904
9232,-81936,-33417
8848,-82791,-33981
9934,-81193,-33857
9547,-82091,-34416
9175,-82949,-35022
8823,-83770,-35679
9860,-82248,-35437
9502,-83109,-36087
9163,-83931,-36788
9830,-83266,-37179
9511,-84072,-37938
9221,-84816,-38771
10167,-83396,-38319
9871,-84173,-39147
9601,-84898,-40040
10240,-84249,-40404
9362,-85573,-41002
9989,-84957,-41356
9155,-86198,-42033
9766,-85614,-42374
10383,-84996,-42715
9575,-86221,-43461
10177,-85635,-43790
9417,-86773,-44616
10002,-86219,-44933
9292,-87267,-45834
9860,-86743,-46140
10434,-86188,-46446
9752,-87204,-47410
10309,-86682,-47704
9676,-87593,-48743
10214,-87106,-49024
9627,-87936,-50120
10143,-87482,-50388
10665,-87004,-50654
9602,-88232,-51541
10100,-87809,-51797
10604,-87364,-52051
9604,-88479,-53001
10084,-88085,-53246
10569,-87671,-53489
9632,-88678,-54501
10093,-88311,-54735
10560,-87926,-54966
9687,-88816,-56047
10129,-88476,-56267
10578,-88118,-56488
9769,-88886,-57643
10192,-88570,-57851
10624,-88238,-58061
10279,-88612,-59476
10693,-88303,-59676
10786,-88314,-61332
9348,-75202,-24526
9584,-75384,-25228
9824,-75564,-25944
9468,-76906,-26843
10067,-75741,-26677
9719,-77085,-27605
10311,-75919,-27419
9972,-77266,-28378
10557,-76098,-28172
9701,-78543,-29450
10226,-77448,-29163
9967,-78718,-30279
10482,-77629,-29963
10235,-78892,-31124
10744,-77803,-30785
10508,-79060,-31993
10057,-80075,-32426
10782,-79228,-32881
10339,-80242,-33341
11058,-79396,-33786
10626,-80401,-34282
10233,-81348,-34837
10915,-80557,-35247
10532,-81504,-35837
10172,-82407,-36482
11206,-80712,-36233
10832,-81659,-36864
10488,-82557,-37559
11140,-81799,-37931
10816,-82676,-38689
10516,-83489,-39515
11462,-81908,-39052
11155,-82762,-39873
10874,-83559,-40759
10616,-84304,-41706
11501,-82827,-41102
11237,-83611,-42044
10997,-84341,-43048
11605,-83646,-43370
10781,-85015,-44116
11382,-84357,-44433
10593,-85632,-45250
11184,-85010,-45560
11771,-84350,-45860
11014,-85601,-46750
11591,-84980,-47044
10871,-86131,-47996
11433,-85551,-48282
10755,-86593,-49302
11300,-86053,-49577
11845,-85482,-49843
11193,-86501,-50917
11723,-85969,-51175
11112,-86894,-52302
11626,-86400,-52550
11059,-87234,-53729
11554,-86774,-53966
12053,-86289,-54198
11032,-87520,-55196
11508,-87092,-55422
11990,-86642,-55645
11032,-87743,-56706
11490,-87347,-56922
11954,-86931,-57134
11060,-87889,-58269
11500,-87522,-58475
11946,-87136,-58678
11112,-87979,-59873
11536,-87639,-60069
11964,-87281,-60262
11189,-88014,-61520
11596,-87698,-61705
12007,-87367,-61884
11287,-87991,-63197
11678,-87699,-63367
12072,-87393,-63533
11783,-87609,-65086
12161,-87329,-65241
10804,-76280,-28936
11052,-76462,-29711
11305,-76639,-30508
11006,-77978,-31621
11560,-76814,-31320
11273,-78147,-32481
11816,-76991,-32146
11541,-78315,-33359
12077,-77160,-32998
11812,-78480,-34258
11340,-79552,-34720
12088,-78638,-35181
11623,-79708,-35674
12366,-78793,-36125
11910,-79860,-36653
11503,-80859,-37253
12206,-79998,-37667
11811,-80985,-38318
12513,-80110,-38730
12130,-81086,-39432
11795,-81986,-40228
12461,-81156,-40602
12136,-82047,-41447
11852,-82876,-42372
12799,-81212,-41812
12484,-82092,-42708
12211,-82908,-43684
11977,-83660,-44738
12838,-82120,-44011
12576,-82919,-45040
12353,-83652,-46149
12944,-82913,-46440
12160,-84326,-47325
12726,-83637,-47595
11990,-84940,-48555
12542,-84295,-48815
13097,-83613,-49068
12385,-84880,-50096
12921,-84245,-50335
12251,-85408,-51421
12774,-84816,-51654
13296,-84191,-51875
12140,-85878,-52789
12650,-85327,-53016
13156,-84746,-53229
12549,-85778,-54418
13042,-85238,-54626
12472,-86167,-55859
12951,-85667,-56062
13427,-85139,-56252
12420,-86492,-57341
12885,-86030,-57538
13346,-85542,-57722
12396,-86729,-58877
12845,-86301,-59068
13293,-85850,-59247
12396,-86905,-60452
12831,-86508,-60635
13264,-86091,-60802
12422,-87019,-62057
12840,-86652,-62226
13258,-86267,-62386
12471,-87071,-63697
12873,-86732,-63858
13276,-86376,-64011
12543,-87035,-65394
12929,-86727,-65543
13317,-86402,-65687
12271,-87190,-67000
12638,-86920,-67143
13008,-86635,-67284
13381,-86337,-67420
12753,-86736,-68939
13107,-86475,-69070
13465,-86201,-69197
13226,-86241,-70906
13569,-85990,-71024
12339,-77331,-33865
12605,-77493,-34757
12875,-77651,-35669
13150,-77802,-36608
12651,-78938,-37100
13433,-77939,-37581
12945,-79069,-38111
13726,-78056,-38592
13252,-79166,-39172
12831,-80201,-39838
13568,-79249,-40273
13159,-80265,-40999
13892,-79306,-41424
13493,-80316,-42200
13143,-81252,-43064
13834,-80351,-43442
13493,-81276,-44357
13198,-82129,-45358
13845,-81285,-45694
13558,-82127,-46744
13309,-82905,-47870
14198,-81289,-47063
13915,-82127,-48158
13672,-82889,-49330
14270,-82118,-49602
13467,-83572,-50573
14034,-82857,-50820
13834,-83528,-52100
14393,-82823,-52333
13667,-84132,-53435
14197,-83479,-53648
13533,-84669,-54821
14035,-84065,-55015
14557,-83422,-55215
13905,-84580,-56432
14400,-83987,-56616
13806,-85026,-57894
14275,-84479,-58064
14762,-83898,-58233
13737,-85374,-59414
14184,-84872,-59562
14645,-84339,-59712
13694,-85652,-60956
14122,-85188,-61098
14559,-84698,-61236
13674,-85861,-62535
14087,-85434,-62673
14503,-84983,-62802
13677,-86002,-64155
14076,-85608,-64287
14474,-85193,-64409
14881,-84754,-64529
13703,-86061,-65822
14088,-85702,-65947
14470,-85324,-66061
14857,-84926,-66169
13752,-86023,-67548
14122,-85693,-67666
14490,-85346,-67774
14858,-84981,-67874
13821,-85913,-69317
14176,-85611,-69428
14530,-85293,-69530
14882,-84958,-69622
13911,-85726,-71135
14251,-85449,-71239
14589,-85161,-71333
14925,-84858,-71418
13688,-85661,-72923
14015,-85428,-73023
14340,-85184,-73116
14663,-84927,-73200
14135,-85027,-74978
14445,-84806,-75061
14755,-84573,-75137
14568,-84329,-77073
14031,-78146,-39647
14343,-78219,-40737
14664,-78267,-41876
14224,-79351,-42615
14987,-78306,-43053
14556,-79382,-43844
14177,-80373,-44725
14894,-79397,-45114
14523,-80383,-46048
15232,-79409,-46417
14867,-80392,-47397
14547,-81297,-48459
15207,-80405,-48771
14894,-81295,-49886
14624,-82096,-51078
15546,-80409,-50181
15240,-81280,-51343
14975,-82071,-52575
15581,-81263,-52823
14748,-82784,-53867
15321,-82040,-54092
15099,-82738,-55421
15664,-82003,-55631
14914,-83357,-56804
15447,-82680,-56993
15267,-83277,-58398
15792,-82612,-58566
15123,-83772,-59864
15619,-83163,-60015
15012,-84177,-61377
15481,-83620,-61516
15968,-83024,-61658
14932,-84504,-62932
15375,-83994,-63061
15836,-83448,-63191
15301,-84286,-64648
15737,-83787,-64767
15256,-84498,-66279
15668,-84040,-66388
16095,-83554,-66498
15237,-84593,-67971
15627,-84180,-68067
16031,-83741,-68164
15242,-84604,-69710
15611,-84228,-69797
15992,-83830,-69884
15265,-84537,-71498
15615,-84195,-71576
15976,-83833,-71654
14985,-84657,-73275
15309,-84370,-73343
15642,-84066,-73408
15984,-83740,-73476
15063,-84329,-75203
15371,-84069,-75262
15687,-83794,-75318
16012,-83503,-75375
14863,-84120,-77138
15157,-83899,-77195
15450,-83665,-77244
15751,-83418,-77291
16060,-83156,-77339
14987,-83553,-79216
15267,-83355,-79261
15547,-83147,-79300
15833,-82927,-79337
15388,-82689,-81417
15655,-82505,-81443
15928,-82311,-81467
15772,-81721,-83699
15315,-78330,-44272
15647,-78345,-45527
15977,-78365,-46809
15567,-79426,-47746
16305,-78390,-48118
15899,-79448,-49101
16629,-78420,-49452
16231,-79460,-50492
15883,-80404,-51620
16560,-79465,-51914
16217,-80398,-53084
15920,-81243,-54326
16885,-79470,-53360
16548,-80389,-54571
16255,-81217,-55847
16875,-80376,-56064
16004,-81958,-57178
16587,-81184,-57372
16341,-81902,-58739
16916,-81142,-58920
16136,-82513,-60170
16676,-81819,-60331
16477,-82388,-61803
17010,-81707,-61953
16316,-82866,-63323
16816,-82244,-63459
16189,-83255,-64888
16661,-82687,-65011
17154,-82079,-65138
16540,-83036,-66609
17003,-82483,-66723
16451,-83273,-68263
16885,-82778,-68363
17339,-82249,-68465
16386,-83407,-69973
16797,-82957,-70062
17224,-82476,-70153
16350,-83448,-71732
16737,-83039,-71812
17140,-82603,-71892
16338,-83391,-73545
16705,-83021,-73614
17085,-82626,-73684
16348,-83195,-75431
16695,-82867,-75487
17056,-82517,-75544
17430,-82145,-75601
16379,-82879,-77385
16708,-82584,-77432
17049,-82270,-77479
17403,-81936,-77526
16127,-82694,-79374
16429,-82446,-79411
16742,-82183,-79447
17065,-81904,-79483
16208,-82106,-81492
16496,-81887,-81517
16793,-81655,-81541
17099,-81408,-81566
16033,-81553,-83709
16300,-81375,-83719
16575,-81185,-83728
16857,-80983,-83738
17149,-80767,-83747
16144,-80636,-86071
16399,-80483,-86067
16661,-80321,-86063
16931,-80149,-86057
16505,-79423,-88538
16755,-79286,-88520
16951,-78441,-50823
17272,-78456,-52226
17590,-78472,-53651
17208,-79473,-54821
17904,-78486,-55081
17527,-79472,-56293
17199,-80355,-57575
17842,-79465,-57788
17519,-80327,-59109
18155,-79450,-59308
17242,-81075,-60498
17838,-80276,-60672
17568,-80978,-62109
18155,-80194,-62271
17341,-81578,-63598
17891,-80863,-63743
18470,-80095,-63894
17670,-81428,-65267
18212,-80729,-65402
17488,-81891,-66840
17993,-81260,-66960
18524,-80582,-67084
17813,-81682,-68569
18310,-81072,-68677
17670,-81962,-70246
18137,-81411,-70341
18626,-80818,-70439
17560,-82137,-71974
17999,-81638,-72057
18458,-81104,-72143
17481,-82205,-73755
17894,-81754,-73827
18325,-81272,-73901
17819,-81747,-75659
18225,-81322,-75718
18649,-80857,-75782
17770,-81579,-77573
18152,-81198,-77621
18552,-80789,-77670
17399,-81606,-79519
17746,-81288,-79555
18107,-80948,-79592
18482,-80584,-79629
17415,-81144,-81590
17744,-80863,-81615
18084,-80562,-81640
18439,-80240,-81665
17450,-80537,-83757
17761,-80291,-83768
18083,-80027,-83779
17209,-79964,-86051
17495,-79767,-86045
17791,-79555,-86039
18098,-79329,-86033
17012,-79140,-88501
17276,-78984,-88481
17549,-78818,-88461
17831,-78639,-88439
16856,-78065,-91103
17101,-77946,-91072
17353,-77817,-91039
17612,-77680,-91005
17879,-77532,-90969
17194,-76553,-93766
17433,-76451,-93720
18215,-78498,-56536
18522,-78505,-58015
18826,-78504,-59519
18465,-79417,-60856
19128,-78489,-61051
18774,-79350,-62442
19428,-78438,-62623
19080,-79267,-64053
18780,-79981,-65541
19379,-79175,-65688
19083,-79852,-67213
19674,-79064,-67348
18833,-80411,-68791
19384,-79698,-68910
19141,-80181,-70540
19683,-79491,-70644
18940,-80529,-72230
19446,-79909,-72321
18777,-80754,-73977
19251,-80197,-74055
19749,-79593,-74133
19093,-80356,-75848
19559,-79816,-75914
18969,-80350,-77720
19406,-79876,-77770
18875,-80193,-79667
19285,-79771,-79705
19714,-79315,-79741
18809,-79894,-81691
19194,-79521,-81715
19596,-79117,-81738
18418,-79745,-83791
18767,-79442,-83803
19129,-79114,-83813
19507,-78760,-83820
18415,-79085,-86027
18745,-78823,-86021
19086,-78538,-86012
19440,-78229,-86000
18122,-78447,-88417
18424,-78241,-88394
18735,-78017,-88367
19056,-77773,-88335
18155,-77372,-90930
18439,-77198,-90887
18732,-77010,-90840
19035,-76807,-90790
17678,-76342,-93671
17930,-76224,-93619
18189,-76097,-93563
18456,-75957,-93503
18732,-75806,-93439
18474,-74514,-96232
18222,-74623,-96305
17978,-74724,-96373
17741,-74816,-96437
17509,-74901,-96497
18026,-73035,-99197
17803,-73104,-99270
19724,-78376,-64220
20011,-78302,-65840
20296,-78206,-67485
19965,-78925,-69031
20579,-78087,-69157
20254,-78743,-70749
20859,-77932,-70859
19979,-79236,-72412
20542,-78507,-72506
20273,-78939,-74213
20827,-78230,-74295
20049,-79230,-75981
20565,-78596,-76048
19864,-79363,-77819
20346,-78808,-77868
20851,-78201,-77916
20163,-78822,-79776
20635,-78287,-79808
20016,-78681,-81759
20456,-78207,-81775
19900,-78376,-83824
20310,-77960,-83824
20740,-77509,-83822
19809,-77895,-85986
20193,-77534,-85969
20594,-77142,-85949
19390,-77509,-88302
19737,-77224,-88266
20098,-76915,-88228
20474,-76580,-88187
19349,-76587,-90736
19676,-76349,-90679
20015,-76093,-90619
19017,-75643,-93371
19312,-75465,-93300
19618,-75272,-93224
19937,-75063,-93145
19279,-74126,-95987
19567,-73974,-95896
19002,-74266,-96073
18733,-74395,-96155
19250,-72581,-98767
18988,-72688,-98862
18736,-72787,-98953
18492,-72877,-99039
18256,-72959,-99120
18979,-70919,-101696
18742,-70989,-101793
18512,-71053,-101885
18290,-71111,-101973
18075,-71163,-102058
18315,-69032,-104876
21137,-77716,-72604
21412,-77460,-74377
21108,-77908,-76115
21681,-77158,-76178
21383,-77532,-77963
21944,-76804,-78006
21129,-77704,-79835
21650,-77069,-79858
20917,-77692,-81788
21401,-77132,-81796
21910,-76522,-81800
21190,-77018,-83815
21664,-76484,-83804
21015,-76716,-85925
21456,-76253,-85898
20867,-76215,-88143
21278,-75818,-88096
20367,-75814,-90555
20735,-75511,-90488
21120,-75180,-90418
20268,-74835,-93061
20614,-74587,-92974
20975,-74316,-92882
19866,-73808,-95801
20178,-73626,-95701
20502,-73428,-95596
20840,-73211,-95486
20397,-72042,-98332
20094,-72195,-98450
19801,-72336,-98562
19520,-72464,-98667
20015,-70558,-101254
19741,-70662,-101373
19478,-70756,-101486
19224,-70841,-101594
19685,-68795,-104232
19438,-68859,-104349
19200,-68913,-104461
18969,-68957,-104569
18745,-68991,-104674
18527,-69016,-104776
18931,-66680,-107533
18715,-66661,-107653
18505,-66635,-107770
22200,-76376,-79877
22449,-75856,-81800
22164,-75901,-83789
22692,-75263,-83770
21920,-75747,-85867
22410,-75194,-85832
21710,-75386,-88046
22165,-74914,-87993
22642,-74397,-87931
21523,-74818,-90345
21946,-74422,-90269
22390,-73985,-90186
21352,-74019,-92786
21748,-73693,-92686
22162,-73332,-92577
21194,-72974,-95370
21563,-72712,-95248
21950,-72422,-95117
21390,-71481,-97934
21750,-71253,-97785
21045,-71687,-98075
20714,-71872,-98207
21225,-70020,-100705
20904,-70177,-100855
20595,-70317,-100996
20299,-70443,-101129
20769,-68456,-103697
20482,-68557,-103843
20206,-68646,-103980
19940,-68725,-104109
20111,-66641,-106879
19860,-66671,-107017
19617,-66688,-107152
19381,-66695,-107283
19153,-66692,-107410
19509,-64207,-110182
19282,-64163,-110323
19064,-64115,-110459
18853,-64065,-110590
18648,-64013,-110717
22923,-74588,-85786
23133,-73840,-87851
22853,-73509,-90093
23316,-73009,-89970
22596,-72936,-92461
23037,-72514,-92325
22356,-72103,-94978
22773,-71758,-94825
23190,-71397,-94645
22129,-71001,-97628
22522,-70727,-97459
22285,-69441,-100206
21916,-69652,-100382
21562,-69846,-100547
22061,-67919,-103039
21716,-68075,-103218
21385,-68217,-103385
21070,-68343,-103545
21526,-66291,-106112
21218,-66387,-106279
20923,-66470,-106437
20642,-66541,-106588
20371,-66598,-106736
20767,-64316,-109402
20497,-64317,-109566
20237,-64305,-109726
19986,-64281,-109882
19743,-64248,-110034
19831,-61579,-112974
19602,-61515,-113126
19382,-61447,-113273
19168,-61378,-113414
18962,-61307,-113551
18763,-61234,-113682
18849,-58280,-116673
23474,-72074,-92157
23604,-71023,-94432
23701,-69845,-96778
23312,-70147,-97039
22918,-70442,-97264
23399,-68764,-99515
23029,-68994,-99777
22657,-69221,-100006
23105,-67427,-102349
22757,-67593,-102609
22408,-67758,-102837
22493,-65971,-105508
22169,-66079,-105734
21846,-66186,-105934
21939,-64179,-108673
21639,-64228,-108875
21340,-64270,-109060
21048,-64301,-109233
21124,-61856,-112114
20844,-61808,-112302
20575,-61756,-112481
20317,-61701,-112652
20069,-61641,-112816
20127,-58841,-115778
19894,-58752,-115941
19670,-58660,-116097
19454,-58567,-116249
19245,-58472,-116395
19044,-58377,-116536
18901,-55109,-119709
23758,-68536,-99210
23775,-67110,-101702
23446,-67265,-102049
23755,-65577,-104249
23446,-65670,-104625
23137,-65763,-104962
22818,-65863,-105253
23123,-63990,-107596
22835,-64025,-107920
22539,-64072,-108203
22239,-64126,-108450
22534,-62034,-110914
22258,-62005,-111201
21976,-61974,-111458
21692,-61939,-111695
21407,-61900,-111913
21405,-59288,-114818
21141,-59191,-115041
20880,-59100,-115245
20621,-59014,-115433
20369,-58929,-115609
20154,-55858,-118773
19926,-55737,-118942
19706,-55613,-119106
19495,-55489,-119264
19290,-55363,-119416
19093,-55237,-119565
23708,-63916,-106845
23409,-63959,-107235
23633,-62126,-109474
23345,-62120,-109876
23069,-62102,-110248
22802,-62069,-110596
22971,-60019,-112942
22707,-59902,-113317
22451,-59770,-113673
22196,-59633,-114004
21935,-59505,-114304
21670,-59392,-114574
21822,-56864,-117160
21586,-56689,-117457
21346,-56529,-117726
21104,-56382,-117971
20864,-56243,-118197
20625,-56109,-118404
20388,-55981,-118595
20130,-52643,-121814
19915,-52468,-122005
19702,-52297,-122184
19493,-52127,-122356
19291,-51955,-122523
19096,-51782,-122686
18906,-51608,-122845
23525,-60195,-112127
23243,-60117,-112547
23365,-58033,-114840
23081,-57851,-115289
22808,-57651,-115714
22547,-57450,-116112
22297,-57251,-116485
22056,-57054,-116835
21869,-54312,-119682
21647,-54069,-120021
21432,-53831,-120341
21219,-53604,-120638
21003,-53391,-120911
20784,-53192,-121161
20565,-53003,-121393
20347,-52820,-121610
19622,-48596,-125367
19426,-48365,-125565
19231,-48139,-125753
19038,-47916,-125932
18851,-47695,-126105
23137,-55574,-117628
22858,-55318,-118095
22594,-55064,-118532
22342,-54810,-118940
22100,-54559,-119322
21857,-51656,-122199
21633,-51348,-122574
21418,-51042,-122930
21210,-50740,-123268
21010,-50440,-123590
20815,-50144,-123897
20619,-49859,-124185
20421,-49587,-124453
20221,-49327,-124703
20020,-49076,-124937
19821,-48833,-125158
22863,-52918,-120452
22592,-52599,-120930
22335,-52281,-121379
22090,-51967,-121801
21552,-48430,-125160
21332,-48038,-125561
21121,-47651,-125943
20918,-47269,-126308
20722,-46893,-126654
20532,-46522,-126984
20348,-46158,-127300
20169,-45802,-127602
19991,-45458,-127886
19811,-45128,-128153
19629,-44811,-128404
19446,-44506,-128639
19263,-44210,-128862
19082,-43922,-129074
18903,-43642,-129276
18725,-43369,-129469
22541,-50025,-123329
22275,-49624,-123824
22022,-49224,-124293
21782,-48826,-124738
22154,-46778,-126308
21890,-46272,-126833
21639,-45770,-127328
21400,-45276,-127798
21172,-44791,-128244
20954,-44314,-128667
20746,-43846,-129071
20546,-43388,-129455
20353,-42940,-129821
20168,-42502,-130170
19989,-42074,-130504
19815,-41656,-130823
19647,-41248,-131127
19483,-40850,-131417
19322,-40465,-131694
19160,-40095,-131955
18996,-39740,-132200
18832,-39400,-132431
18668,-39073,-132648
18504,-38758,-132855
21688,-43113,-129403
21425,-42506,-129952
21176,-41913,-130470
20939,-41335,-130959
20713,-40770,-131420
20497,-40220,-131857
20291,-39686,-132272
20094,-39166,-132667
19905,-38662,-133041
19723,-38173,-133398
19549,-37699,-133738
19381,-37240,-134062
19218,-36795,-134370
19062,-36365,-134665
18910,-35950,-134945
18763,-35548,-135213
18620,-35161,-135467
18479,-34790,-135707
18241,-34678,-135742
21127,-39116,-132546
20870,-38418,-133115
20627,-37745,-133649
20396,-37096,-134149
20175,-36472,-134618
18339,-34437,-135933
18336,-34399,-135959
18421,-34129,-136169
18498,-33865,-136372
18573,-33600,-136573
19965,-35871,-135060
19765,-35295,-135476
19573,-34741,-135867
19390,-34209,-136236
19216,-33699,-136585
19049,-33210,-136916
18647,-33333,-136774
18720,-33065,-136976
18792,-32794,-137178
18889,-32743,-137228
20473,-34901,-135662
20224,-34144,-136231
19990,-33424,-136762
18864,-32522,-137381
18936,-32246,-137586
19008,-31967,-137791
19769,-32738,-137257
19560,-32086,-137719
19079,-31687,-137994
19363,-31468,-138151
19147,-31408,-138192
19211,-31130,-138384
19274,-30855,-138571
19749,-30621,-138672
19334,-30581,-138755
19393,-30308,-138935
19449,-30039,-139108
19516,-29855,-139218
19501,-29772,-139275
19554,-29501,-139441
16973,-23991,-142147
17043,-23932,-142221
17113,-23874,-142293
17183,-23815,-142364
17253,-23757,-142434
17323,-23698,-142503
17394,-23640,-142573
17466,-23581,-142643
17538,-23522,-142711
17610,-23465,-142778
17681,-23411,-142842
17751,-23358,-142901
17820,-23306,-142957
17889,-23256,-143012
17958,-23208,-143064
18027,-23161,-143113
18095,-23117,-143159
18163,-23070,-143203
18234,-23018,-143248
18306,-22960,-143294
17167,-17057,-146686
17083,-16955,-146728
17001,-16850,-146771
16923,-16741,-146815
16846,-16629,-146858
16772,-16516,-146903
16701,-16401,-146948
16632,-16285,-146993
16563,-16169,-147034
16496,-16056,-147072
16429,-15946,-147110
16364,-15838,-147146
16301,-15733,-147181
16238,-15630,-147213
16176,-15528,-147243
16115,-15431,-147271
16056,-15336,-147297
15997,-15245,-147321
15939,-15158,-147343
15882,-15074,-147363
16188,-11991,-149524
16098,-11773,-149621
16011,-11555,-149718
15928,-11337,-149816
15847,-11119,-149911
15770,-10902,-150006
15696,-10687,-150101
15624,-10471,-150193
15554,-10256,-150282
15487,-10044,-150371
15424,-9836,-150459
15362,-9629,-150544
15302,-9426,-150627
15245,-9227,-150710
15191,-9032,-150791
15138,-8839,-150869
15087,-8650,-150945
15038,-8466,-151019
14991,-8284,-151089
14946,-8108,-151158
15360,-7712,-151768
15270,-7419,-151889
15182,-7128,-152006
15099,-6841,-152121
15019,-6553,-152230
14942,-6264,-152334
14869,-5974,-152433
14800,-5689,-152528
14736,-5418,-152619
14678,-5168,-152701
14627,-4941,-152775
14580,-4728,-152845
14536,-4521,-152912
14693,-4219,-153276
14495,-4321,-152978
14621,-3937,-153355
14456,-4128,-153041
14420,-3942,-153103
14555,-3665,-153430
14386,-3762,-153162
14354,-3589,-153219
14493,-3402,-153504
14324,-3423,-153274
14436,-3149,-153574
14296,-3263,-153326
14384,-2907,-153641
14336,-2675,-153704
14292,-2453,-153765
14251,-2242,-153821
14214,-2041,-153874
14264,-1882,-154028
14181,-1850,-153923
14212,-1639,-154075
14151,-1670,-153969
14123,-1500,-154011
14165,-1411,-154117
14099,-1340,-154049
14124,-1199,-154153
14077,-1190,-154084
14088,-1003,-154184
14057,-1049,-154115
14056,-822,-154208
14040,-918,-154142
14025,-796,-154166
14030,-657,-154226
14012,-682,-154187
14001,-578,-154204
14007,-507,-154238
-26258,490,54068
-26258,490,54068
-26258,490,54068
-26258,490,54068
-26258,490,54068
-26258,490,54068
-26258,490,54068
-26258,490,54068
-26258,490,54068
-26258,490,54068
-26258,490,54068
-26258,490,54068
-26258,490,54068
-26258,490,54068
-26258,490,54068
-26258,490,54068
-26258,490,54068
-26258,490,54068
-26258,490,54068
-26258,490,54068
14001,-410,-154256
13989,-373,-154244
13974,-253,-154243
13974,-255,-154244
-25867,10,53215
-25863,8,53207
-25875,14,53232
-25871,12,53224
-25888,20,53259
-25885,19,53253
-25896,24,53276
-25878,16,53239
-25893,23,53270
-25905,29,53295
-25903,28,53291
-25881,17,53246
-25898,25,53281
-25913,33,53312
-25911,32,53308
-25909,31,53304
-25890,22,53265
-25907,30,53300
-25900,27,53286
-25903,54,53293
-25899,52,53285
-25914,34,53316
-25913,59,53314
-25910,57,53308
-25919,62,53327
-25916,60,53321
-25929,67,53348
-25924,64,53338
-25941,73,53373
-25906,56,53301
-25939,72,53369
-25921,63,53332
-25937,71,53365
-25935,70,53361
-25933,69,53357
-25931,68,53353
-25946,75,53384
-25926,65,53343
-25944,74,53381
-25942,73,53377
-25935,96,53363
-25953,104,53401
-25950,103,53395
-25964,110,53424
-25962,109,53420
-25941,99,53377
-25938,97,53371
-25955,106,53406
-25971,113,53439
-25947,102,53390
-25944,100,53384
-25977,116,53452
-25959,108,53415
-25957,107,53411
-25974,115,53446
-25969,113,53436
-25967,112,53432
-25965,111,53428
-25975,116,53449
-25972,114,53443
-25977,142,53454
-25974,141,53448
-25971,139,53442
-25982,145,53465
-25995,151,53492
-25993,150,53488
-25991,149,53484
-25989,148,53480
-26006,157,53515
-26003,155,53509
-25984,146,53470
-26000,154,53503
-25998,153,53499
-25979,144,53460
-26007,183,53520
-26007,157,53518
-26004,156,53512
-25986,147,53475
-26001,154,53506
-26031,195,53570
-25996,152,53496
-26012,186,53531
-26008,158,53521
-26035,197,53579
-26032,196,53573
-26014,187,53536
-26029,194,53567
-26009,185,53526
-26026,193,53561
-26024,192,53557
-26022,191,53553
-26020,190,53549
-26037,198,53584
-26036,198,53582
-26018,189,53545
-26016,188,53541
-26033,196,53576
-26027,194,53564
-26039,199,53589
-26038,199,53587
-26043,227,53598
-26045,228,53603
-26058,234,53630
-26053,232,53620
-26069,240,53653
-26051,231,53616
-26068,239,53651
-26067,239,53649
-26049,230,53612
-26047,229,53608
-26062,236,53639
-26059,235,53633
-26056,234,53627
-26054,233,53623
-26071,241,53658
-26070,240,53656
-26064,238,53644
-26063,237,53642
-26060,236,53636
-26099,281,53719
-26065,238,53647
-26098,280,53717
-26097,280,53715
-26086,274,53691
-26102,282,53726
-26101,282,53724
-26079,271,53677
-26095,279,53710
-26090,276,53700
-26087,275,53694
-26084,273,53688
-26100,282,53723
-26099,281,53721
-26082,273,53684
-26096,279,53713
-26091,277,53703
-26088,276,53697
-26115,315,53755
-26080,272,53681
-26093,278,53708
-26126,320,53778
-26092,278,53706
-26125,320,53776
-26124,319,53774
-26119,317,53764
-26116,315,53758
-26133,323,53793
-26131,322,53789
-26130,322,53787
-26121,318,53769
-26120,317,53767
-26117,316,53761
-26132,323,53792
-26131,323,53790
-26129,322,53786
-26128,321,53784
-26127,321,53782
-26126,320,53780
-26122,318,53772
-26133,324,53795
-26165,365,53863
-26164,365,53861
-26162,364,53857
-26161,363,53855
-26159,362,53851
-26158,362,53849
-26164,365,53862
-26163,365,53860
-26161,364,53856
-26160,363,53854
-26159,363,53852
-26157,362,53848
-26156,361,53844
-26155,360,53842
-26154,360,53840
-26153,359,53838
-26152,359,53836
-26162,364,53859
-26150,358,53833
-26156,361,53846
-26189,403,53916
-26196,407,53931
-26195,406,53929
-26194,406,53927
-26193,405,53925
-26192,405,53923
-26191,404,53921
-26190,404,53919
-26188,403,53915
-26187,403,53913
-26195,406,53930
-26194,406,53928
-26193,405,53926
-26192,405,53924
-26191,405,53922
-26190,404,53920
-26189,404,53918
-26186,402,53912
-26195,407,53931
-26194,406,53929
-26227,448,53999
-26227,448,53999
-26226,447,53997
-26226,448,53997
-26225,447,53995
-26225,447,53995
-26224,447,53993
-26223,446,53991
-26227,448,54000
-26227,448,54000
-26226,448,53998
-26226,448,53998
-26226,448,53998
-26225,447,53996
-26225,447,53996
-26224,447,53994
-26224,447,53994
-26223,446,53992
-26223,446,53992
-26222,446,53990
