-25734,0,52940
-25840,0,53158
-25788,-3,53051
-25843,-1,53164
-25790,-9,53054
-25738,-10,52947
-25792,-15,53058
-25795,-25,53064
-25741,-20,52952
-25794,-20,53061
-25798,-34,53069
-25799,-38,53071
-25800,-41,53073
-25822,-37,53118
-25811,-42,53095
-25690,-23,52846
-25744,-29,52957
-25797,-30,53066
-25694,-37,52854
-25817,-40,53107
-25805,-45,53082
-25747,-37,52962
-25749,-44,52966
-25802,-45,53075
-25751,-51,52970
-25753,-57,52974
-25698,-49,52860
-25701,-59,52866
-25649,-60,52759
-25755,-63,52977
-25704,-69,52872
-25758,-73,52983
-25757,-68,52980
-25707,-77,52877
-25761,-82,52988
-25762,-86,52990
-25780,-84,53027
-25763,-90,52992
-25767,-90,53000
-25786,-81,53039
-25774,-87,53014
-25654,-74,52767
-25760,-77,52985
-25712,-92,52886
-25710,-85,52881
-25658,-87,52774
-25714,-99,52889
-25716,-105,52893
-25662,-98,52781
-25718,-111,52896
-25736,-131,52933
-25721,-121,52902
-25743,-128,52947
-25729,-135,52918
-25749,-125,52959
-25609,-97,52671
-25665,-109,52786
-25720,-116,52899
-25668,-118,52792
-25723,-126,52905
-25724,-130,52907
-25725,-134,52909
-25614,-112,52680
-25618,-126,52688
-25671,-126,52797
-25673,-134,52801
-25675,-141,52805
-25677,-148,52809
-25568,-134,52584
-25622,-138,52695
-25625,-149,52701
-25679,-154,52812
-25628,-158,52707
-25681,-160,52816
-25573,-150,52593
-25683,-165,52819
-25684,-170,52821
-25631,-168,52712
-25687,-179,52827
-25706,-172,52866
-25713,-169,52880
-25699,-176,52851
-25578,-164,52602
-25686,-174,52824
-25634,-176,52717
-25636,-183,52721
-25582,-177,52609
-25692,-179,52835
-25528,-170,52497
-25639,-190,52725
-25586,-189,52616
-25533,-187,52507
-25676,-213,52801
-25641,-197,52729
-25589,-199,52622
-25644,-209,52735
-25669,-216,52786
-25643,-203,52732
-25592,-209,52627
-25646,-214,52738
-25649,-223,52744
-25662,-220,52770
-25538,-203,52515
-25648,-219,52741
-25595,-217,52632
-25542,-216,52523
-25654,-224,52753
-25487,-207,52409
-25598,-226,52637
-25546,-229,52530
-25600,-233,52641
-25602,-240,52645
-25604,-246,52649
-25493,-225,52420
-25640,-257,52722
-25606,-252,52652
-25550,-240,52536
-25498,-241,52429
-25446,-244,52322
-25553,-250,52542
-25608,-258,52655
-25502,-255,52437
-25556,-259,52548
-25611,-268,52661
-25633,-261,52706
-25616,-269,52671
-25625,-265,52689
-25610,-263,52658
-25452,-263,52333
-25561,-276,52557
-25559,-268,52552
-25507,-268,52445
-25510,-280,52451
-25564,-283,52561
-25458,-280,52343
-25566,-290,52565
-25568,-296,52569
-25604,-301,52643
-25587,-309,52608
-25571,-307,52575
-25578,-313,52589
-25596,-305,52626
-25406,-280,52235
-25514,-291,52457
-25570,-302,52572
-25517,-301,52463
-25573,-313,52578
-25522,-318,52473
-25463,-295,52351
-25412,-300,52246
-25520,-310,52468
-25467,-308,52359
-25527,-333,52482
-25471,-321,52366
-25525,-326,52477
-25365,-317,52148
-25529,-340,52485
-25531,-346,52489
-25567,-345,52563
-25559,-349,52546
-25418,-318,52256
-25475,-332,52373
-25423,-334,52266
-25478,-342,52379
-25550,-353,52527
-25533,-352,52492
-25427,-348,52274
-25372,-338,52160
-25481,-352,52384
-25535,-357,52495
-25540,-358,52507
-25486,-369,52394
-25484,-361,52389
-25325,-354,52060
-25435,-373,52288
-25522,-393,52466
-25432,-361,52281
-25378,-357,52170
-25489,-376,52398
-25491,-383,52402
-25383,-373,52180
-25493,-390,52406
-25531,-389,52484
-25439,-384,52294
-25513,-398,52446
-25495,-396,52409
-25442,-394,52300
-25497,-402,52413
-25332,-376,52073
-25388,-388,52188
-25445,-403,52305
-25392,-402,52196
-25503,-403,52424
-25338,-395,52084
-25284,-391,51973
-25448,-412,52310
-25450,-420,52314
-25396,-414,52203
-25343,-413,52094
-25291,-413,51986
-25485,-437,52386
-25453,-427,52319
-25400,-426,52210
-25455,-434,52323
-25348,-428,52103
-25403,-436,52216
-25495,-433,52405
-25457,-441,52326
-25476,-442,52365
-25243,-427,51886
-25298,-434,51998
-24846,-843,51421
-24955,-789,51485
-24985,-808,51475
-25077,-631,51640
-24972,-868,51423
-25166,-505,51765
-25099,-661,51623
-25459,-447,52330
-25406,-446,52221
-25465,-448,52342
-25084,-723,51571
-25353,-443,52111
-25409,-455,52226
-25458,-477,52326
-25357,-455,52118
-25412,-463,52231
-25414,-471,52235
-25304,-452,52008
-25251,-451,51899
-25361,-467,52125
-25417,-478,52240
-25309,-468,52017
-25438,-487,52284
-25449,-482,52306
-25364,-478,52131
-25258,-472,51911
-25427,-492,52260
-25419,-485,52243
-25421,-491,52247
-25368,-488,52137
-25314,-483,52026
-25371,-498,52143
-25318,-497,52034
-25373,-506,52147
-25422,-521,52247
-25171,-557,51733
-25264,-491,51922
-25376,-515,52152
-25322,-509,52041
-25378,-522,52156
-25269,-508,51932
-25325,-520,52047
-25211,-489,51812
-25412,-526,52225
-25274,-524,51941
-25218,-511,51825
-25389,-537,52178
-25053,-799,51502
-25401,-531,52202
-25381,-529,52160
-25383,-536,52164
-25329,-531,52053
-25332,-541,52059
-25279,-538,51949
-25224,-530,51836
-25335,-550,52064
-25342,-574,52078
-25338,-558,52069
-25283,-551,51956
-25375,-570,52145
-25340,-566,52073
-25386,-565,52167
-25230,-548,51846
-25287,-563,51963
-25235,-564,51856
-25351,-582,52096
-25184,-570,51750
-25345,-581,52082
-25290,-574,51969
-25364,-576,52121
-25293,-584,51975
-25239,-579,51864
-25296,-593,51980
-25349,-609,52088
-25299,-602,51985
-25244,-592,51872
-25190,-588,51761
-25338,-614,52065
-25195,-605,51771
-25302,-610,51990
-25248,-605,51879
-25304,-618,51995
-25326,-620,52040
-25251,-616,51885
-25307,-625,51999
-25200,-620,51779
-25314,-626,52013
-25149,-630,51674
-25255,-627,51891
-25258,-636,51897
-25313,-653,52009
-25205,-634,51787
-25261,-646,51902
-25209,-647,51795
-25264,-654,51907
-25301,-658,51985
-25156,-645,51685
-25266,-662,51912
-25289,-664,51959
-25216,-670,51808
-25276,-671,51931
-25213,-659,51801
-25269,-670,51916
-25161,-661,51694
-25219,-680,51813
-25222,-689,51819
-25166,-676,51703
-25276,-697,51930
-25170,-689,51710
-25225,-698,51824
-25120,-704,51608
-25265,-703,51905
-25228,-707,51829
-25230,-714,51833
-25252,-709,51878
-25238,-716,51849
-25174,-701,51717
-25178,-713,51724
-25181,-723,51730
-25127,-717,51618
-25240,-741,51851
-25184,-733,51736
-25187,-742,51741
-25131,-731,51626
-25228,-747,51825
-25200,-760,51767
-25190,-751,51746
-25135,-744,51633
-25192,-759,51750
-25215,-753,51797
-25088,-778,51538
-25139,-756,51640
-25142,-767,51646
-25050,-855,51462
-25191,-791,51745
-25146,-777,51652
-25204,-785,51771
-25149,-786,51658
-25096,-786,51549
-25177,-798,51716
-25154,-804,51668
-25152,-795,51663
-25100,-799,51556
-25163,-805,51685
-25104,-810,51563
-25107,-820,51569
-25110,-830,51575
-25167,-829,51692
-25154,-835,51665
-25113,-840,51580
-25140,-842,51635
-25116,-848,51585
-25125,-850,51602
-25065,-854,51479
-25069,-864,51486
-25131,-873,51613
-25072,-874,51491
-24434,-1272,50991
-24574,-1188,51085
-24717,-1008,51260
-24637,-1176,51106
-24646,-1215,51075
-24616,-1290,51007
-24804,-975,51303
-24686,-1271,51034
-24829,-999,51287
-24761,-1155,51145
-24811,-1062,51231
-24797,-1169,51140
-24785,-1227,51090
-24875,-1051,51253
-24933,-950,51348
-24878,-1095,51217
-24818,-1217,51105
-24951,-983,51326
-24886,-1128,51193
-25009,-885,51421
-24935,-1046,51272
-24866,-1188,51141
-25000,-943,51374
-24927,-1106,51224
-24973,-1016,51310
-25117,-879,51584
-25027,-927,51402
-25075,-884,51497
-25103,-886,51554
-25078,-893,51502
-25087,-894,51520
-25095,-917,51534
-25065,-931,51472
-24974,-1039,51295
-25037,-929,51414
-25081,-923,51504
-25049,-939,51438
-25040,-938,51419
-25058,-961,51455
-25008,-987,51353
-25044,-968,51424
-25028,-975,51391
-25022,-1005,51375
-25007,-1012,51344
-24982,-1053,51293
-24165,-1618,50658
-24308,-1437,50833
-24247,-1588,50697
-24269,-1614,50678
-24247,-1682,50618
-24417,-1382,50897
-24459,-1389,50898
-24335,-1646,50662
-24452,-1443,50852
-24408,-1531,50771
-24360,-1670,50647
-24467,-1522,50788
-24554,-1394,50909
-24472,-1564,50754
-24435,-1646,50679
-24588,-1409,50903
-24539,-1521,50801
-24635,-1404,50915
-24697,-1308,51006
-24640,-1438,50887
-24737,-1320,51003
-23736,-2073,50209
-23876,-1892,50383
-23836,-2025,50266
-23999,-1729,50539
-23871,-2039,50260
-24008,-1814,50469
-24065,-1807,50484
-23962,-2048,50267
-24069,-1851,50448
-24032,-1934,50373
-23997,-2062,50261
-24105,-1911,50404
-24190,-1783,50525
-24119,-1945,50378
-24095,-2026,50310
-24238,-1785,50531
-24201,-1885,50441
-24299,-1766,50557
-24324,-1788,50546
-23426,-2370,49912
-23543,-2210,50065
-23579,-2271,50019
-23652,-2249,50049
-23666,-2284,50023
-23569,-2474,49851
-23635,-2361,49954
-23614,-2479,49854
-23723,-2325,49998
-23805,-2197,50118
-23857,-2100,50207
-23745,-2352,49980
-23865,-2188,50135
-23838,-2300,50043
-23939,-2156,50174
-23974,-2281,50113
-23013,-2717,49518
-23133,-2750,49551
-23288,-2551,49741
-23221,-2713,49596
-23246,-2739,49579
-23222,-2811,49516
-23407,-2485,49815
-23455,-2487,49821
-23322,-2763,49572
-23449,-2541,49775
-23402,-2635,49690
-23344,-2819,49536
-23473,-2615,49718
-23552,-2611,49743
-23449,-2845,49564
-23724,-2548,49853
-23603,-2806,49654
-22792,-3052,49224
-22918,-2873,49386
-22775,-3198,49124
-22962,-2966,49345
-23022,-2956,49363
-23025,-3003,49325
-22984,-3094,49244
-23061,-3081,49270
-23159,-2922,49415
-23208,-2943,49409
-23144,-3176,49245
-23335,-3098,49372
-22296,-3245,48798
-22244,-3398,48704
-22469,-3469,48829
-22641,-3251,49037
-22574,-3445,48888
-22587,-3485,48858
-22810,-3214,49117
-22793,-3281,49059
-22732,-3401,48953
-22903,-3234,49118
-22780,-3478,48915
-22924,-3381,49032
-23040,-3422,49059
-23210,-3368,49163
-21492,-3785,47992
-22015,-3775,48396
-22148,-3576,48568
-22278,-3704,48601
-22360,-3708,48637
-22351,-3776,48583
-22287,-3921,48459
-22549,-3581,48775
-22464,-3752,48628
-22627,-3605,48779
-22716,-3781,48713
-22926,-3682,48860
-22802,-3953,48651
-21463,-3935,47918
-21387,-4110,47800
-21853,-3993,48195
-21841,-4225,48090
-22068,-3956,48355
-22129,-3988,48368
-22097,-4103,48277
-22175,-4203,48238
-22335,-4099,48367
-22484,-4001,48487
-22615,-4027,48528
-22503,-4287,48330
-20661,-4342,47157
-21273,-4309,47643
-21454,-4486,47718
-21665,-4231,47968
-21591,-4530,47790
-21877,-4303,48066
-21822,-4494,47924
-22006,-4335,48091
-22033,-4641,47925
-22275,-4408,48163
-22175,-4658,47974
-22378,-4567,48113
-20653,-4486,47102
-20595,-4659,46999
-20946,-4768,47233
-21124,-4528,47453
-21216,-4777,47431
-21317,-4880,47451
-21601,-4673,47720
-21712,-4854,47665
-21878,-4744,47799
-22064,-4924,47771
-19807,-4914,46296
-20495,-4856,46853
-20736,-5041,46973
-20954,-5106,47108
-21302,-5118,47318
-21528,-4972,47514
-21566,-5311,47334
-21818,-5064,47585
-21722,-5313,47398
-21940,-5208,47550
-19821,-5053,46260
-19781,-5222,46172
-20185,-5329,46448
-20358,-5076,46672
-20498,-5346,46678
-20665,-5494,46734
-21020,-5292,47063
-21216,-5534,47047
-21405,-5418,47202
-21612,-5587,47188
-19696,-5418,46039
-19980,-5612,46187
-20229,-5710,46329
-20702,-5794,46614
-20985,-5659,46854
-21080,-6003,46717
-21350,-5741,46989
-21253,-6009,46787
-21484,-5891,46951
-18933,-5499,45411
-18969,-5633,45395
-19569,-5646,45860
-19403,-5911,45635
-19739,-5958,45866
-20352,-5952,46307
-20649,-6240,46356
-20884,-6117,46554
-21133,-6314,46550
-18948,-5799,45323
-18877,-5997,45199
-19198,-6228,45354
-19934,-6134,45931
-20365,-6371,46114
-20840,-6490,46320
-20995,-6651,46286
-18039,-6096,44503
-18100,-6226,44508
-18758,-6239,45018
-19471,-6353,45501
-19615,-6654,45465
-20019,-6509,45815
-20273,-6899,45785
-20511,-6783,45984
-20738,-6788,46096
-18098,-6388,44452
-18598,-6524,44785
-18961,-6590,45027
-19172,-6827,45071
-19647,-7148,45252
-19989,-7021,45544
-20247,-7321,45538
-20614,-7115,45843
-18038,-6602,44326
-17929,-6854,44147
-18398,-6862,44496
-18689,-7030,44633
-19258,-7287,44915
-20150,-7633,45311
-20473,-7474,45563
-17083,-6659,43531
-17212,-6827,43598
-17773,-7166,43902
-18157,-7273,44138
-18834,-7437,44546
-19568,-7755,44893
-19855,-7637,45138
-20031,-7974,45052
-17228,-7006,43547
-17181,-7226,43429
-18372,-7598,44142
-19231,-7879,44603
-19577,-8207,44662
-19890,-8353,44756
-17080,-7501,43242
-17572,-7540,43591
-17868,-7796,43688
-18450,-8148,43929
-18856,-8009,44280
-19490,-8531,44432
-16015,-7133,42451
-16260,-7406,42617
-16925,-7842,42980
-17316,-8023,43185
-18009,-8298,43547
-18783,-8661,43902
-19115,-8542,44188
-19378,-8888,44166
-16336,-7633,42617
-16307,-7870,42504
-17529,-8460,43128
-18421,-8787,43589
-18824,-9142,43680
-19247,-9275,43871
-14853,-7534,41276
-16208,-8186,42295
-16709,-8298,42615
-17004,-8640,42666
-18030,-8922,43250
-18758,-9468,43465
-15210,-7916,41539
-17607,-9066,42881
-18305,-9490,43147
-18667,-9823,43215
-15381,-8236,41614
-16039,-8601,41985
-16432,-8872,42143
-17148,-9222,42481
-17577,-9741,42516
-17954,-9612,42843
-18555,-10211,42930
-15400,-8556,41523
-16650,-9388,42045
-17171,-9880,42162
-18020,-10091,42641
-13654,-7931,40055
-14070,-8367,40364
-15298,-8943,41281
-15804,-9129,41565
-16108,-9569,41569
-16733,-10027,41779
-17477,-10444,42086
-17976,-10410,42444
-14332,-8803,40507
-15113,-9441,40912
-17113,-10568,41769
-17907,-10765,42209
-14405,-9269,40426
-15516,-9774,41043
-16258,-10186,41364
-16722,-10701,41428
-17202,-11044,41583
-17814,-11149,41938
-12434,-8338,38803
-15744,-10356,40913
-16302,-10842,41061
-17174,-11361,41394
-12884,-8818,39131
-14333,-9768,40175
-14867,-10038,40444
-15184,-10540,40421
-15848,-10993,40664
-16639,-11403,41007
-17120,-11710,41170
-13176,-9389,39258
-15358,-11155,40234
-16263,-11527,40682
-17045,-12088,40915
-13311,-9988,39205
-14152,-10336,39777
-14574,-10740,39883
-15859,-11659,40332
-16371,-12007,40502
-16362,-12315,40331
-14828,-11328,39767
-15425,-11802,39952
-16327,-12656,40123
-11185,-8776,37505
-11648,-9353,37806
-13286,-10614,38957
-13907,-10983,39281
-14251,-11516,39259
-14958,-11956,39542
-15789,-12370,39907
-16267,-13026,39883
-11953,-10007,37914
-14453,-12121,39098
-15400,-12494,39572
-15533,-12970,39412
-13151,-11249,38583
-13623,-11719,38704
-14984,-12628,39210
-15544,-13270,39260
-12125,-10709,37862
-13907,-12298,38616
-14537,-12771,38821
-14932,-13336,38801
-15526,-13603,39069
-12933,-11938,38092
-14057,-12924,38402
-14531,-13460,38455
-15482,-13966,38842
-9890,-9285,36127
-10369,-9958,36404
-12169,-11426,37662
-13314,-12490,38092
-14102,-13596,38082
-14690,-13934,38316
-10690,-10675,36499
-13539,-13090,37947
-14719,-14226,38179
-14717,-14553,38000
-12093,-12142,37319
-12669,-12697,37520
-12978,-13271,37451
-13643,-13742,37680
-14071,-14304,37688
-14688,-14910,37784
-10891,-11424,36458
-13149,-13898,37248
-13657,-14426,37332
-10992,-12186,36304
-11929,-12889,36862
-12369,-13465,36912
-13216,-14563,36948
-13838,-14902,37204
-13886,-15186,37083
-12617,-14065,36782
-13901,-15505,36920
-13889,-15854,36720
-8550,-9870,34666
-9051,-10612,34934
-10984,-12989,36005
-11699,-13668,36317
-12043,-14244,36277
-12744,-14711,36534
-13200,-15275,36557
-9408,-11352,35056
-12237,-14870,36090
-12774,-15396,36193
-12981,-15871,36083
-9642,-12135,35031
-10876,-13801,35583
-11419,-14440,35725
-12321,-15532,35799
-13048,-16147,35981
-13080,-16458,35833
-9778,-12940,34892
-11691,-15040,35610
-11836,-15682,35374
-12326,-16248,35420
-13082,-16803,35641
-10692,-14609,35078
-11102,-15223,35091
-9824,-13785,34639
-11317,-15843,34917
-11887,-16366,35047
-12119,-16842,34956
-12204,-17110,34867
-12252,-17416,34730
-7197,-10482,33158
-7727,-11262,33449
-10448,-15404,34512
-11422,-16502,34643
-12272,-17767,34546
-8118,-12040,33589
-8389,-12835,33597
-9779,-14670,34259
-10758,-16016,34425
-10925,-16652,34208
-11447,-17222,34278
-8555,-13682,33466
-10152,-16199,33889
-10997,-17338,33896
-11251,-17817,33815
-11353,-18078,33738
-9645,-15512,33799
-10393,-16816,33739
-10519,-17471,33483
-11418,-18376,33614
-11464,-18775,33420
-8636,-14564,33231
-9438,-16341,33256
-9821,-16992,33234
-10561,-18200,33119
-8647,-15479,32903
-10010,-17622,33038
-5969,-10946,31756
-6502,-11785,32048
-6907,-12622,32193
-7201,-13451,32213
-9177,-17154,32664
-9465,-17788,32557
-10101,-18313,32732
-10376,-18795,32656
-10496,-19047,32598
-10583,-19361,32481
-10660,-19827,32271
-7396,-14335,32095
-8572,-16364,32485
-9612,-18442,32315
-7515,-15243,31882
-8422,-17208,31992
-8879,-17951,32037
-9092,-18591,31861
-9669,-19182,31945
-7564,-16166,31583
-9197,-19293,31551
-9497,-19775,31492
-9636,-20020,31451
-9753,-20387,31325
-9861,-20936,31092
-5421,-12152,30772
-5833,-13047,30918
-8219,-18021,31452
-8553,-18734,31386
-8705,-19410,31133
-4887,-11248,30483
-6136,-13944,30925
-6354,-14848,30830
-7548,-17073,31211
-8778,-20161,30769
-6499,-15793,30627
-7464,-17937,30780
-7975,-18809,30874
-8210,-19515,30707
-8319,-20241,30390
-8623,-20746,30330
-8783,-21017,30291
-8929,-21475,30138
-9060,-22138,29864
-6575,-16731,30341
-7319,-18757,30291
-7698,-19579,30261
-7860,-20306,30005
-6597,-17643,30005
-7126,-19545,29755
-7938,-21079,29638
-4409,-12447,29554
-4842,-13384,29706
-5170,-14326,29727
-5410,-15264,29644
-6568,-18525,29622
-7398,-20347,29612
-7512,-21109,29291
-7805,-21654,29215
-7980,-22023,29143
-8143,-22634,28926
-8277,-23426,28592
-3843,-11499,29241
-5576,-16243,29446
-5677,-17194,29181
-6480,-19365,29181
-6898,-20315,29178
-7088,-21119,28941
-7166,-21920,28567
-5724,-18113,28868
-6339,-20164,28688
-6648,-21076,28571
-6777,-21899,28256
-7056,-22548,28127
-7236,-23102,27970
-7401,-23884,27674
-4221,-14676,28543
-5722,-19007,28505
-6158,-20940,28149
-6386,-21838,27940
-7530,-24799,27281
-3866,-13694,28507
-4487,-15656,28469
-4676,-16658,28284
-4800,-17621,28041
-5676,-19871,28102
-5576,-20702,27639
-5950,-21706,27577
-6466,-22694,27549
-6115,-22594,27286
-6368,-23546,27006
-6546,-24296,26755
-3403,-12725,28333
-4867,-18553,27740
-4886,-19455,27397
-5432,-21502,27132
-5722,-22468,26970
-6701,-25216,26390
-6824,-26253,25937
-2808,-11728,28007
-4863,-20336,27007
-5253,-22283,26577
-5463,-23325,26281
-5819,-23553,26506
-5735,-24658,25845
-5911,-25572,25515
-3278,-15008,27359
-3569,-16035,27290
-3783,-17052,27129
-3928,-18030,26899
-4798,-21193,26576
-4690,-22016,26089
-5042,-23100,25966
-6055,-26613,25088
-6169,-27756,24575
-2896,-13998,27305
-4016,-18972,26618
-4056,-19885,26291
-4051,-20776,25914
-4538,-22841,25555
-4781,-24162,25183
-5173,-24554,25376
-5108,-25910,24602
-5292,-26940,24220
-2403,-12992,27109
-4009,-21640,25492
-4330,-23819,24874
-5437,-28073,23744
-5551,-29327,23175
-2658,-16395,26118
-2893,-17428,25970
-3062,-18418,25762
-3173,-19371,25503
-3231,-20298,25184
-3927,-22502,25033
-3789,-23441,24457
-4070,-25115,23979
-4503,-25688,24135
-4462,-27271,23261
-4662,-28402,22847
-4813,-29636,22324
-4932,-30990,21702
-1776,-11947,26766
-2341,-15320,26181
-3243,-21194,24813
-3212,-22079,24404
-3583,-24634,23682
-3810,-26940,22784
-1930,-14291,26098
-3135,-23003,23914
-2999,-24122,23260
-3333,-26186,22667
-3786,-28710,21824
-4013,-29953,21385
-4179,-31291,20824
-4307,-32742,20155
-1409,-13240,25890
-2010,-17786,24818
-2202,-18789,24632
-2333,-19756,24384
-2406,-20692,24069
-2431,-21603,23706
-2404,-22528,23279
-2799,-25529,22392
-3090,-28294,21321
-3343,-31577,19841
-3536,-33022,19254
-3680,-34570,18547
-1410,-15637,24992
-1750,-16738,24941
-2319,-23572,22722
-2568,-27362,21238
-3085,-30223,20298
-1346,-19143,23503
-1490,-20127,23252
-1579,-21073,22938
-1607,-22021,22573
-2176,-24886,21970
-1980,-26508,20993
-2347,-29720,19776
-2364,-31801,18697
-2655,-33264,18223
-2879,-34815,17614
-3050,-36463,16880
-751,-12158,25524
-971,-14566,24898
-1133,-18127,23671
-1576,-23028,22097
-1481,-24233,21453
-1779,-28628,19713
-1951,-35006,16536
-2209,-36659,15909
-2411,-38406,15152
-848,-17063,23771
-1330,-25738,20593
-1141,-27582,19502
-1581,-31205,18154
-1625,-33437,17024
-1532,-38534,14143
-1770,-40369,13369
-418,-13472,24669
-480,-15944,23797
-483,-19488,22350
-644,-20480,22097
-736,-21469,21792
-766,-22469,21391
-727,-23597,20849
-624,-24986,20104
-468,-26673,19141
-970,-29971,18103
-792,-32741,16458
-870,-35112,15282
-1238,-36785,14786
-849,-40434,12326
-1122,-42347,11543
-19,-14822,23704
-257,-18451,22523
-292,-28751,17934
-143,-31380,16417
-103,-36814,13477
-516,-38592,12979
-154,-42345,10459
-464,-44328,9673
49,-17372,22605
215,-20845,20931
118,-21873,20603
93,-22967,20151
140,-24248,19525
249,-25821,18681
406,-27683,17625
10,-34307,14692
220,-40418,11113
548,-44253,8562
195,-46304,7778
269,-12359,24281
442,-16235,22606
625,-18765,21353
382,-19814,21174
562,-30009,16295
687,-32831,14673
825,-35907,12869
680,-38540,11612
968,-42251,9206
1254,-46149,6643
854,-48270,5867
1513,-50215,3943
565,-13687,23454
1088,-21221,19730
992,-22316,19362
973,-23527,18847
1026,-24981,18133
1137,-26730,17193
1288,-28777,16043
1412,-31336,14591
1521,-34329,12879
1647,-37542,10997
1474,-40286,9700
1721,-44077,7276
1962,-48025,4710
2173,-52133,2026
2826,-54006,121
934,-15071,22497
948,-17667,21432
1262,-20147,19979
2264,-32732,12831
2360,-35868,11041
2466,-39210,9094
2267,-42045,7763
3054,-43806,5815
2476,-45889,5330
3226,-47686,3392
2671,-49878,2782
3375,-51694,863
3464,-55805,-1756
1364,-16512,21416
1515,-19064,20152
1885,-22803,18066
1871,-24160,17478
1927,-25791,16669
2036,-27704,15646
2166,-29939,14397
3196,-37443,9172
3280,-40902,7169
3835,-45561,3874
3966,-49460,1473
4059,-53454,-1027
4718,-55147,-2884
4085,-57525,-3601
4686,-59168,-5411
5257,-60743,-7173
1284,-12549,23035
1854,-17950,20238
1978,-21617,18482
2936,-28724,14047
3045,-31174,12694
3118,-34173,11028
4029,-39046,7278
4089,-42599,5231
4607,-47298,1954
4687,-51182,-422
5376,-52839,-2278
5345,-56771,-4697
5928,-58330,-6454
5788,-62246,-8876
6278,-63679,-10519
6727,-65045,-12106
1539,-13902,22241
1875,-15305,21300
2155,-20498,18763
2795,-23347,16715
2785,-24865,16045
2839,-26663,15149
3923,-32476,10942
3971,-35652,9193
4853,-40665,5371
4889,-44293,3318
5353,-48984,59
6051,-50604,-1779
6017,-54427,-4077
6609,-55954,-5818
6467,-59825,-8153
6962,-61255,-9792
7412,-62621,-11376
7827,-63943,-12913
7147,-66361,-13652
7540,-67634,-15158
7906,-68855,-16619
8252,-70011,-18032
8589,-71090,-19406
2275,-16773,20228
2411,-19366,18929
2882,-22047,17188
3751,-27584,13581
3842,-29800,12400
4816,-37160,7338
5649,-42285,3505
5658,-45961,1431
6377,-47571,-402
6698,-52154,-3558
7295,-53644,-5278
7155,-57423,-7502
7654,-58833,-9127
8100,-60186,-10693
8508,-61498,-12213
8211,-65225,-14411
8566,-66469,-15870
8906,-67673,-17301
9243,-68826,-18715
9579,-69917,-20099
8921,-72013,-20701
9247,-72835,-21941
9904,-70819,-21383
9573,-73596,-23152
9799,-73778,-23812
10026,-73959,-24484
10256,-74139,-25169
2743,-18217,19040
3047,-20851,17517
3704,-23951,15322
3703,-25634,14557
4732,-30933,10725
4787,-33837,9159
5630,-38688,5493
6401,-43884,1674
7101,-45433,-104
7045,-49113,-2181
7663,-50593,-3898
8228,-52013,-5551
7844,-55076,-6938
8339,-56452,-8535
8779,-57775,-10072
9185,-59063,-11570
8886,-62778,-13696
9248,-64022,-15156
9603,-65227,-16599
9953,-66392,-18029
10297,-67520,-19439
10627,-68576,-20807
10228,-71652,-22634
10952,-69490,-22102
10554,-72426,-23858
10773,-72615,-24512
10994,-72800,-25179
10488,-74320,-25863
11218,-72984,-25857
10724,-74495,-26576
11446,-73163,-26548
10962,-74672,-27299
11201,-74850,-28032
11440,-75031,-28775
11681,-75213,-29529
11924,-75394,-30297
2238,-12717,21845
2459,-14101,21070
3282,-19677,17733
3770,-22517,15875
4588,-26450,13054
4645,-28556,11989
5582,-32125,9043
5614,-35243,7371
6401,-36675,5605
6404,-40226,3691
7134,-41752,1921
7751,-46922,-1834
8347,-48355,-3498
8741,-53376,-7138
9199,-54682,-8666
9630,-55942,-10156
10048,-57173,-11630
9577,-60322,-13049
9959,-61550,-14513
10333,-62743,-15965
10701,-63900,-17402
11061,-65024,-18823
11410,-66100,-20215
11746,-67100,-21563
11278,-70332,-23365
11605,-71116,-24601
11816,-71314,-25248
12030,-71508,-25913
12247,-71699,-26587
11677,-73339,-27253
12468,-71884,-27276
11908,-73516,-27965
12690,-72069,-27973
12141,-73694,-28688
12374,-73875,-29420
12609,-74058,-30164
12172,-75569,-31087
12848,-74235,-30927
12421,-75746,-31888
13089,-74412,-31705
12671,-75924,-32705
12925,-76095,-33546
13181,-76265,-34403
13442,-76425,-35287
2762,-15521,20147
3136,-17019,19068
3579,-18479,17867
3906,-21226,16272
4577,-24610,13914
5501,-29569,10400
6388,-33371,7361
7149,-38123,3876
7810,-43236,203
8432,-44669,-1461
8888,-49733,-5097
9386,-51052,-6639
9851,-52309,-8139
10298,-53522,-9610
10456,-58377,-13091
10854,-59552,-14541
11246,-60696,-15981
11629,-61812,-17406
12003,-62898,-18816
12365,-63935,-20196
12076,-68012,-22867
12404,-68859,-24140
12733,-69649,-25386
12935,-69855,-26028
13141,-70056,-26684
13351,-70250,-27357
12914,-72254,-28678
13563,-70444,-28037
13139,-72438,-29391
13365,-72621,-30112
13593,-72800,-30846
13826,-72974,-31598
13332,-74590,-32496
14059,-73150,-32362
13575,-74767,-33301
13821,-74938,-34128
14071,-75102,-34976
13707,-76580,-36192
14327,-75257,-35849
13979,-76721,-37127
14589,-75402,-36750
14260,-76848,-38094
14552,-76948,-39104
14853,-77031,-40150
4108,-19998,16551
4621,-23033,14561
5436,-27317,11547
6318,-30623,8817
7151,-34664,5697
7848,-39568,2179
8490,-40982,533
8999,-46053,-3067
9531,-47387,-4626
10035,-48663,-6146
10513,-49880,-7629
10734,-54702,-11064
11161,-55854,-12505
11580,-56977,-13936
11991,-58073,-15357
12393,-59143,-16766
12787,-60187,-18161
12715,-64914,-21541
13057,-65832,-22855
13395,-66687,-24138
13726,-67490,-25392
13921,-67716,-26032
14121,-67935,-26692
14325,-68151,-27364
13776,-70638,-28725
14529,-68368,-28044
13990,-70833,-29421
14205,-71028,-30125
14421,-71222,-30838
14644,-71407,-31572
14867,-71590,-32315
14294,-73328,-33138
15092,-71774,-33068
14530,-73504,-33932
14769,-73676,-34747
15016,-73832,-35591
15270,-73981,-36461
14859,-75535,-37682
15530,-74117,-37359
15138,-75653,-38647
15429,-75742,-39655
15162,-77098,-41233
15726,-75820,-40694
15475,-77143,-42362
16027,-75883,-41770
15794,-77174,-43528
16118,-77194,-44733
3288,-14288,19974
3574,-15742,19043
3931,-17251,17955
4725,-21633,15035
5427,-23592,13252
5407,-25323,12502
6244,-28233,10044
7094,-31715,7244
7866,-35996,4062
8528,-37345,2455
9083,-42354,-1064
9648,-43681,-2631
10189,-44962,-4165
10974,-51053,-9085
11426,-52191,-10523
11869,-53299,-11947
12306,-54375,-13363
12736,-55423,-14767
13168,-61192,-19531
13539,-62153,-20876
13900,-63069,-22195
14253,-63939,-23489
14600,-64756,-24755
14793,-64996,-25391
14991,-65225,-26049
14734,-68586,-28731
14940,-68804,-29426
15147,-69023,-30129
15357,-69238,-30846
15571,-69447,-31578
15786,-69656,-32319
15318,-71958,-33832
16002,-69865,-33071
15547,-72136,-34614
15784,-72298,-35426
16028,-72446,-36266
16280,-72585,-37133
15799,-74241,-38288
16539,-72711,-38029
16077,-74344,-39254
16805,-72826,-38953
16363,-74428,-40254
16652,-74504,-41285
16335,-75923,-42888
16948,-74560,-42353
16651,-75948,-44044
16969,-75968,-45231
16443,-77214,-45968
17285,-75994,-46443
16765,-77241,-47229
17083,-77274,-48515
17399,-77314,-49828
17713,-77342,-51178
3084,-12867,20755
4364,-18751,16738
4889,-20326,15382
5501,-22081,13809
6198,-26089,11088
7009,-29191,8553
7824,-32847,5704
9150,-38676,874
9746,-39974,-682
10703,-46190,-5665
11192,-47365,-7130
11667,-48500,-8571
12133,-49604,-9997
12590,-50676,-11409
13158,-56444,-16158
13571,-57440,-17535
13975,-58403,-18892
14367,-59331,-20229
14749,-60216,-21540
15123,-61065,-22832
15192,-65455,-26719
15392,-65689,-27397
15593,-65926,-28083
15795,-66168,-28778
15997,-66412,-29483
16202,-66654,-30204
16409,-66896,-30940
16617,-67139,-31685
16219,-70074,-33832
16441,-70274,-34615
16675,-70447,-35435
16916,-70608,-36279
17165,-70755,-37148
17422,-70887,-38043
17684,-71004,-38967
17079,-72917,-39917
17357,-72998,-40909
17642,-73067,-41931
17253,-74594,-43463
17935,-73115,-42991
17563,-74618,-44604
18235,-73145,-44090
17872,-74644,-45769
18180,-74677,-46957
17598,-76029,-47680
18484,-74719,-48169
17908,-76071,-48943
18215,-76119,-50232
18521,-76156,-51560
18026,-77368,-52560
18825,-76192,-52903
18335,-77395,-53948
18641,-77422,-55359
18943,-77446,-56796
19242,-77467,-58257
4663,-17480,16879
5099,-19042,15640
6187,-24204,11945
6943,-26908,9686
7732,-30191,7074
8514,-34021,4182
9178,-35214,2661
10319,-41236,-2215
10870,-42457,-3722
11393,-43629,-5198
11894,-44757,-6643
13043,-51715,-12813
13489,-52725,-14204
13928,-53706,-15581
14360,-54659,-16943
14783,-55582,-18290
15490,-61878,-24103
15683,-62125,-24736
15882,-62362,-25389
16081,-62600,-26054
16281,-62843,-26727
16481,-63090,-27408
16681,-63342,-28099
16881,-63599,-28799
17086,-63850,-29518
16826,-67384,-32440
17037,-67628,-33206
17254,-67859,-33998
17483,-68063,-34827
17720,-68254,-35680
17964,-68431,-36559
18215,-68596,-37462
17954,-71098,-39926
18231,-71181,-40912
18513,-71251,-41928
18804,-71303,-42981
19099,-71342,-44066
18536,-73174,-45212
18835,-73209,-46354
19133,-73251,-47517
18785,-74769,-49406
19428,-73300,-48702
19082,-74826,-50670
19380,-74870,-51960
19676,-74917,-53274
19126,-76230,-54268
19967,-74966,-54614
19423,-76269,-55659
19716,-76307,-57075
20006,-76341,-58517
19538,-77481,-59745
20292,-76368,-59984
19830,-77486,-61259
20121,-77448,-62813
20403,-77407,-64392
20682,-77351,-65998
4035,-14470,18944
4316,-15957,17987
5622,-20685,14234
6228,-22567,12598
6911,-24874,10631
7658,-27775,8283
8433,-31224,5616
9126,-32276,4155
9817,-36397,1146
10429,-37568,-351
11015,-38729,-1834
12382,-45851,-8068
12861,-46916,-9480
13334,-47952,-10882
13801,-48957,-12274
14261,-49934,-13654
15196,-56465,-19611
15600,-57317,-20916
15996,-58131,-22199
16385,-58914,-23465
16580,-59157,-24091
16779,-59399,-24734
16979,-59640,-25392
17291,-64105,-30249
17497,-64364,-30990
17703,-64627,-31742
17911,-64890,-32510
18128,-65139,-33307
18355,-65363,-34142
18590,-65576,-35002
18831,-65781,-35888
18471,-68743,-38396
18736,-68869,-39362
19008,-68979,-40352
19287,-69074,-41370
19573,-69151,-42419
19393,-71387,-45171
19685,-71438,-46295
19976,-71495,-47438
20264,-71560,-48603
19720,-73358,-49912
20007,-73421,-51132
20296,-73471,-52387
20581,-73524,-53672
20863,-73583,-54986
20254,-75015,-55980
20538,-75064,-57373
20818,-75112,-58792
21095,-75154,-60240
20575,-76387,-61477
21367,-75193,-61715
20853,-76376,-63013
21125,-76354,-64576
21395,-76316,-66167
20958,-77274,-67630
21662,-76260,-67785
21231,-77175,-69289
21501,-77050,-70973
21768,-76855,-72702
3836,-13009,19746
5362,-17723,15813
5807,-19345,14544
6333,-21080,13084
6934,-23091,11376
7624,-25596,9300
8365,-28679,6862
9803,-33331,2694
10460,-34364,1246
11578,-39871,-3305
12110,-40979,-4752
12623,-42052,-6174
13124,-43097,-7580
14715,-50882,-15021
15163,-51803,-16374
15604,-52697,-17714
16034,-53545,-19026
16458,-54366,-20324
17180,-59885,-26058
17380,-60136,-26732
17580,-60392,-27415
17781,-60651,-28110
17986,-60907,-28823
18191,-61168,-29546
18397,-61435,-30279
18604,-61704,-31027
18814,-61970,-31793
19074,-65980,-36798
19327,-66156,-37743
19587,-66316,-38716
19853,-66461,-39715
20126,-66592,-40739
19862,-69215,-43495
20151,-69282,-44587
20439,-69354,-45697
20725,-69432,-46826
21009,-69517,-47975
20548,-71629,-49779
20831,-71705,-50968
21114,-71768,-52201
21393,-71838,-53463
21669,-71915,-54754
21140,-73646,-56327
21941,-71997,-56076
21415,-73709,-57697
21686,-73771,-59094
21953,-73830,-60520
22211,-73893,-61974
21633,-75207,-63230
22467,-73930,-63465
21896,-75204,-64776
22156,-75186,-66349
22411,-75151,-67946
21924,-76182,-69427
22660,-75095,-69566
22182,-76078,-71093
22903,-75013,-71209
22435,-75913,-72797
22029,-76620,-74456
22683,-75699,-74530
22285,-76339,-76235
22925,-75443,-76289
22536,-76008,-78046
22781,-75620,-79892
4741,-14644,17939
5016,-16168,16956
7644,-23663,10115
8333,-26361,7946
9067,-29616,5454
9762,-30577,4034
11092,-35378,-182
11701,-36382,-1596
13616,-44120,-8976
14104,-45115,-10367
14586,-46083,-11747
15061,-47025,-13116
15530,-47941,-14472
16874,-55148,-21600
17284,-55899,-22859
17480,-56141,-23481
17679,-56383,-24113
17880,-56627,-24761
18081,-56874,-25420
18283,-57125,-26086
18484,-57379,-26759
18687,-57632,-27444
19034,-62216,-32590
19264,-62443,-33424
19501,-62662,-34283
19742,-62875,-35168
19985,-63082,-36077
20239,-63267,-37025
20499,-63442,-37999
20403,-66713,-41789
20683,-66824,-42863
20962,-66938,-43953
21241,-67055,-45059
21518,-67175,-46181
21795,-67297,-47314
21291,-69609,-49127
21570,-69706,-50299
21850,-69788,-51511
22127,-69877,-52751
22400,-69975,-54021
22666,-70082,-55320
22209,-72082,-57428
22474,-72167,-58809
22730,-72259,-60219
22977,-72353,-61654
23217,-72429,-63122
22718,-73946,-64989
23448,-72487,-64621
22963,-73951,-66535
23198,-73943,-68102
23421,-73918,-69685
23634,-73873,-71288
23137,-74882,-72882
23836,-73795,-72917
23362,-74703,-74585
23575,-74488,-76310
23159,-75144,-78076
23777,-74231,-78059
23379,-74795,-79889
23966,-73930,-79834
23016,-75129,-81793
23585,-74359,-81747
23237,-74573,-83730
23774,-73854,-83646
23439,-73948,-85708
23618,-73260,-87731
6065,-17978,14743
6511,-19659,13431
7036,-21499,11915
8353,-24284,8827
9039,-27168,6573
10444,-31539,2613
11106,-32476,1207
12282,-37373,-2995
12837,-38347,-4383
13371,-39309,-5757
15992,-48830,-15816
16449,-49692,-17147
16896,-50517,-18456
17336,-51309,-19748
17772,-52076,-21026
18893,-57886,-28146
19098,-58145,-28857
19305,-58408,-29582
19516,-58670,-30323
19731,-58926,-31086
19957,-59165,-31883
20191,-59390,-32711
20431,-59607,-33567
20764,-63608,-39000
21033,-63770,-40025
21302,-63934,-41070
21571,-64094,-42141
21838,-64259,-43226
22103,-64430,-44325
22069,-67422,-48451
22341,-67549,-49607
22612,-67659,-50797
22879,-67776,-52011
23139,-67904,-53249
23393,-68042,-54514
22927,-70198,-56652
23180,-70320,-58012
23420,-70457,-59400
23650,-70597,-60814
23872,-70726,-62260
24085,-70835,-63741
23669,-72536,-66141
24288,-70938,-65245
23878,-72577,-67682
24077,-72604,-69241
24264,-72611,-70822
24440,-72595,-72423
24027,-73659,-74580
24604,-72516,-74066
24207,-73490,-76267
24756,-72408,-75733
24377,-73282,-77979
24532,-73036,-79715
24140,-73560,-81648
24672,-72741,-81480
24298,-73109,-83507
24793,-72355,-83295
23947,-73285,-85583
24435,-72607,-85402
24094,-72658,-87565
24550,-72048,-87341
23774,-72488,-89808
24220,-71953,-89600
23906,-71618,-91953
24321,-71157,-91700
24008,-70641,-94177
4548,-13142,18766
5711,-16364,15911
7217,-20000,12299
7737,-21949,10723
9060,-24950,7514
9742,-28009,5208
10439,-28875,3829
11746,-33390,-176
12365,-34283,-1541
13891,-40266,-7127
14402,-41218,-8496
14906,-42159,-9868
15403,-43085,-11235
15892,-43988,-12591
18198,-52797,-22279
18394,-53042,-22897
18590,-53290,-23521
18788,-53539,-24156
18989,-53789,-24806
19189,-54044,-25464
19390,-54302,-26129
19594,-54556,-26809
19798,-54812,-27499
20003,-55071,-28200
20672,-59821,-34446
20918,-60025,-35354
21172,-60212,-36295
21430,-60393,-37261
21691,-60571,-38251
21951,-60751,-39257
22364,-64607,-45439
22621,-64789,-46550
22875,-64977,-47675
23125,-65170,-48817
23375,-65344,-49991
23620,-65522,-51185
23860,-65704,-52400
23639,-68192,-55811
23875,-68357,-57140
24098,-68535,-58500
24313,-68721,-59887
24517,-68901,-61306
24713,-69061,-62764
24896,-69221,-64248
24479,-71036,-66772
25067,-69379,-65754
24658,-71123,-68321
25224,-69530,-67286
24825,-71198,-69894
24978,-71250,-71485
25119,-71248,-73116
25247,-71211,-74776
25366,-71138,-76465
24896,-72266,-77424
25475,-71024,-78181
25021,-72087,-79138
25578,-70860,-79932
25133,-71863,-80880
25673,-70617,-81734
25235,-71546,-82678
24895,-71923,-85149
25326,-71173,-84525
25408,-70729,-86426
24986,-71425,-87055
24644,-71414,-89333
25479,-70207,-88382
25066,-70846,-89020
24721,-70688,-91393
25132,-70170,-91051
25183,-69387,-93145
24780,-69847,-93523
24394,-70257,-93870
24819,-68881,-95731
24441,-69232,-96117
24076,-69543,-96471
24461,-68063,-98463
24106,-68312,-98854
24107,-66945,-101316
5447,-14808,16920
6772,-18249,13653
8441,-22435,9503
9765,-25654,6192
11124,-29740,2449
12960,-35150,-2884
13531,-35993,-4209
14088,-36819,-5525
16376,-44867,-13936
16854,-45722,-15270
17326,-46552,-16593
17791,-47351,-17898
18247,-48113,-19182
18697,-48852,-20454
20211,-55332,-28916
20422,-55589,-29649
20639,-55836,-30408
20864,-56071,-31195
21094,-56296,-32008
21327,-56512,-32848
21561,-56725,-33710
21803,-56923,-34604
22208,-60939,-40276
22464,-61124,-41321
22716,-61321,-42381
22963,-61531,-43457
23207,-61753,-44540
23445,-61987,-45627
23679,-62234,-46734
23908,-62492,-47860
24096,-65891,-53637
24326,-66081,-54899
24545,-66286,-56190
24753,-66503,-57514
24951,-66731,-58867
25137,-66965,-60251
25313,-67178,-61678
25477,-67393,-63134
25629,-67609,-64618
25772,-67817,-66133
25369,-69672,-68844
25907,-68013,-67681
25502,-69796,-70428
26034,-68192,-69264
25626,-69870,-72051
26153,-68329,-70886
25743,-69894,-73713
25853,-69880,-75410
25955,-69826,-77136
26050,-69724,-78898
26136,-69561,-80707
26211,-69316,-82573
25755,-70306,-83590
26279,-69006,-84489
25830,-69927,-85497
26337,-68623,-86457
25895,-69472,-87458
25947,-68929,-89479
25538,-69593,-90401
25984,-68286,-91551
25581,-68876,-92477
25607,-68042,-94631
25214,-68483,-95318
25609,-67082,-96880
25221,-67447,-97592
24832,-67777,-98043
25200,-66273,-99966
24817,-66533,-100450
24453,-66754,-100899
24771,-65173,-102934
24415,-65334,-103406
24078,-65467,-103844
24350,-63781,-105969
24021,-63859,-106424
5259,-13272,17773
6410,-16566,14847
7479,-18527,12548
7915,-20358,11150
9147,-22961,8253
10468,-26395,4870
11789,-30587,1083
12434,-31414,-263
14634,-37640,-6838
15173,-38460,-8157
15705,-39279,-9480
19133,-49571,-21705
19321,-49829,-22314
19509,-50092,-22927
19696,-50359,-23547
19885,-50627,-24181
20075,-50898,-24824
20264,-51174,-25475
20456,-51445,-26142
20649,-51719,-26817
20843,-51992,-27504
21041,-52260,-28207
22051,-57109,-35525
22301,-57292,-36471
22552,-57478,-37434
22800,-57674,-38411
23043,-57883,-39401
23286,-58092,-40415
23525,-58314,-41446
24136,-62740,-49022
24359,-62994,-50201
24575,-63251,-51399
24787,-63513,-52618
24990,-63783,-53859
25183,-64064,-55125
25368,-64349,-56417
25546,-64636,-57737
25716,-64924,-59088
25882,-65181,-60487
26040,-65435,-61920
26190,-65688,-63388
26331,-65937,-64891
26464,-66178,-66431
26588,-66405,-68009
26704,-66605,-69625
26265,-68413,-72556
26812,-66745,-71296
26368,-68459,-74259
26911,-66855,-73006
26463,-68468,-75995
27001,-66929,-74751
26550,-68432,-77770
26629,-68354,-79585
26697,-68181,-81464
26757,-67944,-83390
26808,-67638,-85367
26846,-67252,-87398
26382,-68155,-88482
26870,-66773,-89470
26413,-67592,-90552
26427,-66921,-92698
26004,-67531,-93699
26420,-66130,-94928
26003,-66653,-95937
25974,-65642,-98278
25583,-65985,-99233
25911,-64503,-100718
25524,-64764,-101676
25146,-64978,-102422
25434,-63402,-104187
25062,-63548,-104942
24696,-63679,-105476
24948,-61986,-107510
24592,-62055,-108064
24255,-62097,-108572
23936,-62120,-109040
24130,-60290,-111199
23821,-60255,-111680
6154,-14967,15887
7119,-16781,13760
8614,-20742,9979
9852,-23526,6982
11167,-27164,3532
11854,-27932,2190
13060,-32219,-1589
13658,-32997,-2894
14238,-33753,-4179
16228,-40094,-10803
16743,-40903,-12124
17250,-41703,-13440
17749,-42492,-14751
18239,-43271,-16055
21243,-52523,-28928
21454,-52770,-29677
21671,-53007,-30449
21890,-53240,-31243
22114,-53460,-32067
22341,-53675,-32912
22578,-53868,-33793
22819,-54056,-34696
23759,-58550,-42492
23988,-58800,-43534
24212,-59065,-44592
24431,-59345,-45668
24643,-59637,-46762
24854,-59920,-47889
25060,-60217,-49038
25258,-60526,-50208
25451,-60848,-51404
25634,-61190,-52626
25811,-61540,-53877
25984,-61897,-55158
26151,-62257,-56468
26313,-62615,-57810
26471,-62942,-59197
26623,-63258,-60620
26769,-63568,-62078
26907,-63868,-63570
27040,-64153,-65098
27164,-64425,-66664
27279,-64679,-68272
27385,-64877,-69936
27481,-65047,-71644
27568,-65187,-73396
27083,-66961,-76536
27647,-65293,-75192
27154,-66961,-78364
27713,-65369,-77030
27216,-66875,-80251
27269,-66717,-82190
27313,-66493,-84178
27344,-66193,-86215
27361,-65806,-88293
27362,-65320,-90441
26878,-66192,-91615
27344,-64723,-92667
26866,-65494,-93842
26829,-64675,-96160
26388,-65212,-97256
26761,-63725,-98583
26322,-64163,-99689
26224,-62968,-102212
25816,-63220,-103236
26090,-61630,-104800
25688,-61801,-105814
25312,-61909,-106754
25528,-60251,-108443
25160,-60289,-109365
24804,-60301,-110115
24457,-60306,-110679
24629,-58491,-112744
24289,-58420,-113321
23966,-58319,-113858
23660,-58191,-114363
23742,-56083,-116589
23431,-55831,-117127
8182,-18817,11429
9315,-21157,8787
10556,-24130,5709
12523,-28683,866
14804,-34493,-5453
15363,-35227,-6730
15919,-35955,-8014
18713,-44044,-17345
19160,-44796,-18598
19583,-45545,-19823
19985,-46286,-21025
20157,-46570,-21618
20329,-46858,-22216
20501,-47152,-22819
20673,-47448,-23432
20847,-47746,-24059
21022,-48044,-24697
21200,-48337,-25348
21380,-48631,-26011
21563,-48921,-26688
21750,-49207,-27383
21943,-49483,-28098
22143,-49741,-28839
23061,-54246,-35617
23300,-54445,-36551
23535,-54657,-37497
23766,-54879,-38453
23995,-55104,-39431
24221,-55340,-40425
24442,-55590,-41420
24659,-55855,-42425
24872,-56135,-43447
25081,-56429,-44489
27770,-65374,-78924
27817,-65298,-80877
27854,-65161,-82878
27879,-64953,-84922
27889,-64661,-87008
27884,-64277,-89161
27859,-63788,-91389
27811,-63187,-93700
27302,-64008,-94980
27735,-62464,-96106
27231,-63168,-97393
27126,-62179,-99909
26659,-62628,-101104
26984,-61037,-102513
26521,-61383,-103703
26347,-59998,-106364
25923,-60158,-107445
25722,-58557,-110130
25336,-58575,-111105
24976,-58546,-112003
25108,-56760,-113793
24754,-56647,-114673
24411,-56497,-115415
24068,-56309,-116019
24122,-54198,-118170
23777,-53882,-118806
23453,-53561,-119394
23149,-53240,-119941
5973,-13409,16752
6860,-15107,14836
7828,-17011,12671
8878,-19118,10296
10017,-21602,7575
11259,-24770,4428
13172,-29416,-439
13801,-30131,-1729
16469,-36677,-9299
17014,-37393,-10582
17552,-38101,-11863
18076,-38805,-13131
22347,-49995,-29598
22552,-50245,-30377
22764,-50480,-31185
22982,-50699,-32021
23209,-50902,-32885
23438,-51102,-33766
23667,-51306,-34661
23894,-51519,-35566
24120,-51742,-36482
25287,-56738,-45552
25494,-57039,-46652
25697,-57353,-47777
25896,-57680,-48926
26088,-58023,-50099
26272,-58382,-51300
26451,-58753,-52528
26624,-59131,-53784
26791,-59520,-55071
26950,-59918,-56392
27105,-60306,-57760
27252,-60688,-59173
27392,-61073,-60624
27525,-61455,-62114
27650,-61828,-63643
27767,-62187,-65211
27878,-62519,-66819
27981,-62794,-68475
28077,-63024,-70179
28164,-63224,-71929
28241,-63402,-73728
28306,-63554,-75576
28360,-63655,-77474
28402,-63663,-79439
28434,-63615,-81453
28453,-63503,-83507
28457,-63312,-85603
28445,-63035,-87763
28415,-62660,-89994
28361,-62181,-92306
28280,-61583,-94709
28170,-60843,-97212
27628,-61595,-98615
27483,-60570,-101220
27299,-59397,-103909
26805,-59752,-105189
27076,-58081,-106659
26588,-58328,-107918
26138,-58480,-109071
26335,-56768,-110688
25894,-56830,-111811
25487,-56824,-112842
25605,-55007,-114585
25202,-54892,-115597
24824,-54714,-116536
24470,-54483,-117409
24115,-51997,-120233
23774,-51630,-120988
23436,-51231,-121637
23119,-50829,-122241
22821,-50427,-122802
10721,-22080,6338
11959,-25436,3130
12648,-26103,1830
14404,-30822,-2996
14990,-31494,-4246
15564,-32154,-5484
18576,-39510,-14377
19048,-40223,-15597
19493,-40948,-16793
19908,-41671,-17956
20295,-42395,-19095
20656,-43130,-20211
20820,-43401,-20769
20980,-43687,-21336
21138,-43988,-21912
21294,-44305,-22499
21450,-44628,-23103
21611,-44947,-23730
21775,-45264,-24369
21943,-45579,-25023
22117,-45888,-25695
22296,-46190,-26386
22483,-46477,-27101
22677,-46754,-27840
22873,-47022,-28596
24344,-51974,-37411
24568,-52208,-38361
24792,-52446,-39323
25015,-52696,-40288
25234,-52959,-41270
25452,-53235,-42270
25667,-53521,-43287
25879,-53820,-44325
26092,-54110,-45398
26302,-54415,-46495
26508,-54736,-47616
26704,-55080,-48763
26894,-55438,-49934
27078,-55810,-51132
27256,-56197,-52359
27427,-56597,-53617
27591,-57010,-54908
27750,-57421,-56244
27902,-57828,-57628
28046,-58242,-59053
28182,-58659,-60518
28308,-59081,-62027
28424,-59506,-63583
28530,-59925,-65188
28627,-60319,-66848
28714,-60660,-68564
28796,-60970,-70329
28866,-61255,-72140
28929,-61494,-73996
28984,-61682,-75898
29026,-61786,-77869
29054,-61828,-79893
29069,-61813,-81955
29068,-61728,-84063
29051,-61562,-86232
29016,-61306,-88469
28956,-60955,-90783
28870,-60490,-93185
28755,-59889,-95685
28606,-59140,-98282
28022,-59951,-99813
27834,-58903,-102510
27606,-57711,-105281
27335,-56370,-108107
26814,-56623,-109458
26511,-55024,-112286
26040,-55056,-113486
25680,-53104,-116335
25246,-52896,-117431
24840,-52627,-118443
24464,-52325,-119374
24406,-50097,-121341
24042,-49699,-122256
23704,-49280,-123102
23373,-48815,-123861
23041,-48307,-124534
22728,-47797,-125161
22433,-47287,-125751
6691,-13536,15713
7568,-15259,13766
8538,-17257,11572
9577,-19443,9141
11424,-22589,5110
13318,-26757,547
16133,-32809,-6727
16699,-33462,-7981
17250,-34122,-9227
23073,-47280,-29371
23282,-47523,-30174
23502,-47740,-31013
23727,-47950,-31872
23954,-48162,-32745
24181,-48380,-33629
24407,-48604,-34522
24632,-48836,-35426
24857,-49075,-36341
25083,-49316,-37270
29408,-57840,-66765
29489,-58240,-68528
29554,-58637,-70348
29609,-59009,-72223
29654,-59337,-74151
29689,-59593,-76137
29713,-59759,-78184
29726,-59856,-80257
29723,-59877,-82376
29703,-59825,-84554
29663,-59691,-86798
29600,-59474,-89115
29510,-59150,-91518
29391,-58696,-94016
29240,-58099,-96612
29049,-57354,-99305
28416,-58236,-100979
28183,-57181,-103766
27906,-55976,-106620
27581,-54631,-109514
27022,-54890,-110969
26647,-53248,-113848
26146,-53228,-115146
25683,-51102,-118080
25222,-50808,-119264
24798,-50470,-120347
24279,-47798,-123300
23898,-47307,-124282
23545,-46793,-125190
23215,-46262,-126031
22890,-45669,-126809
22564,-45015,-127526
22256,-44369,-128194
21964,-43734,-128818
9242,-17505,10463
10277,-19793,7969
12127,-23129,3868
13971,-27396,-720
14601,-28016,-1971
15210,-28616,-3201
17778,-34796,-10456
18277,-35488,-11663
18748,-36195,-12847
19192,-36916,-14007
19608,-37647,-15139
19996,-38389,-16243
20356,-39133,-17318
20695,-39860,-18366
21023,-40580,-19401
21189,-40802,-19918
21355,-41031,-20442
21521,-41267,-20974
21687,-41515,-21517
21855,-41770,-22080
22029,-42024,-22677
22206,-42287,-23294
22386,-42556,-23934
22570,-42831,-24598
22758,-43113,-25287
22952,-43388,-26009
23146,-43663,-26752
23347,-43932,-27515
25309,-49554,-38205
25535,-49801,-39152
25759,-50058,-40113
25982,-50324,-41091
26203,-50601,-42087
26423,-50890,-43101
26644,-51170,-44151
26863,-51464,-45221
27072,-51780,-46314
27277,-52112,-47431
27478,-52455,-48571
27671,-52810,-49734
27858,-53182,-50923
28038,-53570,-52142
28212,-53974,-53396
28379,-54386,-54690
28540,-54792,-56035
28693,-55211,-57422
28837,-55642,-58854
28972,-56084,-60331
29097,-56532,-61855
29212,-56982,-63430
29316,-57434,-65061
30443,-57466,-78346
30431,-57662,-80502
30403,-57765,-82705
30360,-57771,-84962
30293,-57699,-87288
30201,-57522,-89692
30080,-57222,-92188
29927,-56787,-94783
29736,-56209,-97476
28813,-56453,-102099
28531,-55403,-104977
28193,-54215,-107898
27792,-52906,-110829
27193,-53152,-112416
27318,-51414,-113787
26729,-51454,-115353
26185,-51334,-116779
26157,-49370,-118388
25624,-49064,-119794
25138,-48687,-121070
24691,-48261,-122234
24075,-45388,-125269
23671,-44778,-126326
23297,-44147,-127302
22951,-43504,-128206
22628,-42856,-129045
22309,-42142,-129838
21987,-41353,-130589
7411,-13657,14660
8280,-15429,12671
10978,-20169,6781
12828,-23692,2609
15801,-29200,-4412
16370,-29787,-5607
23554,-44192,-28299
23769,-44438,-29110
23993,-44659,-29953
24219,-44882,-30809
24445,-45110,-31676
24670,-45344,-32550
24895,-45584,-33434
25119,-45830,-34329
25343,-46083,-35232
25568,-46339,-36133
25795,-46591,-37057
30003,-54295,-63203
30111,-54736,-64866
30204,-55175,-66599
30281,-55621,-68395
30344,-56063,-70258
30393,-56487,-72184
30426,-56883,-74172
30442,-57199,-76242
29500,-55481,-100269
29213,-54603,-103156
28865,-53598,-106100
28449,-52468,-109062
27963,-51190,-112047
27395,-49636,-115099
26745,-49577,-116830
26088,-47351,-119977
25511,-46967,-121493
24989,-46497,-122867
24512,-45965,-124119
21684,-40585,-131287
21397,-39839,-131938
8992,-15615,11584
9939,-17755,9341
11680,-20570,5581
13519,-24254,1351
14191,-24802,110
16914,-30395,-6789
17428,-31032,-7952
17913,-31694,-9099
18369,-32379,-10224
18795,-33090,-11325
19191,-33826,-12403
19563,-34577,-13462
19921,-35333,-14508
20270,-36083,-15547
20615,-36821,-16585
20948,-37534,-17604
21274,-38232,-18612
21440,-38446,-19117
21607,-38665,-19628
21775,-38886,-20147
21947,-39108,-20676
22126,-39320,-21228
22312,-39523,-21804
22506,-39721,-22403
22705,-39915,-23021
22909,-40108,-23658
23119,-40291,-24320
23334,-40469,-25009
26022,-46850,-37994
26247,-47115,-38943
26472,-47389,-39907
26696,-47669,-40886
26920,-47957,-41882
27146,-48232,-42910
27367,-48521,-43956
27583,-48824,-45020
27797,-49137,-46106
28006,-49463,-47214
28211,-49802,-48345
28409,-50155,-49498
28601,-50522,-50680
28788,-50906,-51894
28968,-51303,-53141
29143,-51685,-54440
29310,-52083,-55780
29468,-52498,-57165
29617,-52931,-58595
29756,-53377,-60077
29885,-53832,-61612
31226,-54162,-74085
31233,-54539,-76190
31220,-54878,-78361
31185,-55163,-80595
31128,-55381,-82894
31048,-55515,-85253
30949,-55531,-87677
30827,-55408,-90178
30673,-55151,-92775
30482,-54755,-95470
30248,-54213,-98261
29958,-53531,-101142
29601,-52725,-104094
29174,-51799,-107086
28676,-50742,-110104
28107,-49450,-113186
27441,-47712,-116409
26727,-47613,-118292
25991,-45226,-121584
25362,-44749,-123226
24794,-44167,-124710
24277,-43512,-126058
23804,-42811,-127289
23370,-42084,-128418
22971,-41341,-129456
22602,-40591,-130414
22261,-39843,-131300
21945,-39102,-132123
21631,-38287,-132913
21313,-37387,-133679
21015,-36522,-134389
8130,-13764,13594
10640,-18024,8198
12383,-20997,4390
14844,-25341,-1113
15459,-25875,-2310
21487,-35867,-17813
21652,-36073,-18306
23552,-40651,-25721
23774,-40839,-26458
23998,-41036,-27220
24226,-41235,-28015
24456,-41440,-28841
24684,-41667,-29685
24909,-41909,-30542
25133,-42160,-31408
25357,-42419,-32285
25581,-42684,-33170
25806,-42956,-34050
30792,-51469,-62931
30905,-51912,-64616
31002,-52365,-66365
31085,-52825,-68184
31151,-53288,-70076
31199,-53747,-72041
31789,-52954,-85382
31652,-53090,-87921
31486,-53084,-90544
31291,-52907,-93251
31057,-52574,-96042
30765,-52120,-98914
30405,-51542,-101865
29970,-50839,-104873
29464,-50007,-107930
28893,-48971,-111055
28238,-47587,-114292
26692,-45559,-119752
25172,-42395,-125002
24550,-41678,-126609
23987,-40889,-128059
23476,-40060,-129375
23010,-39211,-130573
22583,-38356,-131669
22191,-37506,-132675
21830,-36666,-133599
21497,-35843,-134452
20736,-35693,-135049
9705,-15817,10490
11341,-18314,7043
13086,-21449,3181
16030,-26420,-3464
16555,-26985,-4575
17043,-27573,-5656
17499,-28195,-6718
17922,-28857,-7759
18317,-29550,-8779
18697,-30260,-9796
19068,-30975,-10811
19432,-31692,-11825
19790,-32407,-12835
20142,-33117,-13840
20489,-33820,-14845
20830,-34517,-15847
21163,-35201,-16838
21820,-36281,-18808
21991,-36490,-19322
22168,-36693,-19853
22354,-36886,-20408
22546,-37074,-20980
22746,-37252,-21579
22951,-37425,-22196
23161,-37593,-22832
23380,-37743,-23497
23605,-37886,-24180
26030,-43235,-34942
26257,-43505,-35859
26484,-43779,-36787
26710,-44060,-37727
26936,-44347,-38680
27161,-44640,-39648
27386,-44940,-40632
27611,-45230,-41645
27832,-45531,-42674
28051,-45839,-43720
28268,-46153,-44783
28483,-46474,-45866
28694,-46803,-46968
28902,-47141,-48091
29105,-47485,-49236
29304,-47840,-50409
29498,-48209,-51612
29688,-48569,-52864
29872,-48938,-54157
30048,-49324,-55491
30216,-49727,-56870
30374,-50145,-58297
30524,-50574,-59779
30663,-51021,-61321
32048,-51656,-76022
32026,-52045,-78247
31977,-52397,-80548
31898,-52717,-82928
30842,-49498,-102392
30336,-48913,-105489
29766,-48152,-108664
29118,-47104,-111933
28359,-45571,-115369
27477,-45696,-117694
26638,-43417,-121203
25864,-42994,-123210
24936,-39908,-126805
24253,-39051,-128545
23642,-38124,-130101
23090,-37163,-131501
22590,-36193,-132766
21188,-35040,-135241
20879,-34165,-136006
20564,-33206,-136753
8848,-13868,12516
12043,-18626,5872
13786,-21919,1958
14457,-22402,757
21347,-32878,-16081
21670,-33506,-17028
21837,-33696,-17512
23836,-38022,-24882
24072,-38154,-25600
24312,-38282,-26339
24556,-38409,-27096
24801,-38541,-27869
25047,-38680,-28660
31686,-48989,-64320
31797,-49430,-66078
31891,-49885,-67910
31965,-50352,-69820
32017,-50818,-71803
32044,-51243,-73873
32406,-50341,-87995
32201,-50444,-90729
31947,-50426,-93552
31641,-50270,-96437
31277,-49950,-99380
27507,-43602,-118940
26561,-41179,-122638
25701,-40641,-124849
22135,-35231,-133915
21720,-34286,-134960
21340,-33365,-135913
20992,-32472,-136786
20272,-32295,-137444
20001,-31434,-138082
10413,-16028,9386
12740,-18967,4708
15077,-22900,-394
15643,-23415,-1497
16154,-23951,-2553
18184,-26976,-7400
18556,-27623,-8361
18922,-28275,-9321
19283,-28933,-10285
19640,-29593,-11253
19991,-30256,-12220
20337,-30916,-13188
20679,-31573,-14155
21016,-32228,-15119
22007,-33885,-18009
22183,-34070,-18520
22369,-34241,-19057
22560,-34408,-19611
22758,-34570,-20182
22962,-34728,-20773
23170,-34878,-21390
23388,-35013,-22033
23614,-35139,-22698
25293,-38832,-29464
25536,-39006,-30283
25774,-39206,-31114
26009,-39432,-31950
26239,-39685,-32806
26466,-39965,-33683
26693,-40253,-34588
26920,-40546,-35508
27147,-40847,-36442
27374,-41154,-37390
27601,-41468,-38350
27824,-41792,-39325
28048,-42102,-40327
28269,-42416,-41342
28490,-42737,-42372
28708,-43062,-43418
28925,-43394,-44482
29139,-43731,-45564
29351,-44074,-46667
29560,-44423,-47790
29766,-44775,-48936
29969,-45133,-50106
30169,-45480,-51315
30367,-45819,-52563
30560,-46168,-53848
30747,-46530,-55173
30927,-46907,-56544
31101,-47299,-57969
31266,-47710,-59453
31419,-48145,-61001
31560,-48563,-62630
32852,-49006,-78016
32792,-49425,-80370
32699,-49803,-82816
32571,-50117,-85357
31801,-47651,-99615
31297,-47362,-102748
30732,-46874,-105966
30089,-46165,-109281
29350,-45094,-112733
28488,-43471,-116374
27533,-41431,-120133
25505,-38185,-126493
24658,-37313,-128629
23910,-36313,-130509
23245,-35245,-132173
22651,-34154,-133654
22117,-33070,-134980
20672,-31613,-137588
20377,-30788,-138326
20081,-29899,-139045
19609,-29223,-139610
9567,-13979,11427
11116,-16238,8271
13412,-19350,3574
16614,-24513,-3561
17030,-25102,-4529
17424,-25711,-5485
17807,-26338,-6441
23845,-35261,-23380
24080,-35382,-24077
24318,-35505,-24786
24561,-35620,-25516
24805,-35743,-26255
25050,-35872,-27004
32683,-46844,-67588
32773,-47289,-69485
32836,-47720,-71479
32871,-48150,-73571
32878,-48583,-75752
32941,-47560,-90700
32629,-47702,-93592
32249,-47746,-96564
31166,-44691,-106283
30442,-44044,-109766
29596,-42902,-113439
28632,-41285,-117274
26466,-38843,-124056
21636,-32011,-136171
21200,-30986,-137245
20805,-30003,-138216
19779,-28937,-139750
19667,-28937,-139782
19725,-28643,-139953
19785,-28340,-140125
11806,-16466,7149
14046,-19792,2457
14640,-20284,1362
19129,-26349,-8885
19479,-26946,-9798
19825,-27549,-10713
20169,-28152,-11636
20510,-28753,-12561
20846,-29353,-13487
21179,-29951,-14414
21510,-30545,-15342
21837,-31130,-16269
22007,-31297,-16753
22184,-31460,-17251
22368,-31612,-17771
22560,-31756,-18309
22757,-31895,-18863
22957,-32032,-19434
23163,-32163,-20022
23378,-32280,-20637
25298,-35999,-27773
25547,-36132,-28552
25797,-36273,-29330
26047,-36423,-30111
26297,-36584,-30905
26547,-36757,-31712
26795,-36940,-32532
30193,-41597,-47420
30400,-41963,-48569
30606,-42324,-49747
30811,-42664,-50967
31014,-43009,-52220
31214,-43358,-53508
31411,-43710,-54836
31604,-44067,-56208
31793,-44434,-57631
31971,-44823,-59112
32141,-45209,-60666
32299,-45593,-62294
32443,-45993,-63986
32572,-46410,-65750
33526,-46670,-82572
33384,-47041,-85183
33192,-47341,-87894
32387,-45053,-99609
31813,-44981,-102900
27558,-39176,-121264
26356,-36428,-125425
25279,-35648,-128117
24340,-34636,-130449
23519,-33491,-132476
22798,-32287,-134247
22162,-31076,-135804
21597,-29892,-137179
20447,-29063,-139096
20121,-28172,-139895
19861,-28127,-140191
19954,-27984,-140166
20052,-27836,-140133
10282,-14104,10337
12462,-16747,6050
15184,-20812,312
15672,-21359,-682
16113,-21912,-1636
16528,-22460,-2563
16923,-22996,-3468
17305,-23524,-4362
17679,-24061,-5257
18048,-24613,-6158
18413,-25181,-7064
18773,-25761,-7973
23603,-32384,-21281
23832,-32484,-21939
24064,-32586,-22609
24298,-32694,-23288
24537,-32799,-23985
24778,-32908,-24694
27045,-37127,-33374
27294,-37329,-34239
27539,-37561,-35127
27778,-37826,-36039
28008,-38130,-36976
28231,-38465,-37936
28455,-38794,-38927
28677,-39129,-39931
28899,-39469,-40951
29119,-39814,-41985
29338,-40164,-43037
29554,-40518,-44104
29769,-40873,-45188
29982,-41233,-46294
33692,-44924,-73192
33710,-45347,-75383
33687,-45801,-77674
33626,-46249,-80069
33319,-44800,-93369
32888,-44987,-96431
31673,-42208,-106368
30840,-41742,-110087
29875,-40605,-113994
28799,-39004,-118052
27591,-36820,-122301
23990,-31902,-132250
21093,-28755,-138401
20643,-27676,-139488
20157,-27680,-140089
20270,-27517,-140032
20392,-27344,-139960
10972,-14265,9285
13071,-17094,4982
13635,-17510,3969
20334,-26104,-11104
20668,-26639,-11984
21002,-27172,-12871
21334,-27701,-13766
21666,-28227,-14666
21997,-28744,-15570
22175,-28881,-16057
22360,-29009,-16564
22553,-29127,-17090
22748,-29241,-17632
25020,-33025,-25413
25264,-33150,-26142
25510,-33279,-26886
25758,-33411,-27629
26007,-33551,-28381
26256,-33700,-29144
32449,-41542,-57270
32640,-41916,-58755
32826,-42255,-60317
33002,-42601,-61940
33166,-42958,-63626
33315,-43333,-65382
33446,-43727,-67196
33556,-44135,-69093
33639,-44519,-71095
33978,-44169,-87571
33682,-44516,-90420
32400,-42297,-102799
26241,-33953,-126725
25032,-33055,-129706
23091,-30618,-134430
22313,-29289,-136305
21636,-27977,-137927
20524,-27160,-139872
20668,-26964,-139766
20825,-26754,-139639
11607,-14484,8264
14154,-17994,2995
14646,-18525,2032
15121,-19074,1078
15581,-19615,135
16018,-20135,-782
16431,-20633,-1676
16824,-21115,-2547
17200,-21583,-3399
17565,-22045,-4243
17923,-22515,-5085
18277,-22997,-5931
18628,-23491,-6782
18976,-23998,-7638
19320,-24516,-8497
19659,-25042,-9359
19998,-25572,-10228
22948,-29349,-18188
23154,-29450,-18759
23366,-29544,-19347
23586,-29629,-19957
23811,-29712,-20584
24038,-29797,-21226
26507,-33857,-29919
26759,-34021,-30706
27011,-34194,-31505
27266,-34369,-32320
27523,-34540,-33155
27779,-34717,-34002
28030,-34915,-34863
28280,-35125,-35740
28529,-35347,-36634
28778,-35561,-37556
29718,-36734,-41499
29937,-37106,-42553
30154,-37482,-43626
30371,-37862,-44718
30585,-38245,-45830
30798,-38631,-46964
31009,-39015,-48121
31221,-39368,-49320
31431,-39722,-50549
31640,-40079,-51812
31848,-40436,-53113
32053,-40796,-54452
32253,-41168,-55837
34468,-42889,-79649
34367,-43335,-82181
34206,-43770,-84823
33576,-41974,-96086
33033,-42189,-99375
21044,-26718,-139338
20996,-26529,-139486
21183,-26287,-139301
18382,-22896,-143342
18459,-22825,-143390
12184,-14769,7282
24267,-29889,-21875
24500,-29981,-22539
24736,-30074,-23216
24973,-30174,-23902
25211,-30283,-24597
25451,-30400,-25288
29024,-35797,-38498
29263,-36071,-39469
29495,-36384,-40469
34303,-40921,-68666
34408,-41254,-70661
34484,-41615,-72748
34521,-42019,-74933
34517,-42448,-77232
34429,-41299,-89895
34040,-41675,-92926
24771,-30429,-131233
23614,-29143,-134010
22632,-27733,-136345
21796,-26302,-138315
21391,-26020,-139080
18916,-22601,-143295
18811,-22612,-143388
18712,-22619,-143472
18538,-22747,-143440
18621,-22661,-143492
12709,-15130,6333
13193,-15548,5404
13662,-15999,4484
14128,-16471,3587
14591,-16962,2681
15053,-17468,1766
15505,-17978,855
15942,-18473,-35
16350,-18940,-899
16740,-19385,-1740
17112,-19810,-2559
17470,-20218,-3364
17817,-20623,-4159
18159,-21035,-4951
18498,-21459,-5749
18835,-21894,-6552
19170,-22339,-7361
19502,-22790,-8174
19835,-23239,-8996
20169,-23690,-9828
20502,-24141,-10667
20835,-24589,-11513
21168,-25036,-12365
21501,-25479,-13224
21834,-25919,-14092
22169,-26355,-14970
22354,-26450,-15464
22544,-26536,-15979
22740,-26617,-16509
22942,-26693,-17052
23147,-26768,-17607
25693,-30525,-25985
25938,-30647,-26705
26185,-30778,-27435
26434,-30918,-28176
26683,-31067,-28928
26934,-31224,-29693
27186,-31390,-30469
27439,-31565,-31258
32463,-37378,-52645
32673,-37763,-54001
32881,-38148,-55399
33086,-38532,-56844
33287,-38891,-58352
33483,-39232,-59923
33672,-39570,-61551
33851,-39906,-63230
34019,-40243,-64964
34171,-40588,-66769
35000,-40379,-84228
34749,-40858,-86992
21624,-25721,-138815
21886,-25378,-138492
19415,-22495,-142810
19277,-22532,-142951
19148,-22562,-143078
19028,-22585,-143192
23357,-26841,-18176
23574,-26906,-18763
23792,-26975,-19358
24012,-27050,-19959
24234,-27127,-20573
24460,-27199,-21203
27692,-31739,-32072
27944,-31925,-32899
28196,-32118,-33739
28448,-32318,-34590
28700,-32523,-35455
28956,-32714,-36346
29211,-32910,-37250
29466,-33114,-38170
29719,-33331,-39109
29971,-33562,-40066
30220,-33804,-41044
30467,-34061,-42045
30708,-34353,-43078
30939,-34691,-44149
31160,-35074,-45260
31377,-35479,-46405
31596,-35867,-47587
31814,-36243,-48802
32032,-36620,-50049
32250,-36996,-51330
35278,-39431,-79089
35176,-39894,-81599
23221,-26393,-135700
22184,-24977,-138101
19900,-22325,-142274
19726,-22393,-142475
19565,-22448,-142653
24690,-27272,-21846
24921,-27351,-22498
25153,-27439,-23143
25388,-27534,-23795
25623,-27637,-24457
25861,-27748,-25128
34856,-37425,-66299
35006,-37701,-68204
35135,-37984,-70187
35233,-38296,-72255
35296,-38633,-74423
35315,-39009,-76698
22525,-24500,-137624
20302,-22138,-141787
20091,-22242,-142047
26100,-27864,-25815
26343,-27982,-26518
26588,-28109,-27232
26834,-28244,-27958
27081,-28389,-28695
27327,-28545,-29443
27571,-28716,-30202
27818,-28886,-30982
33273,-34556,-53456
33490,-34964,-54872
33704,-35363,-56332
33915,-35719,-57863
34120,-36072,-59446
34318,-36419,-61065
34509,-36760,-62745
34689,-37095,-64490
20796,-21840,-141132
20535,-22008,-141485
28068,-29058,-31779
28318,-29240,-32590
28569,-29430,-33414
28821,-29627,-34252
29077,-29813,-35118
29332,-30005,-35998
29588,-30205,-36893
29843,-30412,-37804
30099,-30626,-38730
30355,-30846,-39675
30612,-31069,-40639
30870,-31297,-41624
31127,-31536,-42632
31384,-31786,-43669
31639,-32048,-44733
31894,-32316,-45831
32145,-32594,-46985
32386,-32929,-48192
32612,-33323,-49450
32834,-33734,-50749
33054,-34145,-52083
21091,-21622,-140718
21425,-21340,-140223
18834,-18237,-144908
18659,-18178,-145141
18499,-18110,-145353
18350,-18036,-145547
18210,-17957,-145725
18080,-17874,-145890
17958,-17787,-146044
17844,-17697,-146187
17736,-17603,-146321
17635,-17508,-146447
17537,-17420,-146531
17439,-17337,-146568
17345,-17249,-146607
17255,-17156,-146647
19461,-18326,-144038
19232,-18316,-144364
19024,-18284,-144651
20004,-18246,-143239
19717,-18306,-143668
20329,-18131,-142739
18251,-14828,-146688
18049,-14690,-146987
17864,-14540,-147260
17695,-14382,-147510
17538,-14219,-147742
19303,-15117,-145053
18993,-15110,-145550
18718,-15046,-145977
18472,-14949,-146353
17392,-14051,-147955
17255,-13881,-148155
17127,-13709,-148343
17008,-13537,-148520
16895,-13366,-148689
16789,-13194,-148847
16688,-13022,-148998
16586,-12837,-149123
16481,-12630,-149225
16380,-12421,-149326
16282,-12207,-149425
18068,-12245,-147611
17807,-12091,-148033
17574,-11906,-148407
18361,-12362,-147131
17363,-11696,-148739
17170,-11475,-149041
16994,-11247,-149318
16831,-11013,-149572
16681,-10777,-149808
16541,-10540,-150029
16410,-10304,-150237
16288,-10068,-150431
16173,-9834,-150616
16065,-9602,-150791
15964,-9374,-150957
17503,-9856,-148965
17229,-9654,-149420
16984,-9421,-149821
15867,-9148,-151115
15767,-8894,-151259
16764,-9166,-150179
16565,-8895,-150500
15659,-8601,-151392
15555,-8304,-151520
16384,-8617,-150792
16218,-8335,-151061
15456,-8008,-151646
16064,-8050,-151306
15922,-7765,-151534
15790,-7481,-151747
16723,-7587,-150544
15667,-7199,-151944
16468,-7311,-150959
16241,-7012,-151323
15552,-6921,-152130
15444,-6647,-152304
16036,-6698,-151648
15343,-6377,-152468
15851,-6376,-151939
15681,-6049,-152201
15248,-6113,-152623
15158,-5851,-152767
15526,-5721,-152439
15061,-5543,-152899
16015,-5533,-151852
15382,-5389,-152653
14953,-5166,-153010
15779,-5194,-152210
15249,-5061,-152849
15568,-4839,-152522
15127,-4745,-153023
14855,-4818,-153110
15380,-4484,-152791
15018,-4454,-153176
14771,-4511,-153196
15214,-4148,-153022
14923,-4199,-153304
15073,-3859,-153210
14836,-3954,-153420
14755,-3716,-153525
15384,-3732,-152861
14947,-3580,-153373
14681,-3485,-153622
15190,-3445,-153122
14833,-3307,-153518
14613,-3263,-153710
15020,-3156,-153343
14730,-3043,-153646
14540,-3004,-153786
14870,-2869,-153531
14636,-2788,-153759
14460,-2701,-153853
14897,-2462,-153530
14737,-2589,-153690
14620,-2317,-153824
14551,-2542,-153858
14474,-2307,-153944
14388,-2413,-153916
14732,-2181,-153725
14515,-2057,-153937
14405,-2082,-154019
14323,-2140,-153974
14590,-1907,-153882
14423,-1809,-154031
14342,-1867,-154083
14467,-1644,-154006
14341,-1574,-154108
14285,-1663,-154136
14499,-1459,-153984
14361,-1394,-154103
14268,-1353,-154168
14233,-1470,-154180
14180,-1253,-154214
14367,-1208,-154104
14269,-1160,-154176
14204,-1145,-154214
14123,-1009,-154238
14256,-972,-154187
14190,-944,-154227
14163,-756,-154240
14148,-952,-154247
14122,-745,-154258
14099,-774,-154266
14075,-787,-154253
14193,-723,-154222
14095,-524,-154259
14085,-561,-154264
14064,-564,-154270
14057,-609,-154274
14035,-587,-154259
-26258,490,54068
-26258,490,54068
-26258,490,54068
-26258,490,54068
-26258,490,54068
-26258,490,54068
-26258,490,54068
-26258,490,54068
-26258,490,54068
-26258,490,54068
-26258,490,54068
-26258,490,54068
-26258,490,54068
-26258,490,54068
-26258,490,54068
-26258,490,54068
-26258,490,54068
-26258,490,54068
-26258,490,54068
-26258,490,54068
14020,-460,-154271
14022,-388,-154264
14016,-402,-154266
14017,-350,-154260
13990,-324,-154257
13976,-254,-154245
13976,-259,-154246
-25731,12,52933
-25839,2,53156
-25786,3,53047
-25784,10,53043
-25834,17,53147
-25781,18,53038
-25848,1,53176
-25858,6,53197
-25837,5,53154
-25836,9,53152
-25853,4,53187
-25835,13,53150
-25831,26,53142
-25778,28,53033
-25775,38,53027
-25832,21,53145
-25829,31,53139
-25878,43,53240
-25886,45,53257
-25827,37,53136
-25895,50,53276
-25825,43,53132
-25877,46,53239
-25876,49,53237
-25771,49,53021
-25823,50,53128
-25875,53,53235
-25874,56,53233
-25821,58,53124
-25880,43,53246
-25890,48,53267
-25818,66,53119
-25870,68,53226
-25872,60,53231
-25871,64,53229
-25868,73,53223
-25815,75,53114
-25865,84,53217
-25812,86,53108
-25866,78,53220
-25916,88,53323
-25863,90,53214
-25861,97,53210
-25923,90,53338
-25915,91,53322
-25914,93,53320
-25931,94,53355
-25913,96,53318
-25927,92,53347
-25909,111,53310
-25918,88,53329
-25912,100,53317
-25911,103,53315
-25858,105,53206
-25910,107,53313
-25906,119,53305
-25855,113,53201
-25907,115,53308
-25852,123,53195
-25904,125,53302
-25954,133,53406
-25902,130,53299
-25951,143,53400
-25950,146,53398
-25896,151,53287
-25964,136,53427
-25960,134,53419
-25956,132,53411
-25953,135,53405
-25952,137,53403
-25900,136,53296
-25898,143,53292
-25949,149,53397
-25943,165,53387
-25942,170,53385
-25991,181,53486
-25951,140,53402
-26001,180,53507
-25967,138,53435
-25946,156,53392
-25945,161,53390
-25893,159,53283
-25994,177,53493
-25992,177,53489
-25940,176,53382
-25990,184,53485
-25938,182,53378
-25936,188,53374
-26004,182,53514
-25934,196,53370
-25947,153,53395
-25997,179,53500
-25991,179,53488
-25989,186,53484
-25988,189,53482
-25987,192,53481
-25986,195,53479
-25985,198,53477
-25984,202,53475
-25983,206,53473
-25980,215,53467
-25981,210,53470
-26032,222,53575
-25978,220,53464
-26038,225,53588
-26035,223,53582
-26030,222,53572
-26029,225,53570
-26028,227,53568
-25976,226,53461
-26027,232,53566
-25974,233,53457
-26040,226,53593
-26029,224,53571
-26027,230,53567
-26026,234,53565
-26025,237,53563
-26024,240,53561
-26020,254,53553
-26023,243,53560
-26022,246,53558
-26021,250,53556
-26017,264,53548
-26015,269,53544
-26062,287,53643
-26061,290,53641
-26077,270,53672
-26018,259,53551
-26068,267,53654
-26068,268,53654
-26067,271,53652
-26065,277,53648
-26063,281,53646
-26062,284,53644
-26057,301,53634
-26072,268,53663
-26069,266,53657
-26067,270,53653
-26066,273,53651
-26064,279,53647
-26059,293,53639
-26058,297,53637
-26074,269,53668
-26065,275,53650
-26113,314,53751
-26055,306,53632
-26106,312,53737
-26106,311,53737
-26105,315,53735
-26104,318,53733
-26103,321,53731
-26102,325,53729
-26111,313,53748
-26109,312,53744
-26107,311,53740
-26105,314,53736
-26104,316,53734
-26103,319,53732
-26102,323,53730
-26101,327,53728
-26100,330,53726
-26099,333,53725
-26098,336,53723
-26097,339,53721
-26096,343,53719
-26142,363,53816
-26142,362,53816
-26141,366,53814
-26140,370,53812
-26137,380,53806
-26147,356,53825
-26144,357,53819
-26144,358,53819
-26143,361,53817
-26141,365,53815
-26140,368,53813
-26139,372,53811
-26138,374,53809
-26148,357,53828
-26145,356,53822
-26144,356,53820
-26143,359,53818
-26143,360,53818
-26137,377,53808
-26149,358,53831
-26186,402,53910
-26185,401,53908
-26184,401,53906
-26183,400,53904
-26182,401,53902
-26182,402,53902
-26182,402,53902
-26181,405,53900
-26181,405,53900
-26180,409,53898
-26182,400,53903
-26181,404,53901
-26181,403,53901
-26180,406,53899
-26180,407,53899
-26179,410,53897
-26179,411,53897
-26178,414,53895
-26222,445,53988
-26221,445,53986
-26220,447,53984
-26219,450,53982
-26178,413,53896
-26177,416,53894
-26222,446,53989
-26221,445,53987
-26220,447,53985
-26220,445,53985
-26220,446,53985
-26220,446,53985
-26220,446,53985
-26219,449,53983
-26219,450,53983
-26218,453,53981
-26220,445,53986
-26219,448,53984
-26219,449,53984
-26219,448,53984
-26218,452,53982
-26218,451,53982
