-12658,-118,27489
-12769,-93,27627
-25970,-348,53436
-25962,-331,53418
-25954,-314,53399
-25947,-297,53381
-25931,-263,53345
-25939,-280,53363
-25923,-246,53327
-25915,-229,53308
-25907,-212,53290
-25900,-195,53272
-25892,-178,53254
-25884,-161,53236
-25876,-144,53217
-25868,-127,53199
-25860,-110,53181
-25852,-93,53163
-25845,-76,53145
-25837,-59,53126
-25829,-42,53108
-25821,-25,53090
-25813,-8,53072
13835,103,-153674
-6723,-126,24932
-11138,-320,26865
13688,310,-153085
13730,300,-153235
13736,243,-153277
-12566,-484,27668
-12679,-453,27803
13641,533,-152952
13691,591,-153028
13726,601,-153102
-11036,-735,27062
-12472,-859,27850
-12587,-822,27982
13169,808,-152188
-6628,-516,25111
-12376,-1245,28035
-12494,-1200,28163
13208,1178,-152153
-10934,-1154,27259
-6534,-900,25287
-12279,-1641,28222
-12399,-1588,28346
-10833,-1566,27451
-12181,-2047,28412
-12303,-1986,28532
12751,2048,-151282
-10735,-1972,27639
12228,2287,-150503
-6444,-1275,25458
-12082,-2458,28603
-12205,-2392,28721
11178,2359,-148997
-10639,-2370,27824
10706,2443,-148286
-11985,-2862,28789
-12109,-2796,28907
11104,2611,-148816
-6356,-1638,25622
-10544,-2763,28004
-12014,-3194,29089
-11890,-3260,28972
-10451,-3149,28181
-11921,-3584,29266
9502,2792,-146356
10583,3205,-147881
-6271,-1990,25781
-11797,-3650,29150
-10360,-3531,28354
-11831,-3967,29440
10803,3714,-148032
-11705,-4034,29325
11003,3975,-148226
-6190,-2327,25932
-10270,-3908,28525
-11616,-4413,29496
-11742,-4344,29610
-10182,-4281,28693
-11528,-4786,29664
-11654,-4716,29777
-6113,-2651,26077
-11568,-5084,29941
9677,4153,-146236
-10095,-4650,28858
-11441,-5155,29829
-11356,-5520,29992
-11484,-5447,30103
-6039,-2959,26214
-10010,-5014,29020
-11400,-5806,30262
-11272,-5880,30152
-5969,-3252,26344
-9926,-5371,29179
-11319,-6159,30418
-11190,-6235,30308
-5903,-3530,26467
-9845,-5719,29333
-11109,-6584,30462
-11239,-6507,30571
-9768,-6054,29480
-11161,-6848,30720
9102,5593,-144879
-5841,-3792,26582
-11031,-6924,30611
-11086,-7178,30864
-9693,-6374,29621
-10956,-7251,30754
7211,4809,-142178
8422,5473,-143868
-5783,-4039,26690
-9623,-6679,29754
-10885,-7563,30890
-11014,-7494,31001
-10817,-7859,31018
-10946,-7793,31131
6693,4717,-141381
-5728,-4270,26792
-9556,-6967,29880
-10881,-8076,31253
7142,5276,-141920
-9493,-7240,29998
-10753,-8138,31139
-10821,-8342,31368
-5678,-4485,26885
-9434,-7497,30110
-10694,-8400,31253
-10764,-8591,31476
-5634,-4673,26967
-9379,-7737,30214
-10637,-8647,31359
-10585,-8877,31458
-10712,-8824,31576
-5597,-4828,27035
-9327,-7962,30311
-10537,-9091,31550
-10663,-9041,31669
-5568,-4949,27088
-9280,-8171,30401
-10492,-9289,31635
-10618,-9242,31755
-10576,-9426,31834
-5546,-5037,27127
-5531,-5094,27153
-5520,-5132,27171
-9236,-8363,30483
-9199,-8528,30554
-10452,-9468,31712
-10418,-9620,31777
-10541,-9584,31901
-10512,-9716,31957
5441,5020,-139264
6596,6139,-140763
-5511,-5164,27187
-5503,-5192,27201
-5495,-5218,27213
-5488,-5242,27225
-5482,-5266,27236
-9168,-8663,30612
-9143,-8770,30658
-10390,-9745,31830
-10368,-9842,31871
-10488,-9822,32002
-10352,-9912,31902
-10341,-9957,31921
-10470,-9901,32036
-10457,-9955,32060
-10449,-9985,32074
-10443,-10007,32084
-10438,-10027,32093
-10433,-10046,32102
-10428,-10064,32110
-5475,-5288,27247
-5469,-5310,27257
-5463,-5331,27267
-5458,-5350,27276
-5453,-5368,27284
-5448,-5386,27292
-5444,-5401,27299
-5440,-5416,27306
-5437,-5430,27312
-9125,-8848,30692
-9113,-8898,30714
-9105,-8927,30728
-9098,-8950,30739
-9092,-8972,30749
-9086,-8994,30759
-9080,-9014,30769
-9075,-9033,30778
-9070,-9052,30786
-10334,-9983,31933
-10328,-10004,31943
-10322,-10024,31953
-10317,-10044,31962
-10312,-10062,31970
-10307,-10080,31979
-10302,-10097,31986
-10298,-10113,31993
-10294,-10128,32000
-10290,-10142,32006
-10423,-10082,32118
-10287,-10155,32012
-10418,-10099,32126
-10284,-10167,32017
-10281,-10177,32022
-10414,-10114,32133
-10279,-10187,32026
-10276,-10195,32029
-10410,-10129,32139
-10275,-10202,32033
-10273,-10208,32035
-10407,-10143,32145
-10272,-10213,32037
-10403,-10155,32151
-10271,-10216,32038
-10271,-10218,32039
-10271,-10218,32039
-10271,-10218,32039
-10271,-10218,32039
-10271,-10218,32039
-10271,-10218,32039
-10271,-10218,32039
-10271,-10218,32039
-10271,-10218,32039
-10271,-10218,32039
-10271,-10218,32039
-10271,-10218,32039
-10271,-10218,32039
-10271,-10218,32039
-10271,-10218,32039
-10271,-10218,32039
-10271,-10218,32039
-10271,-10218,32039
-10271,-10218,32039
-10271,-10218,32039
-10271,-10218,32039
-10271,-10218,32039
-10271,-10218,32039
-10271,-10218,32039
-10271,-10218,32039
-10271,-10218,32039
-10271,-10218,32039
-10271,-10218,32039
-10271,-10218,32039
-10271,-10218,32039
-10271,-10218,32039
-10271,-10218,32039
-10271,-10218,32039
-10271,-10218,32039
-10271,-10218,32039
-10271,-10218,32039
-10271,-10218,32039
-10271,-10218,32039
-10271,-10218,32039
-10271,-10218,32039
-10271,-10218,32039
-10271,-10218,32039
-10271,-10218,32039
-10271,-10218,32039
-10271,-10218,32039
-10271,-10218,32039
-10271,-10218,32039
-10271,-10218,32039
-10271,-10218,32039
-10271,-10218,32039
-10271,-10218,32039
-10271,-10218,32039
-10271,-10218,32039
-10271,-10218,32039
-10271,-10218,32039
-10271,-10218,32039
-10271,-10218,32039
-10271,-10218,32039
-10271,-10218,32039
-10271,-10218,32039
-10271,-10218,32039
-10271,-10218,32039
-10271,-10218,32039
-10271,-10218,32039
-10271,-10218,32039
-10271,-10218,32039
-10271,-10218,32039
-10271,-10218,32039
-10271,-10218,32039
-10271,-10218,32039
-10271,-10218,32039
-10271,-10218,32039
-10271,-10218,32039
-10271,-10218,32039
-10271,-10218,32039
-10271,-10218,32039
-10271,-10218,32039
-10271,-10218,32039
-10271,-10218,32039
-10271,-10218,32039
-10271,-10218,32039
-10271,-10218,32039
-10271,-10218,32039
-10271,-10218,32039
-10271,-10218,32039
-10271,-10218,32039
-10271,-10218,32039
-10271,-10218,32039
-10271,-10218,32039
-10271,-10218,32039
-10271,-10218,32039
-10271,-10218,32039
-10271,-10218,32039
-10271,-10218,32039
-10271,-10218,32039
-10271,-10218,32039
-10271,-10218,32039
-10271,-10218,32039
-10271,-10218,32039
-10271,-10218,32039
-10271,-10218,32039
-10271,-10218,32039
-10271,-10218,32039
-10271,-10218,32039
-10271,-10218,32039
-10271,-10218,32039
-10271,-10218,32039
-10271,-10218,32039
-10271,-10218,32039
-10271,-10218,32039
-10271,-10218,32039
-10271,-10218,32039
-10271,-10218,32039
-10271,-10218,32039
-10271,-10218,32039
-10271,-10218,32039
-10271,-10218,32039
-10271,-10218,32039
-10271,-10218,32039
-10271,-10218,32039
-10271,-10218,32039
-10271,-10218,32039
-10271,-10218,32039
-10271,-10218,32039
-10271,-10218,32039
-10271,-10218,32039
-10271,-10218,32039
-10271,-10218,32039
-10271,-10218,32039
-10271,-10218,32039
-10271,-10218,32039
-10271,-10218,32039
-10271,-10218,32039
-10271,-10218,32039
-10271,-10218,32039
-10271,-10218,32039
-10271,-10218,32039
-10271,-10218,32039
-10271,-10218,32039
-10271,-10218,32039
-10271,-10218,32039
-10271,-10218,32039
-10271,-10218,32039
-10271,-10218,32039
-10271,-10218,32039
-10271,-10218,32039
-10271,-10218,32039
-10271,-10218,32039
-10271,-10218,32039
-10271,-10218,32039
-10271,-10218,32039
-10271,-10218,32039
-10271,-10218,32039
-10271,-10218,32039
-10271,-10218,32039
-10271,-10218,32039
-10271,-10218,32039
-10271,-10218,32039
-10271,-10218,32039
-10271,-10218,32039
-10271,-10218,32039
-10271,-10218,32039
-10271,-10218,32039
-10271,-10218,32039
-10271,-10218,32039
-10271,-10218,32039
-10271,-10218,32039
-10271,-10218,32039
-10271,-10218,32039
-10271,-10218,32039
-10271,-10218,32039
-10271,-10218,32039
-10271,-10218,32039
-10271,-10218,32039
-10271,-10218,32039
-10271,-10218,32039
-10271,-10218,32039
-10271,-10218,32039
-10271,-10218,32039
-10271,-10218,32039
-10271,-10218,32039
-10400,-10167,32156
-10398,-10177,32161
-10395,-10187,32165
-10393,-10195,32168
-10391,-10202,32171
-10390,-10208,32174
-10389,-10213,32176
-10387,-10218,32178
-10387,-10218,32178
-10387,-10218,32178
-10387,-10218,32178
-10387,-10218,32178
-10387,-10218,32178
-10387,-10218,32178
-10387,-10218,32178
-10387,-10218,32178
-10387,-10218,32178
-10387,-10218,32178
-10387,-10218,32178
-10387,-10218,32178
-10387,-10218,32178
-10387,-10218,32178
-10387,-10218,32178
-10387,-10218,32178
-10387,-10218,32178
-10387,-10218,32178
-10387,-10218,32178
-10387,-10218,32178
-10387,-10218,32178
-10387,-10218,32178
-10387,-10218,32178
-10387,-10218,32178
-10387,-10218,32178
-10387,-10218,32178
-10387,-10218,32178
-10387,-10218,32178
-10387,-10218,32178
-10387,-10218,32178
-10387,-10218,32178
-10387,-10218,32178
-10387,-10218,32178
-10387,-10218,32178
-10387,-10218,32178
-10387,-10218,32178
-10387,-10218,32178
-10387,-10218,32178
-10387,-10218,32178
-10387,-10218,32178
-10387,-10218,32178
-10387,-10218,32178
-10387,-10218,32178
-10387,-10218,32178
-10387,-10218,32178
-10387,-10218,32178
-10387,-10218,32178
-10387,-10218,32178
-10387,-10218,32178
-10387,-10218,32178
-10387,-10218,32178
-10387,-10218,32178
-10387,-10218,32178
-10387,-10218,32178
-10387,-10218,32178
-10387,-10218,32178
-10387,-10218,32178
-10387,-10218,32178
-10387,-10218,32178
-10387,-10218,32178
-10387,-10218,32178
-10387,-10218,32178
-10387,-10218,32178
-10387,-10218,32178
-10387,-10218,32178
-10387,-10218,32178
-10387,-10218,32178
-10387,-10218,32178
-10387,-10218,32178
-10387,-10218,32178
-10387,-10218,32178
-10387,-10218,32178
-10387,-10218,32178
-10387,-10218,32178
-10387,-10218,32178
-10387,-10218,32178
-10387,-10218,32178
-10387,-10218,32178
-10387,-10218,32178
-10387,-10218,32178
-10387,-10218,32178
-10387,-10218,32178
-10387,-10218,32178
-10387,-10218,32178
-10387,-10218,32178
-10387,-10218,32178
-10387,-10218,32178
-10387,-10218,32178
-10387,-10218,32178
-10387,-10218,32178
-10387,-10218,32178
-10387,-10218,32178
-10387,-10218,32178
-10387,-10218,32178
-10387,-10218,32178
-10387,-10218,32178
-10387,-10218,32178
-10387,-10218,32178
-10387,-10218,32178
-10387,-10218,32178
-10387,-10218,32178
-10387,-10218,32178
-10387,-10218,32178
-10387,-10218,32178
-10387,-10218,32178
-10387,-10218,32178
-10387,-10218,32178
-10387,-10218,32178
-10387,-10218,32178
-10387,-10218,32178
-10387,-10218,32178
-10387,-10218,32178
-10387,-10218,32178
-10387,-10218,32178
-10387,-10218,32178
-10387,-10218,32178
-10387,-10218,32178
-10387,-10218,32178
-10387,-10218,32178
-10387,-10218,32178
-10387,-10218,32178
-10387,-10218,32178
-10387,-10218,32178
-10387,-10218,32178
-10387,-10218,32178
-10387,-10218,32178
-10387,-10218,32178
-10387,-10218,32178
-10387,-10218,32178
-10387,-10218,32178
-10387,-10218,32178
-10387,-10218,32178
-10387,-10218,32178
-10387,-10218,32178
-10387,-10218,32178
-10387,-10218,32178
-10387,-10218,32178
-10387,-10218,32178
-10387,-10218,32178
-10387,-10218,32178
-10387,-10218,32178
-10387,-10218,32178
-10387,-10218,32178
-10387,-10218,32178
-10387,-10218,32178
-10387,-10218,32178
-10387,-10218,32178
-10387,-10218,32178
-10387,-10218,32178
-10387,-10218,32178
-10387,-10218,32178
-10387,-10218,32178
-10387,-10218,32178
-10387,-10218,32178
-10387,-10218,32178
-10387,-10218,32178
-10387,-10218,32178
-10387,-10218,32178
-10387,-10218,32178
-10387,-10218,32178
-10387,-10218,32178
-10387,-10218,32178
-10387,-10218,32178
-10387,-10218,32178
-10387,-10218,32178
-10387,-10218,32178
-10387,-10218,32178
-10387,-10218,32178
-10387,-10218,32178
-10387,-10218,32178
-10387,-10218,32178
-10387,-10218,32178
-10387,-10218,32178
-10387,-10218,32178
-10387,-10218,32178
-10387,-10218,32178
-10387,-10218,32178
-10387,-10218,32178
-10387,-10218,32178
-10387,-10218,32178
-10388,-10216,32177
-5434,-5442,27317
-5431,-5452,27321
-5428,-5461,27325
-5427,-5469,27329
-5425,-5475,27331
-5424,-5480,27333
-5423,-5482,27334
-5423,-5484,27335
-5423,-5484,27335
-5423,-5484,27335
-5423,-5484,27335
-5423,-5484,27335
-5423,-5484,27335
-5423,-5484,27335
-5423,-5484,27335
-5423,-5484,27335
-5423,-5484,27335
-5423,-5484,27335
-5423,-5484,27335
-5423,-5484,27335
-5423,-5484,27335
-5423,-5484,27335
-5423,-5484,27335
-5423,-5484,27335
-5423,-5484,27335
-5423,-5484,27335
-5423,-5484,27335
-5423,-5484,27335
-5423,-5484,27335
-5423,-5484,27335
-5423,-5484,27335
-5423,-5484,27335
-5423,-5484,27335
-5423,-5484,27335
-5423,-5484,27335
-5423,-5484,27335
-5423,-5484,27335
-5423,-5484,27335
-5423,-5484,27335
-5423,-5484,27335
-5423,-5484,27335
-5423,-5484,27335
-5423,-5484,27335
-5423,-5484,27335
-5423,-5484,27335
-5423,-5484,27335
-5423,-5484,27335
-5423,-5484,27335
-5423,-5484,27335
-5423,-5484,27335
-5423,-5484,27335
-5423,-5484,27335
-5423,-5484,27335
-5423,-5484,27335
-5423,-5484,27335
-5423,-5484,27335
-5423,-5484,27335
-5423,-5484,27335
-5423,-5484,27335
-5423,-5484,27335
-5423,-5484,27335
-5423,-5484,27335
-5423,-5484,27335
-5423,-5484,27335
-5423,-5484,27335
-5423,-5484,27335
-5423,-5484,27335
-5423,-5484,27335
-5423,-5484,27335
-5423,-5484,27335
-5423,-5484,27335
-5423,-5484,27335
-5423,-5484,27335
-5423,-5484,27335
-5423,-5484,27335
-5423,-5484,27335
-5423,-5484,27335
-5423,-5484,27335
-5423,-5484,27335
-5423,-5484,27335
-5423,-5484,27335
-5423,-5484,27335
-5423,-5484,27335
-5423,-5484,27335
-5423,-5484,27335
-5423,-5484,27335
-5423,-5484,27335
-5423,-5484,27335
-5423,-5484,27335
-5423,-5484,27335
-5423,-5484,27335
-5423,-5484,27335
-5423,-5484,27335
-5423,-5484,27335
-5423,-5484,27335
-5423,-5484,27335
-5423,-5484,27335
-5423,-5484,27335
-5423,-5484,27335
-5423,-5484,27335
-5423,-5484,27335
-5423,-5484,27335
-5423,-5484,27335
-5423,-5484,27335
-5423,-5484,27335
-5423,-5484,27335
-5423,-5484,27335
-5423,-5484,27335
-5423,-5484,27335
-5423,-5484,27335
-5423,-5484,27335
-5423,-5484,27335
-5423,-5484,27335
-5423,-5484,27335
-5423,-5484,27335
-5423,-5484,27335
-5423,-5484,27335
-5423,-5484,27335
-5423,-5484,27335
-5423,-5484,27335
-5423,-5484,27335
-5423,-5484,27335
-5423,-5484,27335
-5423,-5484,27335
-5423,-5484,27335
-5423,-5484,27335
-5423,-5484,27335
-5423,-5484,27335
-5423,-5484,27335
-5423,-5484,27335
-5423,-5484,27335
-5423,-5484,27335
-5423,-5484,27335
-5423,-5484,27335
-5423,-5484,27335
-5423,-5484,27335
-5423,-5484,27335
-5423,-5484,27335
-5423,-5484,27335
-5423,-5484,27335
-5423,-5484,27335
-5423,-5484,27335
-5423,-5484,27335
-5423,-5484,27335
-5423,-5484,27335
-5423,-5484,27335
-5423,-5484,27335
-5423,-5484,27335
-5423,-5484,27335
-5423,-5484,27335
-5423,-5484,27335
-5423,-5484,27335
-5423,-5484,27335
-5423,-5484,27335
-5423,-5484,27335
-5423,-5484,27335
-5423,-5484,27335
-5423,-5484,27335
-5423,-5484,27335
-5423,-5484,27335
-5423,-5484,27335
-5423,-5484,27335
-5423,-5484,27335
-5423,-5484,27335
-5423,-5484,27335
-5423,-5484,27335
-5423,-5484,27335
-5423,-5484,27335
-5423,-5484,27335
-5423,-5484,27335
-5423,-5484,27335
-5423,-5484,27335
-5423,-5484,27335
-5423,-5484,27335
-5423,-5484,27335
-5423,-5484,27335
-5423,-5484,27335
-5423,-5484,27335
-5423,-5484,27335
-5423,-5484,27335
-5423,-5484,27335
-5423,-5484,27335
-5423,-5484,27335
-5423,-5484,27335
-5423,-5484,27335
-5423,-5484,27335
-5423,-5484,27335
-5423,-5484,27335
-9065,-9069,30794
-9061,-9086,30802
-9057,-9102,30809
-9053,-9116,30815
-9049,-9129,30821
-9046,-9142,30826
-9043,-9153,30831
-9041,-9162,30835
-9038,-9171,30839
-9037,-9178,30842
-9035,-9184,30845
-9034,-9189,30847
-9033,-9192,30848
-9033,-9194,30849
-9033,-9194,30849
-9033,-9194,30849
-9033,-9194,30849
-9033,-9194,30849
-9033,-9194,30849
-9033,-9194,30849
-9033,-9194,30849
-9033,-9194,30849
-9033,-9194,30849
-9033,-9194,30849
-9033,-9194,30849
-9033,-9194,30849
-9033,-9194,30849
-9033,-9194,30849
-9033,-9194,30849
-9033,-9194,30849
-9033,-9194,30849
-9033,-9194,30849
-9033,-9194,30849
-9033,-9194,30849
-9033,-9194,30849
-9033,-9194,30849
-9033,-9194,30849
-9033,-9194,30849
-9033,-9194,30849
-9033,-9194,30849
-9033,-9194,30849
-9033,-9194,30849
-9033,-9194,30849
-9033,-9194,30849
-9033,-9194,30849
-9033,-9194,30849
-9033,-9194,30849
-9033,-9194,30849
-9033,-9194,30849
-9033,-9194,30849
-9033,-9194,30849
-9033,-9194,30849
-9033,-9194,30849
-9033,-9194,30849
-9033,-9194,30849
-9033,-9194,30849
-9033,-9194,30849
-9033,-9194,30849
-9033,-9194,30849
-9033,-9194,30849
-9033,-9194,30849
-9033,-9194,30849
-9033,-9194,30849
-9033,-9194,30849
-9033,-9194,30849
-9033,-9194,30849
-9033,-9194,30849
-9033,-9194,30849
-9033,-9194,30849
-9033,-9194,30849
-9033,-9194,30849
-9033,-9194,30849
-9033,-9194,30849
-9033,-9194,30849
-9033,-9194,30849
-9033,-9194,30849
-9033,-9194,30849
-9033,-9194,30849
-9033,-9194,30849
-9033,-9194,30849
-9033,-9194,30849
-9033,-9194,30849
-9033,-9194,30849
-9033,-9194,30849
-9033,-9194,30849
-9033,-9194,30849
-9033,-9194,30849
-9033,-9194,30849
-9033,-9194,30849
-9033,-9194,30849
-9033,-9194,30849
-9033,-9194,30849
-9033,-9194,30849
-9033,-9194,30849
-9033,-9194,30849
-9033,-9194,30849
-9033,-9194,30849
-9033,-9194,30849
-9033,-9194,30849
-9033,-9194,30849
-9033,-9194,30849
-9033,-9194,30849
-9033,-9194,30849
-9033,-9194,30849
-9033,-9194,30849
-9033,-9194,30849
-9033,-9194,30849
-9033,-9194,30849
-9033,-9194,30849
-9033,-9194,30849
-9033,-9194,30849
-9033,-9194,30849
-9033,-9194,30849
-9033,-9194,30849
-9033,-9194,30849
-9033,-9194,30849
-9033,-9194,30849
-9033,-9194,30849
-9033,-9194,30849
-9033,-9194,30849
-9033,-9194,30849
-9033,-9194,30849
-9033,-9194,30849
-9033,-9194,30849
-9033,-9194,30849
-9033,-9194,30849
-9033,-9194,30849
-9033,-9194,30849
-9033,-9194,30849
-9033,-9194,30849
-9033,-9194,30849
-9033,-9194,30849
-9033,-9194,30849
-9033,-9194,30849
-9033,-9194,30849
-9033,-9194,30849
-9033,-9194,30849
-9033,-9194,30849
-9033,-9194,30849
-9033,-9194,30849
-9033,-9194,30849
-9033,-9194,30849
-9033,-9194,30849
-9033,-9194,30849
-9033,-9194,30849
-9033,-9194,30849
-9033,-9194,30849
-9033,-9194,30849
-9033,-9194,30849
-9033,-9194,30849
-9033,-9194,30849
-9033,-9194,30849
-9033,-9194,30849
-9033,-9194,30849
-9033,-9194,30849
-9033,-9194,30849
-9033,-9194,30849
-9033,-9194,30849
-9033,-9194,30849
-9033,-9194,30849
-9033,-9194,30849
-9033,-9194,30849
-9033,-9194,30849
-9033,-9194,30849
-9033,-9194,30849
-9033,-9194,30849
-9033,-9194,30849
-9033,-9194,30849
-9033,-9194,30849
-9033,-9194,30849
-9033,-9194,30849
-9033,-9194,30849
-9033,-9194,30849
-9033,-9194,30849
-9033,-9194,30849
-9033,-9194,30849
-9033,-9194,30849
-9033,-9194,30849
-9033,-9194,30849
-9033,-9194,30849
-9033,-9194,30849
-9033,-9194,30849
-9033,-9194,30849
-9033,-9194,30849
-9033,-9194,30849
-9033,-9194,30849
-9033,-9194,30849
-9033,-9194,30849
-9033,-9194,30849
-9033,-9194,30849
-9033,-9194,30849
-9033,-9194,30849
-9033,-9194,30849
-9033,-9194,30849
6883,7293,-140809
7142,7979,-140961
5651,7445,-138789
5098,9717,-137034
4369,9264,-136033
3082,7834,-134445
3019,8565,-134077
2543,7569,-133634
2464,9784,-132698
2798,11687,-132497
3101,12874,-132493
1245,7779,-131361
1501,11543,-130402
1001,14934,-128109
200,13951,-127214
-981,19131,-122817
-1359,17225,-123085
-1179,11490,-125846
-1235,12540,-125343
-1792,14195,-123707
-3161,21341,-118048
-1744,10992,-125045
-2742,16603,-120999
-4033,19763,-117299
-5171,26417,-112066
-5613,23761,-112620
-7438,28707,-106946
-3090,11053,-122640
-9470,34720,-100241
-5590,17359,-115644
-6127,19587,-113685
-7082,22579,-110586
-8387,26416,-106399
-9985,31196,-101142
-11829,37029,-94801
-13835,43872,-87462
-5564,15837,-116350
-16180,45628,-82087
-17911,51625,-75194
-12864,33911,-94518
-14461,39487,-88685
-21714,57325,-64005
-11548,29338,-99218
-18731,47120,-76292
-20196,52345,-70222
-6166,15004,-115605
-10588,25712,-102734
-17347,41831,-81965
-23875,57167,-59495
-24778,61081,-54237
-25723,62047,-50168
-26643,62840,-46171
-10055,22948,-105004
-16120,36828,-86941
-22691,52811,-64873
-26646,60117,-50258
-27535,63461,-42277
-28396,63916,-38472
-15177,32565,-90860
-21516,48275,-70023
-25971,56539,-54848
-27521,60871,-46500
-28461,61553,-42395
-29157,64212,-34854
-29797,64366,-31450
-10046,20985,-105906
-20501,43790,-74660
-25319,52880,-59184
-28647,58903,-45975
-29333,62063,-38423
-30062,62408,-34682
-30374,64385,-28213
-30888,64214,-25173
-7564,14853,-113094
-14652,29210,-93465
-19727,39577,-78505
-24570,49025,-63267
-28201,55571,-49868
-29533,59534,-42098
-30343,60056,-38168
-30691,62598,-31146
-31276,62637,-27768
-31791,62466,-24608
-31344,63874,-22328
-31771,63430,-19624
-23964,45208,-66749
-31012,60425,-34464
-31627,60652,-30912
-32197,60724,-27521
-32246,62120,-21655
-32677,61683,-18836
-32188,62931,-17019
-32595,62390,-14505
-10684,19784,-105236
-14661,26748,-94590
-19301,35909,-81225
-27846,52246,-53346
-30717,57407,-41374
-30890,57528,-40511
-31427,57898,-37612
-31921,58196,-34801
-32697,60582,-24351
-33138,60269,-21386
-33099,61187,-16126
-33495,60660,-13529
-32989,61821,-12076
-33325,61274,-9766
-33593,60765,-7578
-23688,41702,-69265
-27639,48985,-56234
-30587,54240,-44476
-32390,58418,-32066
-32835,58568,-29412
-33244,58610,-26869
-33609,58529,-24459
-33558,59874,-18548
-33949,59437,-15835
-33815,60163,-11081
-34056,59707,-8780
-33796,60304,-5505
-33974,59840,-3513
-34127,59309,-1644
-34253,58700,88
-34343,58038,1699
-34409,57360,3236
-19365,33005,-82509
-30540,51107,-47070
-32609,55589,-36727
-33068,55854,-34101
-33669,56138,-30533
-33939,58345,-22169
-34252,58107,-19962
-34528,57861,-17846
-34258,59023,-13289
-34485,58644,-10906
-34668,58273,-8637
-34247,59278,-6590
-34421,58843,-4474
-34565,58401,-2457
-34668,57909,-578
-34742,57332,1168
-34802,56682,2801
-34851,55994,4361
-34464,56654,4709
-34513,55926,6124
-15335,25140,-94014
-23865,38680,-70491
-27660,45848,-58314
-34213,56278,-27130
-34679,56214,-23951
-34748,57633,-15834
-34915,57422,-13929
-35053,57210,-12101
-35182,56980,-10330
-35302,56737,-8611
-34837,57886,-6449
-34988,57489,-4344
-35103,57081,-2352
-35173,56647,-473
-35715,55061,508
-35211,56178,1285
-35243,55639,2950
-35276,55009,4521
-34892,55285,5860
-34927,54549,7297
-34553,55187,7485
-34584,54446,8795
-34612,53716,10067
-12142,19343,-102657
-20082,30950,-82042
-30705,48058,-48900
-32824,52494,-38953
-34536,53440,-31828
-35064,56027,-20984
-35343,55858,-18217
-35532,55709,-15629
-35694,55525,-13157
-35843,55302,-10787
-35416,56483,-6940
-35519,56218,-5320
-35601,55943,-3762
-35661,55662,-2269
-35696,55362,-853
-35724,54731,1817
-35730,54389,3093
-35733,54004,4319
-35740,53580,5501
-35307,54336,6024
-35751,53100,6633
-35332,53648,7472
-34952,53796,8670
-35349,52906,8842
-34975,53042,10001
-34634,52984,11293
-34992,52295,11282
-34652,52256,12473
-34664,51538,13606
-28001,42899,-59328
-33179,49426,-40531
-34952,53616,-29311
-35341,53710,-26807
-35662,53714,-24444
-35893,53691,-22239
-36054,53687,-20156
-36180,53676,-18158
-35979,55046,-8511
-36102,54764,-6320
-36192,54457,-4238
-36243,54136,-2283
-36260,53787,-449
-36264,53416,1311
-36259,53013,3006
-36249,52574,4637
-36235,52093,6199
-35763,52592,7725
-35768,52070,8775
-35774,51531,9793
-35364,52172,10170
-35372,51446,11448
-35004,51555,12516
-35376,50724,12677
-35009,50822,13695
-34674,50836,14704
-35014,50105,14839
-34681,50148,15762
-16851,24376,-91384
-24644,36269,-70071
-31174,45124,-49725
-34980,50337,-33253
-36294,53638,-16222
-36398,53573,-14344
-36494,53485,-12522
-36584,53372,-10756
-36668,53238,-9039
-36745,53085,-7367
-36803,52912,-5769
-36839,52725,-4247
-36845,51844,1259
-36834,51567,2533
-36819,51277,3771
-36802,50978,4978
-36781,50658,6146
-36225,51553,7689
-36218,50927,9084
-36212,50266,10415
-35775,50993,10778
-35775,50461,11743
-35772,49929,12672
-35765,49400,13573
-35375,50010,13855
-35371,49312,14991
-35013,49404,15934
-34685,49474,16778
-35001,48734,16972
-34677,48827,17739
-34655,48221,18640
-28836,40262,-58902
-36447,50947,-26759
-36549,50992,-25838
-36730,51096,-23659
-36861,51180,-21583
-36977,51241,-19569
-37079,51279,-17614
-37170,51294,-15715
-37252,51287,-13870
-36855,52530,-2797
-36855,52316,-1407
-36853,52091,-53
-37486,50260,141
-37469,50045,1441
-37447,49803,2697
-36758,50331,7286
-36733,49982,8384
-36709,49594,9437
-36687,49175,10449
-36670,48732,11422
-36206,49590,11695
-36190,48919,12911
-36158,48283,14055
-35754,48888,14442
-35730,48402,15266
-35353,48648,16066
-35698,47941,16055
-35654,47504,16797
-35316,48026,17066
-34969,48106,17934
-35264,47446,17999
-34926,47521,18841
-35198,46908,18876
-34624,47652,19492
-34869,46978,19688
-34579,47119,20288
-34804,46471,20487
-34524,46619,21034
-34464,46141,21740
-34404,45669,22422
-21634,29742,-79448
-33739,46405,-41251
-37326,51258,-12075
-37393,51206,-10321
-37455,51130,-8620
-37498,51030,-6995
-37520,50910,-5452
-37521,50776,-3983
-37513,50630,-2567
-37499,50456,-1196
-37424,49551,3923
-37397,49290,5115
-37368,49006,6271
-37336,48715,7394
-37302,48416,8489
-37264,48092,9538
-37220,47768,10545
-36646,48271,12333
-36609,47829,13193
-36560,47412,14007
-36501,47021,14783
-36105,47692,15122
-36434,46653,15523
-36036,47148,16124
-35950,46637,17052
-35601,47090,17500
-35862,46140,17943
-35542,46698,18174
-35478,46317,18821
-35417,45941,19454
-35124,46403,19701
-35358,45569,20073
-35051,45908,20498
-35296,45201,20663
-34734,45976,21245
-34975,45422,21255
-34666,45488,21975
-34903,44941,21993
-34601,45005,22688
-34348,45200,23088
-34536,44530,23374
-34292,44739,23731
-34238,44282,24356
-34184,43828,24959
-26201,34509,-67610
-32052,42314,-49268
-35600,47227,-33912
-37076,47882,-27376
-37773,48420,-22140
-37827,48473,-21138
-37924,48571,-19174
-38008,48655,-17263
-38173,48246,174
-38146,48082,1465
-38113,47882,2708
-38080,47673,3922
-38044,47451,5102
-38007,47214,6249
-37967,46960,7360
-37164,47458,11497
-37101,47148,12393
-37031,46808,13214
-36957,46467,13989
-36882,46127,14736
-36806,45787,15462
-36363,46292,16234
-36732,45445,16168
-36293,45929,16924
-36220,45570,17593
-36150,45213,18249
-35774,45650,18803
-36081,44858,18890
-36012,44506,19512
-35689,45166,19638
-35602,44687,20432
-35236,44836,21241
-35518,44214,21203
-35178,44475,21809
-35118,44121,22358
-34832,44467,22707
-35061,43768,22898
-34763,43998,23399
-35007,43417,23429
-34474,44058,24043
-34696,43534,24073
-34413,43591,24685
-34627,43079,24713
-34351,43132,25303
-34130,43383,25541
-34292,42674,25910
-34079,42941,26111
-34030,42500,26671
-33980,42066,27215
-30283,37919,-56698
-34576,43424,-40884
-38080,48721,-15401
-38144,48768,-13578
-38200,48797,-11802
-38248,48805,-10075
-38276,48791,-8420
-38282,48755,-6849
-38267,48701,-5355
-38245,48626,-3915
-38224,48523,-2512
-38199,48395,-1150
-37920,46708,8431
-37858,46468,9446
-37783,46239,10405
-37696,46027,11311
-37601,45828,12174
-37500,45624,12998
-37404,45396,13796
-37311,45134,14557
-37226,44847,15294
-37143,44536,15994
-37062,44215,16675
-36655,45102,16849
-36579,44760,17517
-36505,44419,18169
-36431,44081,18804
-36358,43742,19423
-35943,44155,20114
-36284,43407,20021
-35875,43808,20700
-35807,43465,21271
-35434,43749,21945
-35741,43123,21832
-35676,42786,22379
-35355,43289,22671
-35612,42452,22911
-35274,42838,23370
-34949,43073,23936
-35194,42392,24043
-34893,42731,24433
-35116,41950,24699
-34839,42390,24922
-34561,42626,25341
-34785,42053,25401
-34498,42174,25954
-34731,41720,25868
-34236,42219,26502
-34679,41386,26329
-34435,41730,26547
-34179,41772,27077
-34375,41286,27130
-34125,41327,27640
-33932,41636,27747
-34070,40888,28183
-33884,41211,28262
-33837,40790,28766
-36454,44104,-33599
-38915,45958,484
-38858,45784,2217
-38797,45567,3878
-38734,45327,5479
-38654,45083,6988
-38545,44861,8382
-38411,44674,9674
-38266,44489,10897
-38119,44276,12060
-37971,44049,13180
-37828,43806,14263
-37685,43522,15288
-37547,43209,16270
-36982,43894,17340
-36902,43573,17988
-36824,43252,18626
-36744,42933,19235
-36665,42613,19834
-36588,42294,20420
-36211,43073,20605
-36140,42740,21179
-36069,42412,21735
-36000,42086,22282
-35931,41761,22812
-35547,42121,23429
-35861,41443,23325
-35483,41794,23935
-35419,41472,24429
-35357,41150,24916
-35038,41514,25335
-35296,40829,25395
-34964,41079,25959
-34889,40652,26564
-34630,41052,26783
-34578,40726,27219
-34814,40233,27146
-34314,40849,27692
-34526,40404,27645
-34476,40081,28067
-34253,40421,28235
-34428,39758,28483
-34014,40458,28710
-34194,39992,28769
-33737,39368,28748
-33604,39707,29605
-33365,38582,30456
-33460,39583,-47225
-37789,44815,-27253
-38481,45350,-22053
-38958,45760,-17444
-38993,45818,-16458
-39068,45957,-13970
-39125,46071,-11566
-39143,46150,-9295
-39114,46195,-7172
-39066,46199,-5152
-39019,46169,-3198
-38968,46086,-1321
-37418,42854,17204
-37298,42460,18095
-37181,42049,18942
-37065,41638,19762
-36952,41226,20561
-36511,41979,20990
-36436,41663,21551
-36361,41351,22093
-36285,41042,22619
-36212,40733,23137
-36139,40428,23642
-35792,41126,23830
-36066,40127,24136
-35726,40809,24328
-35659,40499,24812
-35593,40191,25288
-35235,40515,25861
-35528,39886,25753
-35174,40203,26316
-35462,39587,26205
-35114,39893,26761
-35054,39589,27196
-34742,39814,27717
-34994,39288,27622
-34936,38986,28044
-34670,39404,28270
-34324,39298,28777
-34555,38877,28722
-33916,38918,28822
-34128,38543,28856
-33470,38091,28705
-33949,37759,28932
-33668,37778,28852
-33119,37415,31318
-35762,40440,-39199
-39719,43376,927
-39646,43272,2601
-39561,43151,4189
-39448,43056,5669
-39310,42986,7041
-39158,42902,8324
-39005,42799,9555
-38852,42682,10743
-38698,42519,11872
-38545,42342,12965
-38392,42157,14021
-38239,41958,15037
-38090,41717,16008
-37942,41465,16946
-37798,41199,17852
-37656,40908,18714
-37526,40576,19540
-37402,40214,20328
-36838,40819,21330
-36727,40411,22072
-36616,40012,22787
-36509,39611,23486
-36402,39218,24162
-35996,39825,24624
-35925,39529,25097
-35853,39240,25556
-35783,38951,26008
-35714,38664,26454
-35396,39292,26647
-35644,38386,26887
-35332,38997,27084
-35269,38702,27515
-35205,38416,27933
-34879,38684,28461
-35143,38131,28346
-34735,38158,28690
-34993,37608,28569
-34316,37952,28886
-34565,37523,28840
-34096,37003,29031
-33248,36740,28649
-33787,36946,29005
-33457,36575,28877
-33637,36117,29065
-33171,36173,29049
-33020,35546,29320
-32867,36206,32191
-37562,40967,-32141
-38634,41770,-26183
-39270,42207,-21167
-40080,42983,-12518
-40078,43114,-10539
-40034,43236,-8461
-39976,43337,-6460
-39917,43410,-4513
-39854,43442,-2632
-39788,43429,-819
-37281,39843,21081
-37161,39472,21811
-37044,39104,22520
-36928,38739,23208
-36813,38382,23867
-36698,38033,24505
-36295,38832,24812
-36190,38454,25443
-36086,38082,26058
-35985,37710,26662
-35575,38108,27315
-35887,37342,27250
-35509,37831,27738
-35442,37558,28150
-35291,37057,28380
-35137,36515,28584
-34831,37025,28744
-34404,36877,28981
-34677,36429,28916
-34254,36214,29117
-34533,35820,29085
-33897,36026,29162
-34110,35528,29243
-33322,35714,29103
-33475,35253,29077
-33649,34876,29145
-33336,34764,29252
-33147,35071,29334
-32856,34914,29550
-32974,34447,29557
-32691,34306,29769
-32528,33713,29983
-32608,34956,33075
-32341,33676,33961
-39719,42572,-16668
-36588,37682,25132
-36481,37330,25746
-36376,36983,26343
-36273,36639,26925
-36173,36295,27496
-35790,36979,27823
-35595,36343,28179
-35394,35645,28491
-34990,35963,28784
-34850,35401,28979
-34666,34731,29070
-34368,35144,29193
-33891,34662,29195
-34148,34337,29170
-33681,33794,29144
-33433,34059,29274
-33199,34285,29424
-33246,33438,29497
-33063,33816,29592
-32803,33840,29776
-32929,33357,29757
-32635,33248,29990
-32796,32908,29920
-32368,33135,30193
-32469,32671,30199
-32209,32572,30398
-32068,32365,34851
-35978,35684,27857
-35786,35044,28194
-35602,34402,28516
-35205,34933,28796
-34913,33996,28864
-34444,33973,29067
-34228,33221,29060
-33935,33531,29144
-33734,32746,29127
-33526,33268,29279
-33381,32811,29444
-33062,32835,29715
-33238,32365,29606
-32881,32250,29927
-32664,32468,30079
-32701,31687,30129
-32534,32037,30236
-32305,32110,30403
-32405,31618,30388
-32053,32022,30598
-32144,31563,30603
-32276,31213,30532
-31899,31486,30794
-31982,31041,30789
-31745,30970,30980
-31790,31027,35743
-34606,33030,28868
-35272,33501,29423
-34309,32077,28867
-34017,32481,29043
-33818,31785,29046
-33582,32300,29286
-33431,31871,29438
-33282,31453,29587
-33094,31935,29759
-33134,31046,29732
-32952,31517,29907
-32811,31110,30052
-32522,31146,30321
-32672,30713,30194
-32345,30622,30508
-32148,30817,30673
-32171,30114,30689
-32021,30430,30811
-31822,30533,30970
-31896,30051,30946
-31593,30471,31158
-31665,30039,31147
-31771,29681,31079
-31442,29985,31332
-31509,29559,31319
-31293,29512,31502
-31146,29051,31668
-31507,29676,36627
-34023,31137,28859
-33661,31368,29195
-34936,32562,30335
-33782,30479,28993
-33505,30961,29340
-33350,30567,29482
-33198,30183,29620
-32988,30650,29873
-34595,31586,31252
-33046,29810,29755
-32843,30264,30012
-32699,29888,30147
-32534,30326,30332
-32557,29523,30279
-32397,29949,30467
-32262,29581,30599
-32127,29223,30728
-31999,29623,30866
-31995,28873,30854
-31829,29147,31037
-31648,29320,31209
-31661,28686,31203
-31526,28966,31336
-31355,29092,31487
-31406,28622,31460
-31209,28641,31662
-31344,28300,31697
-31031,28611,31888
-31142,28220,31986
-30967,28191,32203
-31222,28313,37504
-33559,29961,29177
-33337,29473,29350
-33118,29007,29517
-32895,29457,29880
-32744,29116,30002
-32596,28785,30120
-32415,29172,30404
-32448,28464,30235
-34248,30574,32172
-32274,28837,30523
-32328,28159,30399
-32134,28511,30638
-32031,28204,30822
-31861,28544,30970
-31968,27911,31079
-31773,28235,31171
-33898,29528,33094
-31546,28260,31463
-31713,27936,31422
-31654,27639,31671
-31470,27858,31789
-31291,27984,31945
-31396,27459,32110
-31237,27679,32184
-31076,27803,32304
-31184,27376,32420
-30905,27775,32514
-31011,27398,32612
-31132,27076,32653
-30844,27363,32820
-30946,27003,32912
-30782,26965,33115
-30934,26952,38367
-32902,28563,29679
-32688,28138,29834
-32590,27756,30206
-32262,27873,30662
-32495,27376,30574
-32196,27588,30923
-32132,27305,31180
-31906,27619,31332
-32069,27023,31434
-31845,27329,31583
-31785,27041,31830
-31596,27344,31916
-31727,26754,32074
-33543,28453,34013
-31539,27051,32158
-31324,27065,32426
-31483,26760,32396
-31413,26475,32602
-31253,26674,32736
-31081,26778,32884
-31138,26302,32951
-31030,26482,33111
-30882,26611,33207
-30924,26208,33223
-30721,26574,33403
-30776,26239,33411
-30815,25942,33326
-30616,26203,33595
-30640,25887,33547
-30486,25851,33732
-30357,25510,33864
-32402,26999,30935
-32311,26621,31289
-32117,26285,31429
-32006,26742,31684
-31926,25966,31565
-31907,26475,31855
-31775,26226,31957
-31643,26478,32264
-31644,25984,32056
-31518,26221,32367
-31515,25751,32153
-31394,25972,32466
-31387,25525,32247
-31294,26212,32706
-31271,25731,32564
-31176,25957,32807
-31149,25497,32659
-33184,27354,34926
-31059,25709,32905
-31029,25270,32752
-30988,25953,33087
-30943,25468,33001
-30910,25050,32842
-30840,25618,33219
-30828,25234,33095
-30708,25683,33427
-30715,25008,33186
-30694,25294,33347
-30602,25431,33526
-30602,24787,33276
-30506,25546,33680
-30549,24983,33470
-30497,25186,33622
-30373,25217,33808
-30392,24948,33716
-30406,24684,33589
-30231,25180,33992
-30289,24716,33807
-30242,24899,33932
-30187,24490,33897
-30105,24860,34117
-30112,24592,34053
-29981,24550,34238
-29984,24296,34169
-29859,24251,34355
-30644,25597,39214
-31738,25663,31695
-31552,25376,31820
-31368,25105,31940
-31187,24848,32055
-31260,25308,32338
-31134,25098,32427
-31008,24607,32165
-31009,24896,32513
-30831,24380,32271
-30886,24701,32597
-30657,24167,32371
-30763,24514,32678
-30791,24838,32930
-30484,23980,32461
-30642,24334,32757
-30674,24633,33015
-30522,24161,32833
-30312,23809,32544
-30558,24435,33098
-30403,23995,32907
-30143,23652,32623
-30491,24573,33362
-30443,24243,33179
-32825,26235,35831
-30285,23836,32979
-29976,23507,32697
-30380,24366,33447
-30330,24059,33257
-30169,23684,33048
-30217,23881,33333
-30271,24166,33529
-30265,24396,33705
-30052,23549,33110
-30105,23710,33407
-30162,23972,33609
-29937,23420,33169
-30126,24118,33817
-29994,23545,33478
-30055,23785,33687
-30085,24271,33984
-29884,23387,33547
-29988,23852,33925
-29948,23604,33763
-29985,24058,34069
-29843,23429,33836
-29885,23851,34151
-29852,23596,34029
-29858,24010,34282
-29738,23261,33907
-29786,23649,34232
-29738,23962,34469
-29718,23351,34129
-29733,23734,34392
-29688,23453,34311
-29585,23116,34226
-29618,23683,34579
-29609,23468,34497
-29592,23262,34388
-29496,23078,34462
-29500,23413,34685
-29487,23211,34600
-29383,23152,34788
-29367,22963,34699
-29268,22901,34888
-30353,24240,40048
-29882,23231,32908
-29822,23298,33225
-29802,22934,33139
-29709,23183,33280
-29607,23052,33354
-29776,23235,33614
-29724,22641,33365
-32465,25099,36726
-29667,23100,33673
-29552,22834,33515
-29559,22971,33730
-29634,23098,33976
-29648,22353,33586
-29498,22618,33675
-29453,22847,33785
-29532,22942,34043
-29347,22730,33837
-29444,22405,33832
-29430,22792,34107
-29287,22529,33977
-29454,22892,34319
-29328,22657,34164
-29392,22194,33986
-29400,22899,34535
-29228,22528,34219
-29236,22314,34129
-29325,22678,34408
-29128,22405,34272
-29306,22726,34605
-29197,22474,34494
-29186,22101,34279
-29248,22724,34795
-29213,22558,34674
-29056,22234,34376
-29070,22287,34572
-29120,22396,34740
-29154,22658,34984
-29130,22495,34887
-29008,22020,34522
-28945,22116,34642
-29029,22240,34805
-29041,22424,35078
-29014,22275,34976
-28938,22089,34867
-28843,21909,34754
-28848,21946,34926
-28899,22063,35061
-28930,22198,35168
-28758,21815,34978
-28785,21862,35143
-28820,21981,35255
-28671,21687,35032
-28673,21669,35221
-28711,21773,35338
-28604,21573,35418
-30063,22888,40865
-11214,8631,26707
-10936,8511,26404
-10671,8135,26043
-29573,22068,33802
-29490,21814,33993
-29340,21986,34138
-29394,21604,34150
-32106,23946,37611
-29290,21780,34287
-29137,21892,34427
-29300,21399,34303
-29240,21576,34435
-29088,21684,34573
-29189,21380,34576
-28960,21810,34667
-29040,21479,34716
-29123,21227,34683
-28913,21601,34809
-28993,21277,34857
-28782,21630,34940
-28867,21396,34949
-28947,21077,34996
-28822,21192,35086
-28723,21355,35123
-28627,21478,35169
-28562,21493,35292
-28778,20991,35222
-28584,21271,35303
-28665,21084,35302
-28476,21281,35405
-28498,21382,35495
-28541,21066,35436
-28608,20818,35477
-28393,21203,35566
-28422,21013,35575
-28499,20864,35566
-28318,20983,35687
-28369,20750,35742
-28267,20721,35851
-11585,8442,27039
-10342,7605,25555
-29208,21199,34451
-29118,21003,34596
-29058,21078,34788
-29030,20811,34737
-28994,20930,34891
-28943,20623,34874
-28930,20785,34991
-31749,22781,38481
-28898,20887,35126
-28868,20643,35090
-28859,20439,35008
-28836,20737,35226
-28807,20503,35187
-28734,20793,35355
-28775,20590,35324
-28776,20260,35138
-28747,20365,35283
-28691,20596,35487
-28714,20445,35420
-28687,20229,35376
-28655,20303,35514
-28643,20416,35607
-28552,20556,35649
-28629,20096,35468
-28458,20665,35695
-28596,20163,35606
-28584,20269,35700
-28418,20468,35821
-28498,20298,35817
-28538,20025,35696
-28526,20125,35791
-28318,20491,35906
-28378,20274,35946
-28469,19983,35881
-28216,20463,36011
-28445,20045,35982
-28267,20236,36067
-28339,20081,36069
-28168,20209,36168
-28301,19891,36190
-28218,19985,36225
-28120,19960,36323
-28169,19738,36379
-28073,19714,36474
-29775,21551,41662
-10005,7058,25046
-28695,20084,35265
-28615,19912,35389
-28571,19964,35557
-28537,19744,35509
-28514,19835,35646
-28482,19890,35785
-28461,19580,35627
-31394,21614,39332
-28459,19708,35732
-28426,19757,35872
-28413,19844,35969
-28404,19583,35817
-28386,19419,35741
-28370,19626,35957
-28371,19851,36102
-28358,19707,36055
-28349,19460,35901
-28313,19261,35853
-28316,19497,36041
-28296,19339,35982
-28303,19572,36140
-28298,19664,36216
-28263,19704,36309
-28263,19370,36124
-28241,19107,35962
-28243,19220,36063
-28249,19440,36223
-28227,19481,36327
-28210,19246,36204
-28215,19546,36405
-28191,19103,36142
-28196,19309,36305
-28158,19123,36284
-28162,19406,36488
-28140,18988,36219
-28156,19302,36436
-28122,19494,36531
-28144,19181,36385
-28107,19003,36361
-28110,19269,36569
-28027,19473,36623
-28093,19055,36464
-28088,19128,36542
-28074,19258,36678
-28058,19134,36649
-28042,18931,36541
-27982,19235,36769
-28020,18957,36645
-28007,19001,36727
-28007,19078,36781
-27957,18870,36804
-27937,19001,36912
-27942,18902,36882
-27880,18807,37025
-29487,20218,42441
-9677,6545,24550
-28171,18960,36066
-28102,18826,36163
-28090,18874,36295
-28034,18694,36257
-28056,18884,36438
-28040,18763,36370
-31045,20454,40160
-27967,18566,36349
-28007,18767,36513
-27991,18653,36443
-27992,18810,36616
-27958,18653,36586
-27943,18545,36515
-27902,18440,36439
-27954,18790,36745
-27943,18690,36691
-27909,18540,36659
-27895,18438,36586
-27838,18317,36527
-27908,18742,36879
-27894,18572,36764
-27889,18626,36844
-27848,18343,36651
-27862,18429,36730
-27877,18730,36981
-27775,18197,36612
-27846,18456,36835
-27859,18616,36953
-27802,18250,36714
-27815,18319,36799
-27825,18467,36940
-27799,18342,36906
-27811,18492,37025
-27817,18634,37121
-27814,18562,37077
-27756,18157,36776
-27713,18080,36695
-27769,18212,36868
-27753,18230,36975
-27763,18310,37033
-27711,18067,36837
-27764,18370,37096
-27652,17965,36776
-27723,18106,36935
-27756,18466,37215
-27752,18397,37171
-27666,17978,36898
-27707,18120,37042
-27717,18250,37166
-27678,18002,37001
-27702,18158,37124
-27692,18236,37262
-27695,18301,37307
-27662,18011,37109
-27672,18132,37235
-27642,18008,37213
-27626,18016,37302
-27632,18079,37352
-27636,18139,37397
-27574,17925,37439
-27577,17982,37485
-12108,8069,27505
-27593,17853,36855
-27622,17890,36956
-27634,17901,37065
-27535,17743,36933
-27579,17804,37014
-27617,17905,37174
-30698,19288,40968
-27590,17810,37124
-27536,17719,37071
-27477,17636,37008
-27574,17800,37238
-27583,17862,37300
-27546,17720,37182
-27582,17902,37368
-27494,17636,37127
-27421,17531,37081
-27530,17696,37301
-27504,17631,37239
-27452,17554,37182
-27538,17790,37433
-27525,17719,37385
-27462,17544,37294
-27488,17595,37363
-27365,17429,37153
-27411,17473,37235
-27516,17774,37524
-27520,17827,37571
-27495,17680,37497
-27468,17579,37468
-27420,17459,37349
-27446,17495,37424
-27370,17394,37288
-27311,17329,37222
-27452,17571,37559
-27460,17627,37607
-27464,17676,37654
-27379,17375,37403
-27330,17316,37340
-27404,17400,37482
-27412,17442,37549
-27258,17231,37291
-27410,17465,37621
-27338,17292,37456
-27291,17239,37391
-27363,17312,37536
-27405,17483,37689
-27409,17528,37736
-27205,17135,37357
-27299,17211,37508
-27358,17308,37628
-27252,17164,37441
-27368,17360,37681
-27322,17226,37589
-27350,17342,37768
-27259,17131,37558
-27213,17089,37490
-27355,17384,37815
-27154,17042,37422
-27327,17257,37740
-27282,17141,37641
-27304,17177,37705
-27175,17016,37538
-27220,17052,37608
-27103,16950,37485
-27243,17058,37692
-27287,17155,37798
-27297,17204,37845
-27301,17242,37893
-27251,17049,37780
-27247,17056,37855
-27245,17069,37921
-27249,17104,37969
-29198,18884,43204
-9353,6054,24060
-27138,16945,37585
-27182,16975,37657
-27204,16976,37743
-27053,16861,37547
-27101,16874,37632
-27144,16899,37706
-27166,16896,37792
-27199,16930,37851
-27208,16958,37912
-27064,16805,37678
-27004,16774,37607
-27106,16824,37753
-27128,16816,37840
-27193,16937,37995
-27028,16737,37722
-27198,16969,38043
-27148,16819,37916
-27169,16861,37967
-27069,16751,37799
-26956,16688,37666
-27090,16739,37888
-26992,16669,37766
-27033,16678,37845
-27131,16766,38021
-27143,16808,38067
-26909,16605,37723
-27098,16710,37981
-27148,16836,38116
-27053,16662,37935
-26957,16604,37810
-26997,16607,37890
-27093,16673,38074
-26862,16523,37779
-26922,16539,37852
-27017,16587,37980
-27049,16604,38043
-27093,16681,38137
-26961,16537,37934
-27098,16707,38187
-27056,16581,38126
-26888,16475,37894
-26981,16513,38025
-26817,16444,37833
-26926,16469,37977
-27000,16501,38104
-27045,16558,38206
-26854,16412,37935
-27019,16498,38174
-27049,16580,38256
-26945,16440,38069
-26892,16401,38019
-26772,16366,37887
-26821,16350,37975
-26953,16399,38164
-26910,16369,38113
-26983,16418,38220
-26857,16335,38061
-26997,16437,38273
-27002,16456,38324
-26727,16290,37939
-26787,16290,38015
-26875,16298,38155
-26947,16339,38265
-26824,16269,38102
-26906,16300,38222
-26755,16230,38053
-26950,16318,38339
-26841,16229,38197
-26689,16179,38010
-26955,16334,38390
-26790,16205,38142
-26912,16262,38309
-26722,16172,38092
-26860,16204,38279
-26807,16161,38238
-26757,16142,38181
-26877,16186,38353
-26904,16202,38404
-26690,16114,38129
-26909,16215,38454
-26653,16055,38087
-26774,16094,38279
-26725,16080,38220
-26659,16057,38166
-26628,16001,38202
-28912,17583,43933
-9033,5584,23574
-8065,4871,22549
-7991,4885,22520
-7991,4885,22520
-30348,18086,41772
-26814,16109,38335
-26842,16111,38395
-26858,16098,38461
-26692,16019,38258
-26741,16029,38318
-26863,16099,38517
-26808,16037,38437
-26770,16016,38389
-26597,15910,38145
-26661,15959,38296
-26708,15964,38357
-26597,15947,38238
-26813,15999,38517
-26774,15965,38479
-26726,15926,38442
-26819,15985,38579
-26629,15900,38332
-26567,15893,38272
-26676,15900,38395
-26741,15894,38519
-26769,15901,38571
-26598,15842,38368
-26537,15840,38307
-26644,15838,38433
-26683,15837,38493
-26775,15873,38639
-26708,15824,38559
-26507,15788,38340
-26507,15788,38340
-26568,15785,38404
-26613,15777,38470
-26726,15805,38624
-26641,15751,38544
-26676,15755,38598
-26537,15729,38439
-26233,15408,37919
-26732,15771,38695
-26582,15716,38506
-26683,15712,38676
-26507,15674,38473
-26644,15688,38636
-26599,15666,38593
-26551,15657,38541
-26689,15676,38747
-26478,15619,38506
-26612,15621,38674
-26521,15599,38576
-26641,15621,38726
-26558,15584,38641
-26449,15566,38539
-26648,15582,38798
-26581,15556,38711
-26491,15541,38610
-26600,15531,38776
-26420,15514,38572
-26420,15514,38572
-26517,15503,38688
-26462,15485,38644
-26550,15492,38747
-26606,15490,38847
-26559,15444,38824
-26432,15430,38677
-26520,15429,38782
-26478,15424,38733
-26566,15401,38896
-26404,15375,38710
-26489,15367,38817
-26519,15359,38871
-26439,15347,38778
-26375,15322,38742
-26460,15306,38852
-26347,15214,38673
-26400,15271,38822
-26347,15269,38773
-26347,15269,38773
-12722,7606,28051
-8753,5204,23162
-8539,4955,22871
-8293,4821,22639
-8215,4839,22609
-8139,4856,22579
-30002,16879,42556
-26526,15313,38943
-26480,15275,38917
-25496,14496,37349
-26430,15246,38885
-26487,15227,38989
-26362,15197,38864
-26441,15193,38962
-26401,15187,38919
-26448,15143,39034
-26373,15129,38951
-26325,15125,38906
-26403,15114,39006
-26344,15072,38983
-26410,15061,39078
-26258,14995,38867
-26288,15055,38947
-26365,15035,39048
-26316,15016,39014
-26373,14981,39121
-26288,14961,39045
-26328,14959,39090
-26261,14907,39075
-26336,14903,39163
-26102,14811,38850
-26292,14884,39131
-26234,14854,39105
-26234,14854,39105
-26300,14826,39204
-26256,14811,39171
-26190,14754,39061
-26190,14642,39000
-26264,14751,39244
-26221,14740,39210
-26229,14677,39284
-26184,14667,39246
-26194,14605,39322
-26099,14483,39155
-25582,14186,38445
-26160,14535,39359
-28639,16343,44621
-8386,4830,22698
-7881,4468,22731
-24671,13527,36695
-25949,14366,39100
-26028,14351,39306
-26085,14347,39380
-26036,14248,39341
-26035,14078,39320
-25413,13721,38676
-24916,13416,37903
-25948,13942,39456
-25591,13817,38972
-25939,13848,39648
-28380,15170,45267
-13323,7180,28583
-29668,15710,43304
-23848,12609,36042
-25884,13749,39613
-25883,13520,39632
-24805,13015,38183
-25004,13125,38498
-24257,12685,37367
-23126,11816,35476
-25801,13392,39758
-25794,13357,39908
-25734,13259,39877
-24423,12464,38029
-24203,12344,37695
-7769,4035,22946
-29348,14583,44015
-22772,11386,35245
-25732,12961,39939
-23582,11969,36814
-22656,11182,35232
-25656,12843,40056
-25651,12875,40161
-25590,12742,40154
-23849,11836,37564
-23585,11681,37191
-22875,11243,36228
-28136,14065,45871
-22547,10985,35224
-22441,10790,35216
-25580,12389,40248
-22338,10598,35207
-25511,12401,40407
-25509,12285,40353
-25449,12195,40442
-22236,10412,35197
-23205,11155,37032
-22424,10774,35874
-22906,10977,36627
-25370,11927,40651
-22255,10556,35784
-22147,10362,35761
-22389,10443,36210
-27908,13032,46432
-13930,6771,29121
-7656,3594,23163
-29043,13503,44687
-22137,10236,35183
-25427,11829,40546
-22040,10061,35168
-25362,11714,40652
-21946,9889,35154
-25307,11637,40731
-22580,10512,36515
-22042,10171,35737
-25229,11445,40894
-25272,11255,40846
-22157,10181,36051
-21939,9981,35714
-22198,10107,36217
-22043,10028,35999
-21838,9794,35691
-22052,9924,36135
-21930,9878,35947
-21938,9771,36081
-21820,9730,35895
-18551,8352,32611
-17883,8243,32051
-17462,8122,31714
-17268,7980,31585
-17133,7832,31508
-17000,7685,31431
-16870,7540,31355
-28754,12474,45319
-21853,9719,35140
-21762,9551,35125
-25214,11149,40943
-21673,9385,35110
-25164,11067,41021
-21576,9219,35086
-21739,9609,35668
-25086,10955,41136
-25118,10673,41144
-21279,9033,34878
-21643,9426,35645
-21713,9584,35843
-21826,9621,36026
-21717,9473,35972
-21611,9421,35802
-21549,9245,35622
-21610,9327,35918
-21514,9238,35773
-20721,8831,34429
-21506,9183,35865
-19995,8637,33822
-27697,12072,46951
-19272,8478,33217
-16742,7397,31280
-16618,7255,31205
-16495,7115,31131
-16376,6976,31058
-14543,6381,29662
-25065,10580,41232
-25019,10501,41305
-21457,9066,35599
-24948,10413,41403
-21419,9057,35745
-21367,8889,35576
-24967,10102,41434
-21404,9041,35811
-21326,8878,35716
-21278,8714,35553
-21308,8875,35772
-21236,8702,35688
-21217,8698,35741
-27503,11186,47428
-16258,6838,30985
-16143,6702,30912
-16031,6567,30841
-15920,6433,30769
-15060,6101,30114
-7544,3156,23376
-28482,11500,45911
-24918,10017,41514
-24877,9945,41581
-21192,8541,35530
-24812,9848,41679
-21108,8370,35507
-21147,8527,35660
-21127,8522,35710
-24822,9547,41713
-21025,8200,35485
-21060,8354,35631
-21039,8348,35680
-20976,8183,35603
-20953,8176,35649
-17072,6629,32274
-16665,6518,31930
-16442,6391,31752
-15812,6300,30699
-15706,6169,30629
-15602,6039,30560
-15416,5987,30414
-28228,10583,46462
-24777,9469,41786
-20944,8033,35462
-24739,9404,41847
-20865,7867,35440
-20893,8013,35576
-24679,9303,41942
-20870,8005,35619
-24680,9008,41982
-20812,7846,35548
-20741,7696,35375
-20788,7837,35589
-20733,7680,35520
-20708,7670,35559
-20422,7509,35129
-19910,7318,34700
-27326,10381,47860
-19347,7141,34222
-18790,6984,33749
-18240,6848,33280
-17649,6731,32772
-16316,6254,31663
-16193,6117,31575
-16072,5982,31488
-15954,5849,31402
-7435,2726,23584
-27992,9730,46970
-24639,8937,42049
-24605,8878,42104
-20656,7516,35493
-24550,8788,42190
-20629,7505,35529
-20580,7353,35466
-20553,7342,35499
-24544,8484,42241
-20493,7191,35426
-20478,7180,35469
-20254,7012,35248
-27165,9649,48252
-17824,6164,33194
-17272,6050,32712
-16735,5949,32243
-16338,5843,31899
-16106,5721,31706
-15839,5717,31316
-15982,5587,31610
-15726,5586,31230
-15615,5457,31146
-24506,8421,42301
-24475,8368,42351
-20405,7020,35440
-24426,8288,42428
-20269,6854,35353
-24412,7975,42491
-19833,6819,34900
-19958,6670,35103
-19323,6629,34469
-19494,6478,34711
-27021,8982,48610
-18819,6457,34041
-19010,6298,34299
-18320,6301,33618
-18531,6133,33891
-18058,5983,33486
-17572,5847,33069
-17039,5726,32606
-16528,5621,32159
-16154,5514,31832
-15863,5455,31518
-15936,5393,31648
-15746,5323,31426
-15815,5261,31552
-15506,5328,31062
-15632,5193,31335
-15698,5130,31457
-15400,5201,30979
-15520,5065,31245
-15296,5076,30896
-15194,4951,30814
-27773,8946,47434
-24378,7919,42545
-24349,7873,42589
-24305,7803,42658
-24284,7480,42732
-24254,7431,42779
-26892,8374,48937
-15584,5000,31364
-15411,4937,31156
-15469,4865,31266
-15290,4776,31040
-15087,4810,30719
-7327,2301,23789
-27572,8220,47862
-24228,7392,42819
-24189,7333,42879
-24161,7000,42963
-24134,6958,43006
-24111,6925,43040
-26776,7815,49238
-15307,4611,31075
-15108,4465,30805
-14925,4530,30516
-27389,7552,48254
-24076,6877,43092
-24042,6532,43187
-24018,6498,43224
-23998,6471,43253
-23968,6434,43298
-26672,7295,49520
-15083,4203,30760
-14865,4001,30449
-14699,4096,30188
-27222,6937,48615
-23927,6078,43403
-23906,6050,43434
-23889,6030,43460
-23863,6004,43496
-26578,6813,49782
-7222,1883,23989
-27070,6368,48948
-23815,5634,43612
-23797,5614,43638
-23783,5599,43659
-23761,5584,43689
-26497,6376,50024
-14809,3671,30345
-14585,3451,30017
-14421,3535,29754
-26932,5840,49257
-23708,5200,43814
-23692,5187,43836
-23680,5179,43853
-23662,5174,43875
-26426,5980,50247
-26363,5614,50455
-14533,3140,29920
-26808,5356,49541
-23604,4779,44009
-23591,4772,44027
-23581,4769,44040
-23567,4773,44057
-26305,5277,50649
-14312,2922,29594
-14144,2982,29318
-7119,1471,24184
-26697,4921,49800
-23504,4372,44197
-23494,4370,44211
-23486,4372,44220
-23475,4385,44232
-26248,4947,50837
-14277,2661,29533
-13893,2498,28930
-26600,4530,50037
-23409,3980,44376
-23401,3983,44386
-23394,3989,44393
-23386,4009,44400
-26191,4618,51024
-26135,4288,51210
-14069,2466,29224
-14039,2227,29174
-26514,4177,50255
-23319,3607,44546
-23312,3613,44554
-26437,3851,50459
-23307,3622,44558
-23302,3648,44561
-23222,3304,44714
-23225,3273,44715
-26080,3959,51394
-13829,2026,28859
-13646,2029,28545
-7017,1065,24376
-26364,3556,50646
-23234,3252,44707
-23229,3261,44713
-26294,3265,50829
-23155,2920,44857
-23146,2976,44859
-23151,2930,44861
-23148,2943,44862
-26026,3630,51576
-25973,3302,51756
-13804,1806,28818
-26224,2974,51010
-23075,2668,44995
-23082,2612,44996
-23078,2623,44999
-23076,2636,44999
-25922,2985,51931
-13592,1601,28497
-13401,1577,28164
-11530,1226,26108
-11530,1226,26108
-26155,2681,51189
-23010,2384,45120
-23014,2327,45124
-23010,2352,45126
-23012,2338,45126
-26087,2387,51366
-22950,2122,45236
-22953,2064,45242
-22950,2090,45242
-22951,2076,45243
-25876,2709,52084
-25838,2469,52220
-25816,2305,52323
-13571,1399,28466
-13357,1189,28138
-6917,663,24565
-22895,1881,45342
-26022,2095,51539
-22894,1850,45348
-22896,1823,45350
-22895,1836,45350
-22845,1660,45439
-22843,1629,45446
-22844,1615,45448
-22844,1602,45449
-25960,1819,51703
-25804,2187,52405
-25794,2070,52486
-25785,1965,52560
-25779,1880,52623
-13340,1005,28116
-13158,1141,27786
-11942,892,26448
-11435,857,26293
-22799,1458,45527
-22797,1428,45535
-22797,1413,45538
-22798,1400,45539
-25902,1559,51857
-22758,1274,45608
-22756,1244,45616
-22756,1218,45620
-22755,1230,45619
-25774,1799,52683
-25771,1722,52739
-25769,1650,52793
-25769,1584,52842
-25772,1524,52888
-25776,1472,52930
-25783,1429,52967
-25792,1390,53002
-25801,1357,53034
-13128,796,27786
-12926,756,27434
-22722,1112,45679
-25853,1338,51992
-22722,1072,45686
-22721,1079,45686
-22720,1089,45685
-22696,965,45734
-22694,966,45737
-22693,983,45736
-22693,969,45738
-25823,1217,52081
-22679,897,45767
-22675,889,45772
-22673,885,45776
-22670,886,45779
-22667,855,45788
-22663,844,45794
-25800,1124,52157
-22659,834,45800
-22656,818,45806
-22655,821,45808
-22653,808,45812
-22650,799,45817
-25779,1032,52229
-25759,941,52298
-25813,1330,53063
-25825,1306,53091
-25838,1283,53119
-25850,1260,53147
-25862,1236,53175
-25875,1213,53203
-25887,1190,53231
-25899,1166,53259
-25912,1143,53287
-25924,1120,53315
-25937,1096,53343
-25949,1073,53370
-25961,1050,53398
-25974,1026,53426
-25986,1003,53454
-25998,980,53482
-26011,956,53510
-26023,933,53538
-26036,910,53566
-13124,646,27791
-12944,497,27520
-12656,578,27103
-12328,627,26775
-11338,476,26480
-6819,266,24750
-22646,785,45823
-22644,783,45826
-22643,775,45829
-22641,767,45833
-22637,754,45839
-22636,753,45841
-22635,745,45843
-22632,737,45847
-22629,726,45852
-22628,725,45854
-22627,718,45857
-22625,711,45860
-22622,700,45865
-22621,699,45866
-22620,693,45869
-22618,687,45872
-22615,675,45877
-22615,676,45877
-22613,669,45880
-22611,664,45883
-22609,655,45887
-22608,652,45888
-22607,647,45890
-22605,642,45893
-22603,635,45897
-22602,630,45898
-22601,626,45900
-22600,622,45902
-22598,616,45905
-22597,610,45907
-22595,607,45909
-22595,604,45911
-22593,598,45913
-22591,592,45916
-22591,589,45917
-22590,586,45919
-22589,582,45921
-22587,575,45924
-22586,573,45925
-22586,571,45926
-22585,567,45927
-25741,853,52364
-22583,560,45930
-22582,558,45931
-22582,556,45932
-22581,554,45933
-22579,546,45936
-22579,545,45937
-22579,544,45937
-22578,542,45938
-22576,535,45941
-22576,532,45942
-22576,533,45942
-22576,534,45942
-22574,525,45945
-22574,524,45946
-22574,525,45946
-22574,524,45946
-22572,517,45949
-22572,518,45949
-22572,518,45949
-22572,517,45949
-22571,512,45951
-22571,512,45951
-22571,512,45951
-22571,512,45951
-22570,509,45952
-22570,509,45952
-22570,509,45952
-22570,509,45952
-22570,509,45952
-22570,509,45952
-22570,509,45952
-22570,509,45952
-22570,509,45952
-22570,509,45952
-22570,509,45952
-22570,509,45952
-22570,509,45952
-22570,509,45952
-22570,509,45952
-22570,509,45952
-22570,509,45952
-22570,509,45952
-22570,509,45952
-22570,509,45952
-22570,509,45952
-22570,509,45952
-22570,509,45952
-22570,509,45952
-22570,509,45952
-22570,509,45952
-22570,509,45952
-22570,509,45952
-22570,509,45952
-22570,509,45952
-22570,509,45952
-22570,509,45952
-22570,509,45952
-22570,509,45952
-22570,509,45952
-22570,509,45952
-22570,509,45952
-22570,509,45952
-22570,509,45952
-22570,509,45952
-22570,509,45952
-22570,509,45952
-22570,509,45952
-22570,509,45952
-22570,509,45952
-22570,509,45952
-22570,509,45952
-22570,509,45952
-22570,509,45952
-22570,509,45952
-22570,509,45952
-22570,509,45952
-22570,509,45952
-22570,509,45952
-22570,509,45952
-22570,509,45952
-22570,509,45952
-22570,509,45952
-22570,509,45952
-22570,509,45952
-22570,509,45952
-22570,509,45952
-22570,509,45952
-22570,509,45952
-22570,509,45952
-22570,509,45952
-22570,509,45952
-22570,509,45952
-22570,509,45952
-22570,509,45952
-22570,509,45952
-22570,509,45952
-22570,509,45952
-22570,509,45952
-22570,509,45952
-22570,509,45952
-22570,509,45952
-22570,509,45952
-22570,509,45952
-22570,509,45952
-22570,509,45952
-22570,509,45952
-22570,509,45952
-22570,509,45952
-22570,509,45952
-22570,509,45952
-22570,509,45952
-22570,509,45952
-22570,509,45952
-22570,509,45952
-22570,509,45952
-22570,509,45952
-22570,509,45952
-22570,509,45952
-22570,509,45952
-22570,509,45952
-22570,509,45952
-22570,509,45952
-22570,509,45952
-22570,509,45952
-22570,509,45952
-22570,509,45952
-22570,509,45952
-22570,509,45952
-22570,509,45952
-22570,509,45952
-22570,509,45952
-22570,509,45952
-22570,509,45952
-22570,509,45952
-22570,509,45952
-22570,509,45952
-22570,509,45952
-22570,509,45952
-22570,509,45952
-22570,509,45952
-22570,509,45952
-22570,509,45952
-22570,509,45952
-22570,509,45952
-22570,509,45952
-22570,509,45952
-22570,509,45952
-22570,509,45952
-22570,509,45952
-22570,509,45952
-22570,509,45952
-22570,509,45952
-22570,509,45952
-22570,509,45952
-22570,509,45952
-22570,509,45952
-22570,509,45952
-22570,509,45952
-22570,509,45952
-22570,509,45952
-22570,509,45952
-22570,509,45952
-22570,509,45952
-22570,509,45952
-22570,509,45952
-22570,509,45952
-22570,509,45952
-22570,509,45952
-22570,509,45952
-22570,509,45952
-22570,509,45952
-22570,509,45952
-22570,509,45952
-22570,509,45952
-22570,509,45952
-22570,509,45952
-22570,509,45952
-22570,509,45952
-22570,509,45952
-22570,509,45952
-22570,509,45952
-22570,509,45952
-22570,509,45952
-22570,509,45952
-22570,509,45952
-22570,509,45952
-22570,509,45952
-22570,509,45952
-22570,509,45952
-22570,509,45952
-22570,509,45952
-22570,509,45952
-22570,509,45952
-22570,509,45952
-22570,509,45952
-22570,509,45952
-22570,509,45952
-22570,509,45952
-22570,509,45952
-22570,509,45952
-22570,509,45952
-22570,509,45952
-22570,509,45952
-22570,509,45952
-22570,509,45952
-22570,509,45952
-22570,509,45952
-22570,509,45952
-22570,509,45952
-22570,509,45952
-22570,509,45952
-22570,509,45952
-22570,509,45952
-22570,509,45952
-22570,509,45952
-22570,509,45952
-22570,509,45952
-22570,509,45952
-22570,509,45952
-22570,509,45952
-22570,509,45952
-22570,509,45952
-22570,509,45952
-22570,509,45952
-22570,509,45952
-22570,509,45952
-22570,509,45952
-22570,509,45952
-22570,509,45952
-22570,509,45952
-22570,509,45952
-22570,509,45952
-22570,509,45952
-22570,509,45952
-22570,509,45952
-22570,509,45952
-22570,509,45952
-22570,509,45952
-22570,509,45952
-22570,509,45952
-22570,509,45952
-22570,509,45952
-22570,509,45952
-22570,509,45952
-22570,509,45952
-22570,509,45952
-22570,509,45952
-22570,509,45952
-22570,509,45952
-22570,509,45952
-22570,509,45952
-22570,509,45952
-22570,509,45952
-22570,509,45952
-22570,509,45952
-22570,509,45952
-22570,509,45952
-22570,509,45952
-22570,509,45952
-22570,509,45952
-22570,509,45952
-22570,509,45952
-22570,509,45952
-22570,509,45952
-22570,509,45952
-22570,509,45952
-22570,509,45952
-22570,509,45952
-22570,509,45952
-22570,509,45952
-22570,509,45952
-22570,509,45952
-22570,509,45952
-22570,509,45952
-22570,509,45952
-22570,509,45952
-22570,509,45952
-22570,509,45952
-22570,509,45952
-22570,509,45952
-22570,509,45952
-22570,509,45952
-22570,509,45952
-22570,509,45952
-22570,509,45952
-22570,509,45952
-22570,509,45952
-22570,509,45952
-22570,509,45952
-22570,509,45952
-22570,509,45952
-22570,509,45952
-22570,509,45952
-22570,509,45952
-22570,509,45952
-22570,509,45952
-22570,509,45952
-22570,509,45952
-22570,509,45952
-22570,509,45952
-22570,509,45952
-22570,509,45952
-22570,509,45952
-22570,509,45952
-22570,509,45952
-22570,509,45952
-22570,509,45952
-22570,509,45952
-22570,509,45952
-22570,509,45952
-22570,509,45952
-22570,509,45952
-22570,509,45952
-22570,509,45952
-22570,509,45952
-22570,509,45952
-22570,509,45952
-22570,509,45952
-22570,509,45952
-22570,509,45952
-22570,509,45952
-22570,509,45952
-22570,509,45952
-22570,509,45952
-22570,509,45952
-22570,509,45952
-22570,509,45952
-22570,509,45952
-22570,509,45952
-22570,509,45952
-22570,509,45952
-22570,509,45952
-22570,509,45952
-22570,509,45952
-22570,509,45952
-22570,509,45952
-22570,509,45952
-22570,509,45952
-22570,509,45952
-22570,509,45952
-22570,509,45952
-22570,509,45952
-22570,509,45952
-22570,509,45952
-22570,509,45952
-22570,509,45952
-22570,509,45952
-22570,509,45952
-22570,509,45952
-22570,509,45952
-22570,509,45952
-22570,509,45952
-22570,509,45952
-22570,509,45952
-22570,509,45952
-22570,509,45952
-22570,509,45952
-22570,509,45952
-22570,509,45952
-22570,509,45952
-22570,509,45952
-22570,509,45952
-22570,509,45952
-22570,509,45952
-22570,509,45952
-22570,509,45952
-22570,509,45952
-22570,509,45952
-22570,509,45952
-22570,509,45952
-22570,509,45952
-22570,509,45952
-22570,509,45952
-22570,509,45952
-22570,509,45952
-22570,509,45952
-22570,509,45952
-22570,509,45952
-22570,509,45952
-22570,509,45952
-22570,509,45952
-22570,509,45952
-22570,509,45952
-22570,509,45952
-22570,509,45952
-22570,509,45952
-22570,509,45952
-22570,509,45952
-22570,509,45952
-22570,509,45952
-22570,509,45952
-22570,509,45952
-22570,509,45952
-22570,509,45952
-22570,509,45952
-22570,509,45952
-22570,509,45952
-22570,509,45952
-22570,509,45952
-22570,509,45952
-22570,509,45952
-22570,509,45952
-22570,509,45952
-22570,509,45952
-22570,509,45952
-22570,509,45952
-22570,509,45952
-22570,509,45952
-22570,509,45952
-22570,509,45952
-22570,509,45952
-22570,509,45952
-22570,509,45952
-22570,509,45952
-22570,509,45952
-22570,509,45952
-22570,509,45952
-22570,509,45952
-22570,509,45952
-22570,509,45952
-22570,509,45952
-22570,509,45952
-22570,509,45952
-22570,509,45952
-22570,509,45952
-22570,509,45952
-22570,509,45952
-22570,509,45952
-22570,509,45952
-22570,509,45952
-22570,509,45952
-22570,509,45952
-22570,509,45952
-22570,509,45952
-22570,509,45952
-22570,509,45952
-22570,509,45952
-22570,509,45952
-22570,509,45952
-22570,509,45952
-22570,509,45952
-22570,509,45952
-22570,509,45952
-22570,509,45952
-22570,509,45952
-22570,509,45952
-22570,509,45952
-22570,509,45952
-22570,509,45952
-22570,509,45952
-22570,509,45952
-22570,509,45952
-22570,509,45952
-22570,509,45952
-22570,509,45952
-22570,509,45952
-22570,509,45952
-22570,509,45952
-22570,509,45952
-22570,509,45952
-22570,509,45952
-22570,509,45952
-22570,509,45952
-22570,509,45952
-22570,509,45952
-22570,509,45952
-22570,509,45952
-22570,509,45952
-22570,509,45952
-22570,509,45952
-22570,509,45952
-22570,509,45952
-22570,509,45952
-22570,509,45952
-22570,509,45952
-22570,509,45952
-22570,509,45952
-22570,509,45952
-22570,509,45952
-22570,509,45952
-22570,509,45952
-22570,509,45952
-22570,509,45952
-22570,509,45952
-22570,509,45952
-22570,509,45952
-22570,509,45952
-22570,509,45952
-22570,509,45952
-22570,509,45952
-22570,509,45952
-22570,509,45952
-22570,509,45952
-22570,509,45952
-22570,509,45952
-22570,509,45952
-22570,509,45952
-22570,509,45952
-22570,509,45952
-22570,509,45952
-22570,509,45952
-22570,509,45952
-22570,509,45952
-22570,509,45952
-22570,509,45952
-22570,509,45952
-22570,509,45952
-22570,509,45952
-22570,509,45952
-22570,509,45952
-22570,509,45952
-22570,509,45952
-22570,509,45952
-22570,509,45952
-22570,509,45952
-22570,509,45952
-22570,509,45952
-22570,509,45952
-22570,509,45952
-22570,509,45952
-22570,509,45952
-22570,509,45952
-22570,509,45952
-22570,509,45952
-22570,509,45952
-22570,509,45952
-22570,509,45952
-22570,509,45952
-22570,509,45952
-22570,509,45952
-22570,509,45952
-22570,509,45952
-22570,509,45952
-22570,509,45952
-22570,509,45952
-22570,509,45952
-22570,509,45952
-22570,509,45952
-22570,509,45952
-22570,509,45952
-22570,509,45952
-22570,509,45952
-22570,509,45952
-22570,509,45952
-22570,509,45952
-22570,509,45952
-22570,509,45952
-22570,509,45952
-22570,509,45952
-22570,509,45952
-22570,509,45952
-22570,509,45952
-22570,509,45952
-22570,509,45952
-22570,509,45952
-22570,509,45952
-22570,509,45952
-22570,509,45952
-22570,509,45952
-22570,509,45952
-22570,509,45952
-22570,509,45952
-22570,509,45952
-22570,509,45952
-22570,509,45952
-22570,509,45952
-22570,509,45952
-22570,509,45952
-22570,509,45952
-22570,509,45952
-22570,509,45952
-22570,509,45952
-22570,509,45952
-22570,509,45952
-22570,509,45952
-22570,509,45952
-22570,509,45952
-22570,509,45952
-22570,509,45952
-22570,509,45952
-22570,509,45952
-22570,509,45952
-22570,509,45952
-22570,509,45952
-22570,509,45952
-22570,509,45952
-22570,509,45952
-22570,509,45952
-22570,509,45952
-22570,509,45952
-22570,509,45952
-22570,509,45952
-22570,509,45952
-22570,509,45952
-22570,509,45952
-22570,509,45952
-22570,509,45952
-22570,509,45952
-22570,509,45952
-22570,509,45952
-22570,509,45952
-22570,509,45952
-22570,509,45952
-22570,509,45952
-22570,509,45952
-22570,509,45952
-22570,509,45952
-22570,509,45952
-22570,509,45952
-22570,509,45952
-22570,509,45952
-22570,509,45952
-22570,509,45952
-22570,509,45952
-22570,509,45952
-22570,509,45952
-22570,509,45952
-22570,509,45952
-22570,509,45952
-22570,509,45952
-22570,509,45952
-22570,509,45952
-22570,509,45952
-22570,509,45952
-22570,509,45952
-22570,509,45952
-22570,509,45952
-22570,509,45952
-22570,509,45952
-22570,509,45952
-22570,509,45952
-22570,509,45952
-22570,509,45952
-22570,509,45952
-22570,509,45952
-22570,509,45952
-22570,509,45952
-22570,509,45952
-22570,509,45952
-22570,509,45952
-22570,509,45952
-22570,509,45952
-22570,509,45952
-22570,509,45952
-22570,509,45952
-22570,509,45952
-22570,509,45952
-22570,509,45952
-22570,509,45952
-22570,509,45952
-22570,509,45952
-22570,509,45952
-22570,509,45952
-22570,509,45952
-22570,509,45952
-22570,509,45952
-22570,509,45952
-22570,509,45952
-22570,509,45952
-22570,509,45952
-22570,509,45952
-22570,509,45952
-22570,509,45952
-22570,509,45952
-22570,509,45952
-22570,509,45952
-22570,509,45952
-22570,509,45952
-22570,509,45952
-22570,509,45952
-22570,509,45952
-22570,509,45952
-22570,509,45952
-22570,509,45952
-22570,509,45952
-22570,509,45952
-22570,509,45952
-22570,509,45952
-22570,509,45952
-22570,509,45952
-22570,509,45952
-22570,509,45952
-22570,509,45952
-22570,509,45952
-22570,509,45952
-22570,509,45952
-22570,509,45952
-22570,509,45952
-22570,509,45952
-22570,509,45952
-22570,509,45952
-22570,509,45952
-22570,509,45952
-22570,509,45952
-22570,509,45952
-22570,509,45952
-22570,509,45952
-22570,509,45952
-22570,509,45952
-22570,509,45952
-22570,509,45952
-22570,509,45952
-22570,509,45952
-22570,509,45952
-22570,509,45952
-22570,509,45952
-22570,509,45952
-22570,509,45952
-22570,509,45952
-22570,509,45952
-22570,509,45952
-22570,509,45952
-22570,509,45952
-22570,509,45952
-22570,509,45952
-22570,509,45952
-22570,509,45952
-22570,509,45952
-22570,509,45952
-22570,509,45952
-22570,509,45952
-22570,509,45952
-22570,509,45952
-22570,509,45952
-22570,509,45952
-22570,509,45952
-22570,509,45952
-22570,509,45952
-22570,509,45952
-22570,509,45952
-22570,509,45952
-22570,509,45952
-22570,509,45952
-22570,509,45952
-22570,509,45952
-22570,509,45952
-22570,509,45952
-22570,509,45952
-22570,509,45952
-22570,509,45952
-22570,509,45952
-22570,509,45952
-22570,509,45952
-22570,509,45952
-22570,509,45952
-22570,509,45952
-22570,509,45952
-22570,509,45952
-22570,509,45952
-22570,509,45952
-22570,509,45952
-22570,509,45952
-25725,768,52425
-25712,686,52483
-25700,609,52536
-25691,538,52585
-25685,474,52628
-26048,886,53594
-26060,863,53622
-26073,840,53650
-26085,816,53677
-26097,793,53705
-26110,770,53733
-26122,746,53761
-26135,723,53789
-26147,700,53817
-26159,676,53845
-26172,653,53873
-26184,630,53901
-26196,606,53929
-26209,583,53957
-26221,560,53985
-26234,536,54012
-26246,513,54040
-26258,490,54068
-26258,490,54068
-12963,396,27569
-12818,312,27362
-12858,257,27453
-12858,257,27453
-12748,237,27312
-12748,237,27312
-25681,418,52667
-25680,371,52700
-25681,330,52730
-25684,295,52756
-25689,267,52779
-25696,246,52799
-25703,229,52817
-25711,212,52835
-25719,195,52854
-25727,178,52872
-25735,161,52890
-25743,144,52908
-25751,127,52926
-25758,110,52945
-25766,93,52963
-25774,76,52981
-25782,59,52999
-25790,42,53017
-25798,25,53035
-25805,8,53054
-11239,84,26671
13928,-154,-154072
13917,-168,-154039
13884,-8,-153880
