-23501,-368,48536
-23503,-372,48540
-23500,-365,48532
-23499,-362,48528
-23496,-355,48520
-23498,-359,48524
-23495,-352,48516
-23491,-342,48504
-23492,-346,48508
-23494,-349,48512
-23488,-336,48496
-23490,-339,48500
-23487,-332,48492
-23484,-326,48484
-23486,-329,48488
-23483,-323,48480
-23480,-316,48472
-23482,-319,48476
-23479,-313,48468
-23478,-310,48464
-23475,-303,48456
-23477,-306,48460
-23474,-300,48452
-23471,-293,48444
-23473,-296,48448
-23470,-290,48440
-23467,-283,48432
-23469,-287,48436
-23466,-280,48428
-23463,-273,48420
-23465,-277,48424
-23459,-264,48408
-23462,-270,48416
-23458,-260,48404
-23461,-267,48412
-23457,-257,48400
-23456,-251,48395
-23462,-223,48379
-23476,-180,48350
-26007,-219,53525
-26000,-203,53507
-25992,-187,53490
-25977,-155,53455
-25985,-171,53472
-25970,-139,53438
-25962,-123,53420
-25955,-107,53403
-25947,-91,53385
-25940,-75,53368
-25932,-59,53350
-25925,-43,53333
-25917,-27,53316
-25910,-11,53298
-23496,-131,48310
-23522,-86,48259
-23555,-51,48199
-23594,-29,48127
-23639,-2,48042
8424,87,-145189
12134,44,-150893
13149,134,-152296
13404,0,-152666
13707,0,-153250
13744,32,-153375
13748,98,-153370
13044,257,-152130
8243,422,-144859
9873,516,-147403
12447,684,-151226
-2978,-227,20372
4397,331,-138570
9493,839,-146763
10972,1017,-149010
12044,1167,-150554
11334,1308,-149495
9339,1147,-146470
11349,1678,-149429
5870,1117,-140911
-2877,-565,20551
4194,870,-138154
8580,1954,-145117
5465,1647,-140148
6977,2107,-142528
-2782,-885,20718
8122,2793,-144195
7350,2749,-142979
5296,2159,-139767
-2697,-1173,20868
7373,3509,-142817
-2624,-1409,20994
-2563,-1594,21096
-2512,-1744,21181
-2466,-1875,21256
4495,3431,-138146
-2425,-1993,21323
-2388,-2100,21384
-2355,-2194,21438
-2326,-2278,21486
-2300,-2351,21529
-2277,-2415,21567
1723,1844,-133756
-2257,-2470,21600
-2240,-2519,21630
-2224,-2563,21656
-2209,-2604,21681
4014,4751,-136989
-2195,-2643,21704
-2182,-2681,21726
2841,3477,-135344
-2170,-2718,21747
-2158,-2753,21766
-2147,-2787,21784
-2137,-2819,21801
-2128,-2850,21817
-2119,-2879,21832
-2111,-2905,21845
-2104,-2929,21856
-2098,-2951,21867
-2093,-2971,21876
3218,4554,-135708
-2088,-2987,21883
-2085,-3001,21889
-2082,-3012,21894
-2080,-3019,21897
-2079,-3023,21899
-2079,-3024,21899
-2079,-3024,21899
-2079,-3024,21899
-2079,-3024,21899
-2079,-3024,21899
-2079,-3024,21899
-2079,-3024,21899
-2079,-3024,21899
-2079,-3024,21899
-2079,-3024,21899
-2079,-3024,21899
-2079,-3024,21899
-2079,-3024,21899
-2079,-3024,21899
-2079,-3024,21899
-2079,-3024,21899
-2079,-3024,21899
-2079,-3024,21899
-2079,-3024,21899
-2079,-3024,21899
-2079,-3024,21899
-2079,-3024,21899
-2079,-3024,21899
-2079,-3024,21899
-2079,-3024,21899
-2079,-3024,21899
-2079,-3024,21899
-2079,-3024,21899
-2079,-3024,21899
-2079,-3024,21899
-2079,-3024,21899
-2079,-3024,21899
-2079,-3024,21899
-2079,-3024,21899
-2079,-3024,21899
-2079,-3024,21899
-2079,-3024,21899
-2079,-3024,21899
-2079,-3024,21899
-2079,-3024,21899
-2079,-3024,21899
-2079,-3024,21899
-2079,-3024,21899
-2079,-3024,21899
-2079,-3024,21899
-2079,-3024,21899
-2079,-3024,21899
-2079,-3024,21899
-2079,-3024,21899
-2079,-3024,21899
-2079,-3024,21899
-2079,-3024,21899
-2079,-3024,21899
-2079,-3024,21899
-2079,-3024,21899
-2079,-3024,21899
-2079,-3024,21899
-2079,-3024,21899
-2079,-3024,21899
-2079,-3024,21899
-2079,-3024,21899
-2079,-3024,21899
-2079,-3024,21899
-2079,-3024,21899
-2079,-3024,21899
-2079,-3024,21899
-2079,-3024,21899
-2079,-3024,21899
-2079,-3024,21899
-2079,-3024,21899
-2079,-3024,21899
-2079,-3024,21899
-2079,-3024,21899
-2079,-3024,21899
-2079,-3024,21899
-2079,-3024,21899
-2079,-3024,21899
-2079,-3024,21899
-2079,-3024,21899
-2079,-3024,21899
-2079,-3024,21899
-2079,-3024,21899
-2079,-3024,21899
-2079,-3024,21899
-2079,-3024,21899
-2079,-3024,21899
-2079,-3024,21899
-2079,-3024,21899
-2079,-3024,21899
-2079,-3024,21899
-2079,-3024,21899
-2079,-3024,21899
-2079,-3024,21899
-2079,-3024,21899
-2079,-3024,21899
-2079,-3024,21899
-2079,-3024,21899
-2079,-3024,21899
-2079,-3024,21899
-2079,-3024,21899
-2079,-3024,21899
-2079,-3024,21899
-2079,-3024,21899
-2079,-3024,21899
-2079,-3024,21899
-2079,-3024,21899
-2079,-3024,21899
-2079,-3024,21899
-2079,-3024,21899
-2079,-3024,21899
-2079,-3024,21899
-2079,-3024,21899
-2079,-3024,21899
-2079,-3024,21899
-2079,-3024,21899
-2079,-3024,21899
-2079,-3024,21899
-2079,-3024,21899
-2079,-3024,21899
-2079,-3024,21899
-2079,-3024,21899
-2079,-3024,21899
-2079,-3024,21899
-2079,-3024,21899
-2079,-3024,21899
-2079,-3024,21899
-2079,-3024,21899
-2079,-3024,21899
-2079,-3024,21899
-2079,-3024,21899
-2079,-3024,21899
-2079,-3024,21899
-2079,-3024,21899
-2079,-3024,21899
-2079,-3024,21899
-2079,-3024,21899
-2079,-3024,21899
-2079,-3024,21899
-2079,-3024,21899
-2079,-3024,21899
-2079,-3024,21899
-2079,-3024,21899
-2079,-3024,21899
-2079,-3024,21899
-2079,-3024,21899
-2079,-3024,21899
-2079,-3024,21899
-2079,-3024,21899
-2079,-3024,21899
-2079,-3024,21899
-2079,-3024,21899
-2079,-3024,21899
-2079,-3024,21899
-2079,-3024,21899
-2079,-3024,21899
-2079,-3024,21899
-2079,-3024,21899
-2079,-3024,21899
-2079,-3024,21899
-2079,-3024,21899
-2079,-3024,21899
-2079,-3024,21899
-2079,-3024,21899
-2079,-3024,21899
-2079,-3024,21899
-2079,-3024,21899
-2079,-3024,21899
-2079,-3024,21899
-2079,-3024,21899
-2079,-3024,21899
-2079,-3024,21899
-2079,-3024,21899
-2079,-3024,21899
-2079,-3024,21899
-2079,-3024,21899
-2079,-3024,21899
-2079,-3024,21899
-2079,-3024,21899
-2079,-3024,21899
-2079,-3024,21899
-2079,-3024,21899
-2079,-3024,21899
3239,5782,-135386
1292,2626,-132856
228,614,-131315
1108,3390,-132371
267,5223,-130444
2,1400,-130801
-234,7125,-129012
-1034,8520,-127159
-1056,6721,-127685
-1438,5112,-127448
-5449,11722,-118138
-4625,9910,-120261
-4105,7326,-122010
-5475,9249,-118910
-3225,4837,-124280
-10002,15400,-108314
-9159,13106,-110737
-5577,7484,15673
-5577,7484,15673
-14665,19699,-97629
-5684,7502,15771
-5401,7017,15998
-5875,7512,16033
-5228,6550,16316
-3025,3776,-124886
-19459,24483,-86140
-6154,7526,16462
-5058,6088,16627
-5864,7010,-118839
-10037,12139,-109383
-13828,16749,-100425
-24235,29289,-74217
-6493,7549,17004
-4892,5628,16930
-28733,33284,-62677
-10800,12047,21794
-10682,11972,21747
-10567,11896,21701
-10453,11821,21655
-10342,11747,21609
-10232,11672,21563
-10125,11598,21518
-10018,11522,21471
-9837,11266,21281
-9550,10766,20888
-8622,9742,-112845
-18611,20946,-89280
-11684,12584,22126
-11551,12507,22078
-11420,12429,22030
-11292,12352,21982
-11165,12276,21935
-11041,12199,21887
-10920,12123,21840
-9160,10047,20291
-6835,7565,17542
-4730,5171,17226
-23469,25386,-77509
-32445,35696,-52363
-12688,13141,22471
-12536,13060,22421
-12388,12979,22371
-12242,12899,22321
-12099,12819,22272
-11958,12740,22223
-11820,12662,22174
-8718,9217,19587
-7353,7617,18285
-7137,7588,17996
-4480,4643,12713
-4207,4400,13188
-3939,4149,13651
-3678,3888,14101
-3425,3619,14535
-3182,3348,14950
-2955,3098,15334
-2748,2877,15682
-2560,2685,15992
-2387,2501,16276
-2227,2319,16537
-867,900,18771
-833,867,18829
-2568,2698,-125940
-14741,15400,-99101
-28122,29302,-65825
-35299,36822,-43495
-40449,40541,3030
-40293,40611,4474
-40130,40675,5849
-39965,40700,7164
-39799,40680,8416
-39635,40639,9625
-39469,40574,10785
-39304,40473,11897
-39142,40348,12973
-38977,40207,14004
-38813,40054,15004
-38653,39888,15978
-38491,39689,16902
-38333,39476,17797
-38177,39254,18665
-38023,39022,19505
-37871,38781,20312
-37724,38519,21084
-37588,38219,21825
-37456,37905,22521
-37329,37582,23194
-37207,37255,23852
-13486,13558,22728
-13321,13474,22676
-13158,13390,22624
-12998,13306,22573
-12841,13223,22522
-8304,8442,18927
-5039,5103,11732
-7583,7629,18342
-7543,7638,18395
-7491,7638,18421
-4757,4877,12227
-4571,4717,17516
-2080,2139,16778
-1943,1963,17001
-943,945,18644
-904,926,18710
-801,828,18881
-772,786,18930
-37354,37364,-35977
-40578,40500,1478
-37089,36926,24497
-36973,36598,25123
-36860,36274,25732
-36750,35948,26329
-36644,35623,26915
-14547,14071,23051
-14362,13985,22996
-14180,13899,22941
-14002,13813,22887
-13827,13728,22834
-13655,13643,22781
-5897,5733,10206
-5609,5531,10721
-5323,5321,11230
-7995,7914,18466
-7795,7626,18215
-7706,7566,18179
-7664,7593,18234
-7623,7614,18288
-4415,4265,17798
-1818,1794,17205
-984,956,18574
-746,742,18974
-19572,19108,-88031
-32214,32031,-55032
-38713,38009,-29581
-39613,38693,-24027
-40141,38977,-19329
-40550,39303,-15037
-40837,39658,-11151
-40960,40048,-7746
-40957,40056,-7654
-40894,40208,-5704
-40825,40336,-3805
-40751,40422,-1970
-40672,40468,-201
-40671,38084,7382
-40543,38117,8268
-40416,38139,9133
-40286,38144,9969
-40158,38140,10788
-40029,38127,11586
-39902,38085,12360
-39772,38033,13107
-39645,37971,13843
-39517,37904,14560
-39391,37828,15264
-39262,37747,15945
-39137,37659,16615
-39012,37549,17262
-38888,37433,17898
-38764,37317,18512
-38640,37198,19112
-38519,37072,19701
-38398,36948,20274
-38280,36818,20836
-38163,36684,21382
-38049,36544,21919
-37938,36398,22447
-37831,36241,22963
-37729,36068,23465
-37630,35883,23945
-37537,35681,24412
-37448,35470,24869
-37362,35255,25318
-37277,35039,25760
-37194,34827,26192
-36467,35101,27341
-36273,34519,27700
-36089,33929,28051
-6476,6115,9163
-15526,14500,23335
-15323,14415,23277
-15123,14329,23220
-14927,14243,23163
-6186,5928,9687
-14735,14157,23107
-1704,1636,17391
-1028,959,18501
-723,696,19014
-13283,12470,-102949
-24462,23075,-76331
-35348,33295,-45727
-41422,37506,1471
-41297,37642,2527
-41173,37763,3555
-41049,37871,4557
-40924,37966,5530
-40799,38041,6476
-37081,34539,26554
-36938,34157,26842
-36799,33769,27124
-36663,33380,27400
-35740,33070,28986
-35387,32171,29926
-7344,6636,7575
-7055,6469,8107
-6766,6296,8636
-16378,14837,23575
-16159,14754,23514
-15944,14670,23454
-15733,14585,23394
-1600,1490,17560
-1506,1361,17712
-702,650,19049
-29149,26530,-64739
-37545,33855,-37953
-41542,37352,377
-40622,35359,12387
-40486,35352,13111
-40350,35336,13819
-40212,35314,14507
-40075,35287,15184
-39939,35256,15847
-39803,35221,16493
-39667,35184,17122
-39532,35129,17732
-39400,35062,18331
-39270,34989,18920
-39141,34912,19494
-39015,34829,20060
-38891,34740,20618
-38770,34645,21166
-38651,34546,21702
-38534,34445,22224
-38420,34338,22738
-38308,34226,23242
-38199,34109,23739
-38092,33991,24224
-37986,33873,24697
-37884,33749,25163
-37776,33591,25599
-37622,33296,25918
-37476,32983,26226
-37335,32653,26523
-8081,7174,6018
-36423,32788,27451
-36176,32189,27477
-8038,7145,6116
-35933,31606,27498
-7995,7113,6213
-35694,31037,27517
-7954,7080,6309
-7913,7045,6403
-7872,7009,6497
-7831,6974,6589
-7791,6938,6681
-7751,6903,6772
-35028,31235,30868
-7711,6869,6862
-7672,6834,6952
-7633,6800,7041
-7633,6800,7041
-34663,30266,31809
-16878,14945,23745
-16601,14921,23637
-4262,3816,18074
-1422,1250,17849
-1118,973,18351
-1072,963,18428
-684,605,19079
-10434,9173,-109518
-39010,34424,-31394
-40005,35077,-25676
-40656,35426,-20760
-41578,36247,-9035
-41688,36626,-5799
-41780,36982,-2755
-41737,37055,-1984
-41649,37192,-772
-41563,35048,6777
-41431,35129,7641
-41298,35196,8482
-41163,35251,9299
-41029,35296,10102
-40894,35333,10886
-40758,35358,11648
-37092,32106,26598
-36833,31536,26628
-36578,30983,26655
-35459,30481,27532
-35229,29940,27543
-35002,29411,27552
-34294,29257,32752
-1347,1157,17972
-1280,1085,18082
-1220,1031,18180
-1167,995,18269
-668,564,19105
-7703,6502,-115494
-18087,15518,-92317
-33226,28866,-54051
-41094,35633,-16439
-41435,35906,-12475
-42235,34329,1810
-42204,34372,2061
-42079,34537,3057
-41952,34691,4028
-41825,34834,4975
-41695,34955,5892
-39851,32315,19262
-39669,32260,20036
-39492,32194,20795
-39318,32119,21537
-39148,32045,22255
-38982,31964,22955
-38819,31884,23631
-38648,31761,24268
-38422,31463,24767
-38205,31147,25254
-37758,30624,26367
-36328,30446,26678
-36081,29926,26698
-35837,29421,26714
-8277,6839,6218
-35598,28932,26727
-34778,28894,27558
-34558,28390,27561
-34342,27898,27562
-33921,28215,33695
-17642,14422,24300
-4114,3371,18343
-23016,18909,-80958
-36253,29946,-44930
-41214,32288,13230
-41011,32338,14156
-40809,32375,15056
-40611,32396,15940
-40416,32404,16806
-40223,32402,17649
-40035,32364,18466
-37306,30042,27480
-35361,28459,26736
-35129,28001,26742
-34899,27557,26745
-36851,29401,28594
-34725,27141,26849
-34147,27549,27632
-34029,27290,27865
-36394,28695,29703
-33947,27042,28162
-33865,26796,28456
-33785,26549,28746
-33546,27143,34633
-33170,26049,35564
-656,527,19125
-27865,22202,-69288
-38397,30401,-37286
-39689,31014,-30980
-42414,33196,-3005
-42341,33798,-480
-42204,31823,8099
-42010,31955,9197
-41813,32065,10256
-41616,32163,11287
-41415,32234,12276
-34612,26741,27065
-34520,26467,27348
-34434,26234,27649
-34307,26014,27862
-34120,25826,27950
-33934,25651,28036
-33750,25491,28118
-33567,25345,28198
-33386,25219,28271
-35939,27911,30801
-33685,26310,28991
-33205,25111,28339
-33512,26103,29086
-33026,25015,28404
-32848,24933,28467
-33340,25908,29179
-32672,24862,28527
-33170,25726,29268
-32497,24804,28584
-33002,25554,29355
-32323,24758,28639
-32151,24723,28691
-32835,25394,29439
-32028,24602,28836
-35487,27047,31884
-32669,25246,29520
-32505,25112,29595
-31947,24403,29057
-32341,24996,29665
-32179,24891,29731
-31866,24205,29275
-32018,24796,29795
-31787,24007,29490
-31858,24710,29856
-31700,24635,29914
-31543,24570,29970
-31388,24514,30023
-31311,24310,30228
-31236,24104,30432
-31163,23899,30634
-31091,23696,30832
-31019,23495,31028
-32794,24932,36485
-647,496,19141
-15149,11599,-99484
-32397,24811,-58087
-40663,31560,-25371
-41325,31852,-20527
-41762,31955,-16310
-42087,32152,-12473
-42228,32432,-9132
-42346,32769,-5958
-42653,31200,4410
-42514,31574,6248
-42396,31675,6970
-40156,29264,20962
-40032,29256,21464
-39910,29244,21959
-39779,29201,22428
-39614,29054,22814
-39452,28900,23195
-39219,28598,23424
-8505,6384,6472
-31709,23811,29702
-35037,26121,32954
-31623,23639,29893
-31527,23498,30059
-31433,23358,30221
-31340,23220,30381
-31248,23084,30538
-31158,22950,30693
-34586,25148,34015
-31069,22817,30844
-30944,23309,31211
-30981,22686,30993
-30855,23163,31362
-30895,22558,31139
-30767,23018,31510
-30810,22431,31282
-30681,22876,31656
-30596,22735,31799
-30513,22596,31939
-30431,22459,32077
-30350,22324,32212
-30270,22191,32344
-30192,22060,32474
-30115,21930,32601
-32418,23797,37395
-3969,2933,18604
-640,473,19152
-35868,26079,-48346
-42884,30238,217
-42777,30748,2397
-41483,29076,15453
-41345,29119,16050
-41207,29160,16635
-41072,29194,17214
-40937,29221,17785
-40804,29238,18343
-40673,29246,18886
-40541,29254,19418
-40411,29262,19939
-40283,29265,20454
-38909,28156,23485
-38602,27741,23541
-38299,27351,23593
-38000,26985,23640
-37704,26641,23682
-37413,26320,23720
-37125,26020,23753
-34684,24295,24887
-34458,24338,24941
-34236,24389,24988
-34017,24449,25029
-33899,24320,25258
-33801,24153,25518
-33704,23985,25775
-33608,23816,26027
-33493,23702,26235
-33379,23589,26438
-33266,23477,26638
-33155,23365,26835
-33046,23253,27029
-32939,23142,27220
-32833,23032,27407
-32728,22923,27592
-30726,22306,31423
-30644,22183,31561
-34136,24135,35064
-30563,22062,31697
-30482,21943,31830
-30403,21825,31961
-30326,21710,32090
-30249,21596,32216
-30173,21484,32341
-30099,21374,32463
-30039,21802,32726
-30025,21275,32578
-29964,21676,32848
-29952,21178,32691
-29891,21552,32968
-29881,21082,32801
-29819,21429,33086
-29810,20988,32910
-29747,21308,33202
-29741,20894,33016
-29677,21189,33315
-29672,20802,33121
-29608,21071,33427
-29540,20955,33536
-29473,20841,33644
-29407,20736,33745
-29341,20635,33843
-29277,20535,33940
-32045,22649,38290
-18956,13350,25356
-637,460,19158
-636,457,19159
-636,457,19159
-636,457,19159
-636,457,19159
-636,457,19159
-636,457,19159
-636,457,19159
-636,457,19159
-636,457,19159
-636,457,19159
-636,457,19159
-636,457,19159
-636,457,19159
-636,457,19159
-636,457,19159
-636,457,19159
-636,457,19159
-636,457,19159
-636,457,19159
-636,457,19159
-636,457,19159
-636,457,19159
-636,457,19159
-636,457,19159
-636,457,19159
-636,457,19159
-636,457,19159
-636,457,19159
-636,457,19159
-636,457,19159
-636,457,19159
-636,457,19159
-636,457,19159
-636,457,19159
-636,457,19159
-636,457,19159
-636,457,19159
-636,457,19159
-636,457,19159
-636,457,19159
-636,457,19159
-636,457,19159
-636,457,19159
-636,457,19159
-636,457,19159
-636,457,19159
-636,457,19159
-636,457,19159
-636,457,19159
-636,457,19159
-636,457,19159
-636,457,19159
-636,457,19159
-636,457,19159
-636,457,19159
-636,457,19159
-636,457,19159
-636,457,19159
-636,457,19159
-636,457,19159
-636,457,19159
-636,457,19159
-636,457,19159
-636,457,19159
-636,457,19159
-636,457,19159
-636,457,19159
-636,457,19159
-636,457,19159
-636,457,19159
-636,457,19159
-636,457,19159
-636,457,19159
-636,457,19159
-636,457,19159
-636,457,19159
-636,457,19159
-636,457,19159
-636,457,19159
-636,457,19159
-636,457,19159
-636,457,19159
-636,457,19159
-636,457,19159
-636,457,19159
-636,457,19159
-636,457,19159
-636,457,19159
-636,457,19159
-636,457,19159
-636,457,19159
-636,457,19159
-636,457,19159
-636,457,19159
-636,457,19159
-636,457,19159
-636,457,19159
-636,457,19159
-636,457,19159
-636,457,19159
-636,457,19159
-636,457,19159
-636,457,19159
-636,457,19159
-636,457,19159
-636,457,19159
-636,457,19159
-636,457,19159
-636,457,19159
-636,457,19159
-636,457,19159
-636,457,19159
-636,457,19159
-636,457,19159
-636,457,19159
-636,457,19159
-636,457,19159
-636,457,19159
-636,457,19159
-636,457,19159
-636,457,19159
-636,457,19159
-636,457,19159
-636,457,19159
-636,457,19159
-636,457,19159
-636,457,19159
-636,457,19159
-636,457,19159
-636,457,19159
-636,457,19159
-636,457,19159
-636,457,19159
-636,457,19159
-636,457,19159
-636,457,19159
-636,457,19159
-636,457,19159
-636,457,19159
-636,457,19159
-636,457,19159
-636,457,19159
-636,457,19159
-636,457,19159
-636,457,19159
-636,457,19159
-636,457,19159
-636,457,19159
-636,457,19159
-636,457,19159
-636,457,19159
-636,457,19159
-636,457,19159
-636,457,19159
-636,457,19159
-636,457,19159
-636,457,19159
-636,457,19159
-636,457,19159
-636,457,19159
-636,457,19159
-636,457,19159
-636,457,19159
-636,457,19159
-636,457,19159
-636,457,19159
-636,457,19159
-636,457,19159
-636,457,19159
-636,457,19159
-636,457,19159
-636,457,19159
-636,457,19159
-636,457,19159
-636,457,19159
-636,457,19159
-636,457,19159
-636,457,19159
-636,457,19159
-636,457,19159
-636,457,19159
-636,457,19159
-636,457,19159
-20009,14291,-88737
-42333,28690,11685
-42189,28772,12335
-42046,28846,12977
-41904,28912,13613
-41762,28974,14233
-41622,29029,14846
-36849,25744,23798
-36705,25511,24095
-36565,25272,24388
-36428,25028,24676
-36184,24823,24739
-35920,24652,24750
-35659,24498,24757
-35401,24361,24761
-35147,24240,24760
-34913,24259,24826
-32625,22815,27773
-32523,22708,27951
-32423,22602,28126
-32324,22497,28298
-32227,22394,28467
-32131,22293,28633
-32037,22192,28797
-31944,22093,28957
-31852,22000,29113
-31761,21914,29263
-31672,21830,29410
-31583,21747,29555
-31496,21665,29698
-31410,21585,29838
-31326,21506,29975
-31242,21428,30111
-31159,21352,30244
-31078,21276,30375
-30998,21201,30503
-30919,21127,30630
-30841,21054,30754
-30764,20981,30876
-30688,20910,30996
-30613,20839,31113
-30539,20770,31229
-30466,20701,31343
-30394,20633,31455
-30323,20566,31565
-30253,20499,31673
-30184,20434,31779
-30116,20370,31884
-30049,20306,31986
-33689,23091,36096
-29983,20243,32087
-29917,20181,32187
-29605,20711,33224
-29538,20622,33325
-29473,20533,33423
-29408,20446,33521
-29345,20359,33616
-29282,20274,33710
-29220,20190,33802
-29214,20437,34035
-29159,20107,33892
-29151,20340,34128
-29099,20026,33980
-29090,20244,34219
-29040,19945,34067
-29029,20150,34309
-28981,19866,34153
-28969,20057,34397
-28923,19787,34237
-28910,19965,34483
-28867,19710,34319
-28852,19875,34568
-28810,19634,34400
-28755,19558,34480
-28795,19786,34651
-28701,19484,34558
-28738,19698,34733
-28647,19411,34635
-28683,19612,34813
-28594,19339,34710
-28628,19527,34892
-28541,19268,34784
-28574,19443,34970
-28520,19361,35046
-28467,19280,35120
-31675,21498,39164
-28415,19199,35194
-7488,5097,-116238
-12326,8383,-106014
-24985,17206,-77337
-38272,26652,-40222
-39757,27245,-33556
-40842,27716,-27742
-42965,29645,-2159
-42935,27925,7671
-42758,28216,9188
-42569,28520,10587
-42477,28591,11019
-34165,22190,24798
-34039,22157,25027
-33915,22123,25253
-33792,22087,25474
-33673,22046,25690
-8738,5858,6728
-33556,22000,25900
-33442,21947,26103
-33332,21885,26300
-33224,21817,26491
-33119,21752,26672
-33016,21688,26848
-32915,21623,27019
-32815,21559,27188
-32716,21495,27354
-32619,21431,27516
-32524,21368,27676
-32430,21306,27833
-32337,21244,27988
-32245,21183,28140
-32155,21122,28289
-32065,21062,28436
-31977,21003,28580
-31891,20944,28722
-31805,20887,28862
-31720,20829,28999
-31637,20773,29134
-31555,20717,29267
-31473,20662,29398
-31393,20608,29527
-31314,20555,29653
-31236,20502,29778
-31159,20450,29901
-31083,20399,30021
-31007,20348,30140
-30933,20299,30257
-30860,20250,30373
-30787,20202,30486
-30716,20155,30598
-30645,20109,30708
-30575,20063,30817
-30506,20017,30923
-30439,19964,31033
-30378,19873,31162
-30318,19783,31289
-30259,19692,31414
-29853,20120,32285
-29789,20060,32381
-29726,20001,32475
-29664,19943,32568
-29602,19885,32660
-29541,19828,32750
-29482,19773,32839
-29424,19706,32932
-33247,22024,37107
-29372,19607,33043
-29320,19509,33152
-29269,19412,33260
-29219,19316,33366
-29169,19220,33471
-29119,19125,33575
-29071,19031,33677
-29022,18937,33779
-28975,18844,33879
-28490,19198,34857
-28439,19129,34929
-28388,19061,34999
-28339,18994,35068
-28364,19121,35266
-28290,18928,35136
-28314,19043,35337
-28241,18863,35203
-28264,18966,35406
-28193,18798,35268
-28214,18891,35474
-28146,18735,35333
-28100,18673,35396
-28166,18817,35541
-28118,18744,35607
-28058,18584,35473
-28071,18672,35672
-28018,18482,35557
-28024,18601,35735
-27979,18380,35641
-27978,18531,35798
-27940,18280,35723
-27932,18462,35859
-31311,20351,40013
-27902,18180,35803
-27887,18394,35919
-27843,18328,35979
-27799,18262,36037
-27756,18197,36094
-27714,18134,36150
-27672,18071,36205
-27630,18009,36260
-3828,2502,18856
-29816,19833,-65824
-41685,28116,-22564
-42196,28142,-18212
-42591,28212,-14272
-42788,28377,-10864
-42925,28620,-7697
-43011,29000,-4741
-43238,27237,4194
-43097,27617,6016
-41242,25809,19772
-41096,25768,20221
-40933,25671,20626
-40748,25517,20974
-35948,22580,22051
-35667,22652,22034
-35470,22579,22175
-35348,22506,22487
-35227,22433,22795
-35100,22377,23084
-34961,22356,23340
-34823,22332,23593
-34688,22307,23842
-34554,22280,24087
-34423,22251,24328
-34293,22221,24565
-30201,19603,31538
-30143,19513,31660
-30086,19424,31780
-30029,19336,31899
-29973,19248,32016
-29918,19160,32132
-29864,19072,32246
-29810,18987,32358
-29757,18910,32465
-29705,18834,32571
-29654,18758,32675
-29603,18683,32778
-29552,18608,32880
-29502,18533,32980
-29453,18459,33079
-29405,18385,33177
-32811,20943,38092
-28927,18752,33977
-28881,18661,34075
-28835,18572,34170
-28790,18492,34261
-28745,18412,34351
-28701,18334,34440
-28657,18255,34528
-28614,18178,34614
-28571,18100,34700
-28529,18024,34784
-28487,17947,34867
-28446,17872,34949
-28405,17796,35031
-27865,18081,35883
-27827,17983,35962
-27791,17885,36040
-27754,17788,36117
-27718,17692,36193
-27594,17909,36335
-27683,17597,36268
-27559,17809,36410
-27648,17503,36342
-27525,17710,36483
-27613,17409,36415
-27491,17611,36556
-27579,17316,36488
-27457,17514,36628
-27545,17229,36557
-27424,17417,36699
-27391,17321,36769
-27358,17226,36838
-27326,17131,36907
-34145,21766,-54999
-43456,26318,95
-43360,26809,2224
-42144,25442,16097
-42010,25519,16643
-41878,25590,17183
-41747,25655,17717
-41618,25713,18245
-41491,25750,18760
-41366,25782,19269
-40413,25084,21016
-40082,24687,21053
-39755,24326,21086
-39430,24000,21116
-39109,23708,21141
-38791,23448,21162
-38476,23220,21179
-38297,23050,21458
-37392,22564,22086
-37097,22519,22086
-36806,22499,22083
-36517,22503,22075
-36231,22530,22065
-32742,19742,26921
-32597,19745,27164
-32457,19735,27396
-32322,19712,27618
-32192,19680,27830
-32065,19643,28035
-31941,19605,28235
-31822,19547,28442
-31713,19436,28673
-31606,19325,28899
-31500,19215,29121
-31397,19104,29339
-31295,18994,29552
-31196,18884,29762
-31098,18786,29962
-31002,18692,30157
-30908,18599,30348
-29356,18312,33273
-29309,18239,33369
-29262,18167,33463
-29215,18095,33556
-29169,18024,33648
-29124,17953,33738
-29079,17882,33828
-29034,17813,33917
-28990,17743,34004
-28947,17674,34091
-28947,17674,34091
-32380,19843,39052
-28365,17721,35111
-28325,17647,35190
-28286,17573,35268
-28286,17573,35268
-28032,16998,35767
-20282,12303,26412
-30949,19188,40846
-27512,17147,36623
-27480,17065,36689
-27447,16984,36754
-27447,16984,36754
-27294,17038,36975
-27263,16945,37041
-27232,16853,37107
-27201,16762,37173
-27171,16671,37237
-27171,16671,37237
-27238,16397,37169
-17094,10481,-95840
-37264,22626,-45828
-42760,24853,12737
-42580,25063,13912
-42405,25275,15032
-42279,25358,15547
-38146,22891,21780
-37989,22735,22077
-37689,22636,22083
-33860,19614,25008
-33691,19636,25302
-33525,19656,25588
-33362,19676,25868
-9016,5247,7064
-33202,19695,26142
-33046,19713,26408
-32892,19730,26669
-30816,18506,30535
-30725,18414,30719
-30636,18322,30899
-30548,18232,31077
-30461,18142,31251
-30376,18052,31421
-30293,17964,31589
-30210,17876,31754
-30129,17788,31916
-30050,17700,32075
-29972,17612,32231
-29895,17524,32383
-29642,17234,32372
-28661,17123,34651
-28380,16567,35197
-31945,18676,40008
-27783,16421,36254
-30583,17982,41674
-26976,16079,37630
-27032,15813,37575
-26785,15501,38009
-22007,12797,-84971
-39298,23202,-38255
-40611,23739,-31910
-41623,24081,-26356
-43554,25146,-4678
-43522,25763,-2202
-43319,24050,8791
-43129,24344,10176
-42943,24616,11493
-34948,19461,23087
-34758,19490,23427
-34571,19517,23759
-34388,19543,24083
-34209,19568,24399
-34033,19591,24707
-28527,16019,31570
-22221,12471,27346
-21609,12351,26957
-21415,12196,26952
-21228,12041,26949
-28102,15995,35735
-21011,11918,26915
-31516,17494,40937
-27537,15838,36730
-27291,15225,37206
-30225,16783,42477
-26830,15233,37971
-26597,14929,38379
-3692,2080,19100
-27009,15202,-73537
-42414,24353,-21417
-42890,24282,-17285
-43246,24288,-13569
-43416,24395,-10358
-43554,24598,-7328
-43677,23394,5693
-43509,23734,7321
-36167,19327,20824
-35955,19353,21223
-35746,19376,21615
-35541,19397,21998
-35340,19415,22372
-35142,19431,22738
-27011,14413,30387
-23508,12608,28351
-27820,15377,36277
-27535,14715,36823
-27040,14567,37687
-26630,14644,38361
-26411,14354,38742
-12095,6589,-106913
-31793,17172,-62221
-43935,22673,1998
-43819,23039,3914
-37961,19721,18399
-37572,19839,18523
-37347,19650,18953
-37101,19517,19327
-36851,19403,19672
-36605,19284,20009
-36383,19299,20416
-13651,6992,13342
-13536,6991,13357
-13423,6990,13371
-13264,6876,13294
-26146,13528,29794
-25943,13307,29810
-24916,12776,29453
-31100,16338,41823
-27255,14046,37357
-26791,13888,38165
-29879,15621,43243
-26426,14027,38755
-26223,13759,39106
-26220,13381,39152
-7004,3678,-117460
-35848,18427,-51932
-42862,20975,15051
-42692,21172,16103
-42530,21352,17126
-42376,21518,18120
-41920,20983,18456
-39470,19253,18598
-38961,19317,18539
-38458,19475,18472
-14248,7001,13272
-14125,6999,13286
-14004,6997,13300
-13885,6995,13314
-13767,6994,13328
-25803,13143,29879
-25643,12978,29926
-30700,15210,42667
-26982,13385,37874
-26548,13215,38628
-29548,14500,43970
-26033,13138,39474
-26015,12722,39547
-16848,8251,-96910
-38588,18951,-43356
-40202,19645,-36355
-44060,21762,-2291
-44015,22246,-73
-43407,20284,11649
-43225,20524,12854
-43040,20762,13970
-41059,19951,17915
-40610,19658,17884
-40191,19443,18065
-39957,19292,18592
-9558,4563,7910
-15025,7017,13185
-14891,7014,13200
-14758,7011,13214
-14628,7008,13229
-14500,7006,13243
-14373,7003,13257
-12866,6247,12766
-26718,12733,38373
-26312,12553,39075
-25842,12497,39843
-25815,12073,39929
-3561,1667,19335
-41413,20065,-30298
-42360,20287,-24999
-43100,20454,-20308
-44072,20660,-7162
-44069,21200,-4671
-43775,19793,9049
-43591,20043,10383
-15728,7034,13110
-15583,7030,13125
-15440,7027,13140
-15300,7023,13155
-15161,7020,13170
-12449,5573,12193
-30317,14115,43468
-26461,12090,38854
-26083,11902,39506
-29232,13425,44658
-25653,11859,40205
-25620,11438,40298
-4333,2013,-122799
-21745,10085,-86229
-26765,12036,-74924
-43547,20303,-16388
-43840,20253,-12951
-44016,20301,-9880
-44304,18825,4513
-44142,19172,6138
-43961,19519,7642
-16488,7054,13030
-16331,7050,13046
-16177,7046,13063
-16025,7042,13078
-15875,7038,13094
-29952,13059,44225
-26213,11455,39317
-25862,11264,39921
-28933,12401,45305
-25470,11235,40553
-25432,10818,40654
-31627,13632,-63613
-44517,18204,834
-44431,18517,2750
-41612,16861,20996
-40973,16834,22512
-40317,16745,24046
-39648,16598,25591
-38968,16393,27137
-17486,7076,12927
-38282,16126,28672
-17313,7072,12945
-17143,7069,12963
-16975,7065,12980
-16810,7061,12997
-16648,7057,13014
-37595,15796,30184
-36905,15398,31679
-36203,14875,33176
-12040,4905,11625
-29607,12048,44936
-25974,10830,39762
-25648,10638,40321
-25293,10626,40890
-25250,10213,40997
-11584,4783,-108319
-35890,14727,-53193
-43011,16615,16970
-42861,16745,17955
-42861,16745,17955
-42833,16750,18025
-42232,16830,19500
-18399,7091,12832
-18210,7088,12852
-18025,7085,12871
-17842,7082,12890
-17663,7079,12909
-10075,3882,8695
-35506,14305,34641
-34820,13703,36063
-25742,10215,40190
-28651,11432,45911
-25441,10025,40705
-25122,10033,41214
-38737,15069,-44559
-40408,15691,-37489
-41672,16100,-31323
-44564,17429,-3460
-44564,17863,-1230
-43680,15931,12727
-43503,16155,13843
-43332,16325,14913
-43168,16477,15955
-19396,7097,12725
-19189,7097,12748
-18986,7096,12769
-18787,7094,12791
-18591,7093,12812
-11453,4231,10714
-34148,13076,37436
-33495,12427,38756
-29282,11087,45601
-25519,9611,40601
-25241,9425,41074
-28386,10533,46468
-25074,9622,41327
-24956,9454,41526
-3434,1264,19561
-16309,6015,-98515
-42656,16302,-25955
-43445,16425,-21223
-43970,16300,-17218
-44299,16151,-13796
-44527,16484,-8221
-44546,16941,-5797
-44232,15236,9120
-44051,15444,10392
-43863,15690,11581
-20487,7089,12604
-20261,7092,12629
-20038,7094,12654
-19820,7096,12679
-19606,7097,12702
-10378,3606,9066
-32865,11760,40016
-28978,10180,46220
-25304,9018,40996
-25049,8838,41429
-24904,9046,41645
-28140,9692,46985
-24796,8891,41826
-21179,7373,-88049
-44486,16128,-10804
-44577,14753,6326
-44408,15014,7765
-21517,7042,12803
-21149,7063,12684
-20795,7083,12568
-20718,7085,12577
-10775,3618,9620
-32260,11081,41211
-31686,10392,42337
-28696,9331,46793
-25098,8437,41374
-24864,8265,41770
-24740,8484,41950
-24641,8342,42116
-26189,8846,-76931
-44987,13908,1486
-44883,14154,3227
-44736,14460,4816
-22709,6974,13180
-22296,6997,13051
-21899,7020,12925
-31146,9695,43386
-24899,7866,41737
-27912,8911,47463
-24686,7704,42097
-24582,7938,42244
-24491,7808,42394
-8813,2708,-114150
-31135,10102,-65613
-35637,11072,-54991
-37704,10932,20230
-23586,6926,13451
-23138,6950,13313
-37046,10842,21696
-36378,10724,23158
-35694,10524,24633
-34994,10245,26114
-34294,9940,27570
-30644,8992,44355
-28435,8541,47323
-24708,7306,42085
-27704,8188,47901
-24515,7156,42411
-24429,7405,42527
-24347,7288,42662
-38665,11275,-46171
-40433,11783,-38984
-41782,12098,-32707
-45000,13029,-4737
-45040,13410,-2504
-45040,13690,-419
-39952,10982,15019
-39952,10982,15019
-43397,11646,17210
-39608,11006,15838
-38988,11015,17291
-38352,10988,18759
-33599,9601,28997
-32912,9230,30387
-32235,8833,31737
-30181,8311,45238
-28195,7811,47810
-24525,6755,42420
-24350,6619,42714
-27513,7521,48305
-24282,6885,42799
-24209,6782,42920
-42832,12259,-27229
-43668,12319,-22433
-44312,12299,-18242
-44685,12045,-14799
-44920,12283,-9398
-44960,12650,-7030
-44026,11123,13098
-43862,11280,14183
-43703,11412,15238
-43546,11536,16236
-40821,10260,15651
-43106,11431,17865
-24647,6250,14146
-31572,8415,33042
-30926,7985,34298
-29757,7647,46043
-27975,7140,48258
-24349,6217,42740
-24191,6094,43004
-24140,6378,43061
-27340,6907,48675
-24075,6288,43168
-3312,872,19778
-13437,3485,-104852
-44873,11976,-11892
-44734,10344,8483
-44553,10557,9685
-44372,10761,10850
-44196,10950,11988
-41725,10019,16307
-30300,7546,35500
-29697,7104,36644
-29371,7010,46773
-27775,6522,48670
-24181,5694,43046
-24004,5883,43313
-24039,5584,43282
-27182,6340,49017
-23945,5806,43408
-18205,4344,-94905
-45182,9811,4305
-45046,10013,5783
-44897,10174,7175
-29121,6661,37727
-28573,6219,38746
-29022,6405,47434
-27592,5952,49050
-24022,5190,43335
-23872,5401,43556
-23895,5093,43546
-27038,5814,49334
-23821,5336,43640
-4083,937,-123425
-23116,5286,-84311
-28157,6277,-73100
-32982,7038,-62040
-45430,9360,1169
-45314,9583,2776
-35487,6942,21816
-35374,6972,22062
-35264,7001,22301
-35156,7029,22535
-35050,7056,22763
-28058,5777,39696
-28708,5830,48030
-27427,5431,49399
-23873,4710,43607
-23747,4936,43788
-26909,5334,49624
-23760,4624,43795
-23701,4882,43861
-37194,7485,-51916
-39522,7738,-43948
-41142,8038,-37125
-45456,9064,-2670
-45482,9246,-633
-36910,6552,18647
-36764,6592,18978
-36622,6631,19300
-36483,6669,19611
-36348,6707,19914
-36217,6744,20207
-36088,6779,20493
-35962,6814,20772
-35840,6847,21043
-35719,6880,21307
-35602,6912,21565
-27579,5330,40574
-27140,4870,41377
-28438,5236,48544
-27279,4978,49710
-23733,4257,43861
-23628,4490,44009
-26795,4904,49889
-23632,4181,44028
-23588,4446,44072
-42389,8236,-31150
-43372,8339,-25921
-44169,8352,-21341
-44793,8238,-17385
-45213,8016,-11712
-45278,8254,-9348
-45337,8520,-7061
-45396,8791,-4838
-37586,6130,17362
-37397,6303,17662
-37214,6476,17950
-37059,6512,18305
-26741,4392,42105
-28207,4664,48987
-27148,4582,49990
-23603,3830,44097
-26694,4518,50131
-23516,4065,44217
-23514,3764,44245
-23481,4029,44272
-45111,7921,-14256
-40564,5871,14064
-40222,5856,14445
-43940,6212,16017
-39895,5865,14794
-39583,5873,15125
-43796,6261,16982
-39286,5880,15438
-39001,5887,15735
-38730,5863,16004
-38471,5836,16256
-38222,5808,16495
-37984,5787,16726
-37782,5958,17051
-26381,3906,42762
-28007,4158,49378
-27032,4236,50244
-26929,3933,50477
-23483,3431,44315
-26605,4170,50353
-23411,3665,44412
-23380,3636,44460
-23404,3375,44446
-26524,3866,50552
-23313,3292,44593
-3195,492,19986
-8538,1300,-114899
-44893,5590,9621
-44727,5690,10743
-44564,5788,11849
-44403,5892,12934
-44244,6012,13983
-44089,6118,15011
-41182,5448,14174
-43164,5438,16938
-28320,3670,17224
-32461,4559,20716
-26060,3435,43349
-27835,3722,49720
-26835,3661,50694
-26747,3408,50902
-23372,3059,44517
-23286,3268,44634
-23302,3012,44632
-26449,3579,50742
-23223,2944,44760
-23199,2925,44796
-26375,3294,50928
-13136,1703,-105738
-45719,4911,1656
-45612,5036,3160
-45499,5147,4625
-45377,5224,6030
-45223,5318,7283
-45057,5457,8462
-25779,2998,43868
-27689,3356,50020
-27564,3055,50285
-26661,3154,51106
-23271,2715,44702
-23209,2676,44803
-26577,2897,51307
-23140,2621,44915
-26303,3007,51113
-23119,2607,44946
-17877,2145,-95942
-22760,2628,-85510
-27786,3147,-74442
-32656,3549,-63411
-45837,4824,-1663
-45823,4803,123
-25537,2619,44312
-25343,2234,44672
-27454,2806,50526
-27354,2593,50749
-27256,2402,50964
-23178,2399,44872
-23124,2367,44960
-26493,2635,51506
-23094,2109,45026
-23063,2324,45057
-26232,2718,51295
-23046,2314,45083
-23047,2083,45103
-26412,2372,51701
-22994,2050,45187
-26161,2428,51475
-22979,2044,45209
-37055,3840,-53131
-39442,3957,-45125
-41116,4137,-38246
-42408,4269,-32211
-43427,4352,-26915
-44253,4387,-22268
-44943,4386,-18191
-45317,4147,-15012
-45414,4230,-12565
-45500,4347,-10250
-45585,4470,-8016
-45669,4593,-5847
-45753,4713,-3731
-25185,1886,44968
-27158,2211,51178
-27061,2026,51390
-23018,1844,45166
-22976,1824,45234
-26336,2134,51879
-22950,1606,45293
-22930,1800,45306
-22918,1797,45325
-26094,2142,51650
-26264,1914,52046
-26030,1871,51815
-25052,1604,45224
-24938,1379,45451
-26966,1852,51596
-26873,1689,51798
-26783,1539,51995
-26702,1436,52172
-26639,1416,52313
-22913,1588,45352
-22894,1418,45395
-22873,1571,45414
-22862,1570,45430
-22859,1390,45453
-22856,1306,45464
-26197,1705,52202
-22822,1366,45511
-22828,1235,45514
-22820,1259,45524
-22812,1365,45525
-25971,1620,51969
-26146,1564,52325
-22781,1207,45588
-22771,1198,45603
-26109,1479,52419
-25921,1421,52097
-26075,1393,52510
-24835,1190,45661
-24733,1010,45867
-26577,1390,52451
-26517,1357,52584
-26460,1317,52713
-22803,1173,45558
-22794,1183,45571
-26404,1272,52837
-22779,1114,45599
-22772,1123,45609
-22757,1059,45637
-22753,1106,45639
-22752,1067,45645
-22741,1084,45659
-22737,1008,45671
-22734,1046,45673
-22733,1014,45678
-26350,1224,52956
-22722,1017,45694
-22718,995,45702
-22719,961,45702
-22715,965,45708
-22706,968,45721
-22702,947,45729
-22702,917,45731
-25891,1312,52185
-22699,920,45735
-22692,922,45746
-22688,903,45754
-22686,875,45758
-22684,879,45760
-26299,1175,53070
-22679,880,45769
-26042,1306,52596
-22675,862,45776
-22670,840,45783
-22670,833,45783
-25866,1219,52263
-22666,841,45790
-22663,825,45797
-22657,801,45805
-22656,793,45807
-22655,805,45809
-26012,1218,52678
-25843,1127,52338
-26251,1126,53177
-25821,1037,52409
-25985,1130,52755
-26209,1070,53274
-25802,948,52476
-25960,1044,52826
-26173,1010,53358
-25938,960,52892
-26144,952,53428
-3084,125,20184
-24633,839,46069
-24535,676,46267
-24438,524,46462
-22651,790,45815
-22645,765,45826
-22645,773,45826
-22643,755,45829
-22641,757,45833
-22635,741,45842
-22634,730,45845
-22631,726,45850
-22631,718,45849
-22626,712,45857
-22623,696,45863
-22622,695,45865
-22620,684,45868
-22618,683,45871
-22614,665,45879
-22613,667,45879
-22610,657,45884
-22610,651,45885
-22606,641,45892
-22605,636,45893
-22603,632,45896
-22601,622,45900
-22599,616,45904
-22597,610,45906
-22597,609,45907
-22593,595,45913
-22592,594,45914
-22591,589,45917
-22590,586,45918
-22587,574,45924
-22586,571,45924
-22586,570,45926
-22584,565,45928
-22582,556,45932
-22581,553,45933
-22581,551,45934
-22580,546,45936
-22578,541,45938
-22578,539,45939
-22576,534,45941
-22576,532,45943
-22575,529,45944
-22574,528,45944
-22573,521,45947
-22573,520,45948
-22572,519,45948
-22572,519,45948
-22571,513,45951
-22571,512,45951
-22571,512,45951
-22571,513,45951
-22570,509,45952
-22570,509,45952
-22570,509,45952
-22570,509,45952
-22570,509,45952
-22570,509,45952
-22570,509,45952
-22570,509,45952
-22570,509,45952
-22570,509,45952
-22570,509,45952
-22570,509,45952
-22570,509,45952
-22570,509,45952
-22570,509,45952
-22570,509,45952
-22570,509,45952
-22570,509,45952
-22570,509,45952
-22570,509,45952
-22570,509,45952
-22570,509,45952
-22570,509,45952
-22570,509,45952
-22570,509,45952
-22570,509,45952
-22570,509,45952
-22570,509,45952
-22570,509,45952
-22570,509,45952
-22570,509,45952
-22570,509,45952
-22570,509,45952
-22570,509,45952
-22570,509,45952
-22570,509,45952
-22570,509,45952
-22570,509,45952
-22570,509,45952
-22570,509,45952
-22570,509,45952
-22570,509,45952
-22570,509,45952
-22570,509,45952
-22570,509,45952
-22570,509,45952
-22570,509,45952
-22570,509,45952
-22570,509,45952
-22570,509,45952
-22570,509,45952
-22570,509,45952
-22570,509,45952
-22570,509,45952
-22570,509,45952
-22570,509,45952
-22570,509,45952
-22570,509,45952
-22570,509,45952
-22570,509,45952
-22570,509,45952
-22570,509,45952
-22570,509,45952
-22570,509,45952
-22570,509,45952
-22570,509,45952
-22570,509,45952
-22570,509,45952
-22570,509,45952
-22570,509,45952
-22570,509,45952
-22570,509,45952
-22570,509,45952
-22570,509,45952
-22570,509,45952
-22570,509,45952
-22570,509,45952
-22570,509,45952
-22570,509,45952
-22570,509,45952
-22570,509,45952
-22570,509,45952
-22570,509,45952
-22570,509,45952
-22570,509,45952
-22570,509,45952
-22570,509,45952
-22570,509,45952
-22570,509,45952
-22570,509,45952
-22570,509,45952
-22570,509,45952
-22570,509,45952
-22570,509,45952
-22570,509,45952
-22570,509,45952
-22570,509,45952
-22570,509,45952
-22570,509,45952
-22570,509,45952
-22570,509,45952
-22570,509,45952
-22570,509,45952
-22570,509,45952
-22570,509,45952
-22570,509,45952
-22570,509,45952
-22570,509,45952
-22570,509,45952
-22570,509,45952
-22570,509,45952
-22570,509,45952
-22570,509,45952
-22570,509,45952
-22570,509,45952
-22570,509,45952
-22570,509,45952
-22570,509,45952
-22570,509,45952
-22570,509,45952
-22570,509,45952
-22570,509,45952
-22570,509,45952
-22570,509,45952
-22570,509,45952
-22570,509,45952
-22570,509,45952
-22570,509,45952
-22570,509,45952
-22570,509,45952
-22570,509,45952
-22570,509,45952
-22570,509,45952
-22570,509,45952
-22570,509,45952
-22570,509,45952
-22570,509,45952
-22570,509,45952
-22570,509,45952
-22570,509,45952
-22570,509,45952
-22570,509,45952
-22570,509,45952
-22570,509,45952
-22570,509,45952
-22570,509,45952
-22570,509,45952
-22570,509,45952
-22570,509,45952
-22570,509,45952
-22570,509,45952
-22570,509,45952
-22570,509,45952
-22570,509,45952
-22570,509,45952
-22570,509,45952
-22570,509,45952
-22570,509,45952
-22570,509,45952
-22570,509,45952
-22570,509,45952
-22570,509,45952
-22570,509,45952
-22570,509,45952
-22570,509,45952
-22570,509,45952
-22570,509,45952
-22570,509,45952
-22570,509,45952
-22570,509,45952
-22570,509,45952
-22570,509,45952
-22570,509,45952
-22570,509,45952
-22570,509,45952
-22570,509,45952
-22570,509,45952
-22570,509,45952
-22570,509,45952
-22570,509,45952
-22570,509,45952
-22570,509,45952
-22570,509,45952
-22570,509,45952
-22570,509,45952
-22570,509,45952
-22570,509,45952
-22570,509,45952
-22570,509,45952
-22570,509,45952
-22570,509,45952
-22570,509,45952
-22570,509,45952
-22570,509,45952
-22570,509,45952
-22570,509,45952
-22570,509,45952
-22570,509,45952
-22570,509,45952
-22570,509,45952
-22570,509,45952
-22570,509,45952
-22570,509,45952
-22570,509,45952
-22570,509,45952
-22570,509,45952
-22570,509,45952
-22570,509,45952
-22570,509,45952
-22570,509,45952
-22570,509,45952
-22570,509,45952
-22570,509,45952
-22570,509,45952
-22570,509,45952
-22570,509,45952
-22570,509,45952
-22570,509,45952
-22570,509,45952
-22570,509,45952
-22570,509,45952
-22570,509,45952
-22570,509,45952
-22570,509,45952
-22570,509,45952
-22570,509,45952
-22570,509,45952
-22570,509,45952
-22570,509,45952
-22570,509,45952
-22570,509,45952
-22570,509,45952
-22570,509,45952
-22570,509,45952
-22570,509,45952
-22570,509,45952
-22570,509,45952
-22570,509,45952
-22570,509,45952
-22570,509,45952
-22570,509,45952
-22570,509,45952
-22570,509,45952
-22570,509,45952
-22570,509,45952
-22570,509,45952
-22570,509,45952
-22570,509,45952
-22570,509,45952
-22570,509,45952
-22570,509,45952
-22570,509,45952
-22570,509,45952
-22570,509,45952
-22570,509,45952
-22570,509,45952
-22570,509,45952
-22570,509,45952
-22570,509,45952
-22570,509,45952
-22570,509,45952
-22570,509,45952
-22570,509,45952
-22570,509,45952
-22570,509,45952
-22570,509,45952
-22570,509,45952
-22570,509,45952
-22570,509,45952
-22570,509,45952
-22570,509,45952
-22570,509,45952
-22570,509,45952
-22570,509,45952
-22570,509,45952
-22570,509,45952
-22570,509,45952
-22570,509,45952
-22570,509,45952
-22570,509,45952
-22570,509,45952
-22570,509,45952
-22570,509,45952
-22570,509,45952
-22570,509,45952
-22570,509,45952
-22570,509,45952
-22570,509,45952
-22570,509,45952
-22570,509,45952
-22570,509,45952
-22570,509,45952
-22570,509,45952
-22570,509,45952
-22570,509,45952
-22570,509,45952
-22570,509,45952
-22570,509,45952
-22570,509,45952
-22570,509,45952
-22570,509,45952
-22570,509,45952
-22570,509,45952
-22570,509,45952
-22570,509,45952
-22570,509,45952
-22570,509,45952
-22570,509,45952
-22570,509,45952
-22570,509,45952
-22570,509,45952
-22570,509,45952
-22570,509,45952
-22570,509,45952
-22570,509,45952
-22570,509,45952
-22570,509,45952
-22570,509,45952
-22570,509,45952
-22570,509,45952
-22570,509,45952
-22570,509,45952
-22570,509,45952
-22570,509,45952
-22570,509,45952
-22570,509,45952
-22570,509,45952
-22570,509,45952
-22570,509,45952
-22570,509,45952
-22570,509,45952
-22570,509,45952
-22570,509,45952
-22570,509,45952
-22570,509,45952
-22570,509,45952
-22570,509,45952
-22570,509,45952
-22570,509,45952
-22570,509,45952
-22570,509,45952
-22570,509,45952
-22570,509,45952
-22570,509,45952
-22570,509,45952
-22570,509,45952
-22570,509,45952
-22570,509,45952
-22570,509,45952
-22570,509,45952
-22570,509,45952
-22570,509,45952
-22570,509,45952
-22570,509,45952
-22570,509,45952
-22570,509,45952
-22570,509,45952
-22570,509,45952
-22570,509,45952
-22570,509,45952
-22570,509,45952
-22570,509,45952
-22570,509,45952
-22570,509,45952
-22570,509,45952
-22570,509,45952
-22570,509,45952
-22570,509,45952
-22570,509,45952
-22570,509,45952
-22570,509,45952
-22570,509,45952
-22570,509,45952
-22570,509,45952
-22570,509,45952
-22570,509,45952
-22570,509,45952
-22570,509,45952
-22570,509,45952
-22570,509,45952
-22570,509,45952
-22570,509,45952
-22570,509,45952
-22570,509,45952
-22570,509,45952
-22570,509,45952
-22570,509,45952
-22570,509,45952
-22570,509,45952
-22570,509,45952
-22570,509,45952
-22570,509,45952
-22570,509,45952
-22570,509,45952
-22570,509,45952
-22570,509,45952
-22570,509,45952
-22570,509,45952
-22570,509,45952
-22570,509,45952
-22570,509,45952
-22570,509,45952
-22570,509,45952
-22570,509,45952
-22570,509,45952
-22570,509,45952
-22570,509,45952
-22570,509,45952
-22570,509,45952
-22570,509,45952
-22570,509,45952
-22570,509,45952
-22570,509,45952
-22570,509,45952
-22570,509,45952
-22570,509,45952
-22570,509,45952
-22570,509,45952
-22570,509,45952
-22570,509,45952
-22570,509,45952
-22570,509,45952
-22570,509,45952
-22570,509,45952
-22570,509,45952
-22570,509,45952
-22570,509,45952
-22570,509,45952
-22570,509,45952
-22570,509,45952
-22570,509,45952
-22570,509,45952
-22570,509,45952
-22570,509,45952
-22570,509,45952
-22570,509,45952
-22570,509,45952
-22570,509,45952
-22570,509,45952
-22570,509,45952
-22570,509,45952
-22570,509,45952
-22570,509,45952
-22570,509,45952
-22570,509,45952
-22570,509,45952
-22570,509,45952
-22570,509,45952
-22570,509,45952
-22570,509,45952
-22570,509,45952
-22570,509,45952
-22570,509,45952
-22570,509,45952
-22570,509,45952
-22570,509,45952
-22570,509,45952
-22570,509,45952
-22570,509,45952
-22570,509,45952
-22570,509,45952
-22570,509,45952
-22570,509,45952
-22570,509,45952
-22570,509,45952
-22570,509,45952
-22570,509,45952
-22570,509,45952
-22570,509,45952
-22570,509,45952
-22570,509,45952
-22570,509,45952
-22570,509,45952
-22570,509,45952
-22570,509,45952
-22570,509,45952
-22570,509,45952
-22570,509,45952
-22570,509,45952
-22570,509,45952
-22570,509,45952
-22570,509,45952
-22570,509,45952
-22570,509,45952
-22570,509,45952
-22570,509,45952
-22570,509,45952
-22570,509,45952
-22570,509,45952
-22570,509,45952
-22570,509,45952
-22570,509,45952
-22570,509,45952
-22570,509,45952
-22570,509,45952
-22570,509,45952
-22570,509,45952
-22570,509,45952
-22570,509,45952
-22570,509,45952
-22570,509,45952
-22570,509,45952
-22570,509,45952
-22570,509,45952
-22570,509,45952
-22570,509,45952
-22570,509,45952
-22570,509,45952
-22570,509,45952
-22570,509,45952
-22570,509,45952
-22570,509,45952
-22570,509,45952
-22570,509,45952
-22570,509,45952
-22570,509,45952
-22570,509,45952
-22570,509,45952
-22570,509,45952
-22570,509,45952
-22570,509,45952
-22570,509,45952
-22570,509,45952
-22570,509,45952
-22570,509,45952
-22570,509,45952
-22570,509,45952
-22570,509,45952
-22570,509,45952
-22570,509,45952
-22570,509,45952
-22570,509,45952
-22570,509,45952
-22570,509,45952
-22570,509,45952
-22570,509,45952
-22570,509,45952
-22570,509,45952
-22570,509,45952
-22570,509,45952
-22570,509,45952
-22570,509,45952
-22570,509,45952
-22570,509,45952
-22570,509,45952
-22570,509,45952
-22570,509,45952
-22570,509,45952
-22570,509,45952
-22570,509,45952
-22570,509,45952
-22570,509,45952
-22570,509,45952
-22570,509,45952
-22570,509,45952
-22570,509,45952
-22570,509,45952
-22570,509,45952
-22570,509,45952
-22570,509,45952
-22570,509,45952
-22570,509,45952
-22570,509,45952
-22570,509,45952
-22570,509,45952
-22570,509,45952
-22570,509,45952
-22570,509,45952
-22570,509,45952
-22570,509,45952
-22570,509,45952
-22570,509,45952
-22570,509,45952
-22570,509,45952
-22570,509,45952
-22570,509,45952
-22570,509,45952
-22570,509,45952
-22570,509,45952
-22570,509,45952
-22570,509,45952
-22570,509,45952
-22570,509,45952
-22570,509,45952
-22570,509,45952
-22570,509,45952
-22570,509,45952
-22570,509,45952
-22570,509,45952
-22570,509,45952
-22570,509,45952
-22570,509,45952
-22570,509,45952
-22570,509,45952
-22570,509,45952
-22570,509,45952
-22570,509,45952
-22570,509,45952
-22570,509,45952
-22570,509,45952
-22570,509,45952
-22570,509,45952
-22570,509,45952
-22570,509,45952
-22570,509,45952
-22570,509,45952
-22570,509,45952
-22570,509,45952
-22570,509,45952
-22570,509,45952
-22570,509,45952
-22570,509,45952
-22570,509,45952
-22570,509,45952
-22570,509,45952
-22570,509,45952
-22570,509,45952
-22570,509,45952
-22570,509,45952
-22570,509,45952
-22570,509,45952
-22570,509,45952
-22570,509,45952
-22570,509,45952
-22570,509,45952
-22570,509,45952
-22570,509,45952
-22570,509,45952
-22570,509,45952
-22570,509,45952
-22570,509,45952
-22570,509,45952
-22570,509,45952
-22570,509,45952
-22570,509,45952
-22570,509,45952
-22570,509,45952
-22570,509,45952
-22570,509,45952
-22570,509,45952
-22570,509,45952
-22570,509,45952
-22570,509,45952
-22570,509,45952
-22570,509,45952
-22570,509,45952
-22570,509,45952
-22570,509,45952
-22570,509,45952
-22570,509,45952
-22570,509,45952
-22570,509,45952
-22570,509,45952
-22570,509,45952
-22570,509,45952
-22570,509,45952
-22570,509,45952
-22570,509,45952
-22570,509,45952
-22570,509,45952
-22570,509,45952
-22570,509,45952
-22570,509,45952
-22570,509,45952
-22570,509,45952
-22570,509,45952
-22570,509,45952
-22570,509,45952
-22570,509,45952
-22570,509,45952
-22570,509,45952
-22570,509,45952
-22570,509,45952
-22570,509,45952
-22570,509,45952
-22570,509,45952
-22570,509,45952
-22570,509,45952
-22570,509,45952
-22570,509,45952
-22570,509,45952
-22570,509,45952
-22570,509,45952
-22570,509,45952
-22570,509,45952
-22570,509,45952
-22570,509,45952
-22570,509,45952
-22570,509,45952
-22570,509,45952
-22570,509,45952
-22570,509,45952
-22570,509,45952
-22570,509,45952
-22570,509,45952
-22570,509,45952
-22570,509,45952
-22570,509,45952
-22570,509,45952
-22570,509,45952
-22570,509,45952
-22570,509,45952
-22570,509,45952
-22570,509,45952
-22570,509,45952
-22570,509,45952
-22570,509,45952
-22570,509,45952
-22570,509,45952
-22570,509,45952
-22570,509,45952
-22570,509,45952
-22570,509,45952
-22570,509,45952
-22570,509,45952
-22570,509,45952
-22570,509,45952
-22570,509,45952
-22570,509,45952
-22570,509,45952
-22570,509,45952
-22570,509,45952
-22570,509,45952
-22570,509,45952
-22570,509,45952
-22570,509,45952
-25784,862,52539
-25769,780,52598
-25919,881,52953
-25756,702,52653
-25904,807,53006
-26121,901,53485
-25746,631,52702
-25892,741,53054
-25738,566,52746
-26104,849,53534
-25883,685,53093
-25734,510,52785
-25732,464,52818
-25878,637,53127
-26092,799,53575
-25875,595,53157
-26084,757,53607
-25875,560,53183
-26082,728,53630
-26086,717,53643
-25877,533,53204
-26091,711,53655
-25883,518,53220
-26096,704,53667
-26101,698,53679
-25889,505,53235
-25895,493,53250
-26105,692,53691
-26110,686,53702
-25902,480,53265
-26115,679,53714
-26120,673,53726
-25908,468,53280
-25914,455,53294
-26124,667,53738
-26129,660,53750
-26134,654,53761
-26139,648,53773
-26144,641,53785
-26148,635,53797
-26153,629,53809
-26158,622,53820
-26163,616,53832
-26167,610,53844
-26172,603,53856
-26177,597,53868
-26182,591,53879
-26187,584,53891
-26191,578,53903
-26196,572,53915
-26201,565,53927
-26206,559,53938
-26211,553,53950
-26215,547,53962
-26220,540,53974
-26225,534,53986
-26230,528,53997
-26234,521,54009
-26239,515,54021
-26244,509,54033
-26249,502,54045
-26254,496,54056
-26258,490,54068
-26258,490,54068
-26258,490,54068
-26258,490,54068
-24344,381,46651
-24257,274,46826
-24188,259,46963
-24120,247,47099
-24052,234,47234
-23984,221,47369
-23919,197,47498
-23857,163,47621
-23797,122,47738
-23741,79,47847
-23688,35,47949
-25732,423,52847
-25734,388,52873
-25739,360,52896
-25745,341,52915
-25753,325,52932
-25760,309,52950
-25768,293,52967
-25775,276,52985
-25783,260,53002
-25790,244,53019
-25798,228,53037
-25805,212,53054
-25813,196,53072
-25820,180,53089
-25828,164,53106
-25835,148,53124
-25843,132,53141
-25920,443,53309
-25927,430,53324
-25850,116,53159
-25858,100,53176
-25933,417,53339
-25865,84,53194
-25873,68,53211
-25939,405,53354
-25880,52,53228
-25952,380,53383
-25945,392,53369
-25958,367,53398
-25887,36,53246
-25895,20,53263
-25902,4,53281
-25964,355,53413
-25970,342,53428
-25983,317,53457
-25976,330,53443
-25989,305,53472
-25995,292,53487
-26001,279,53502
-26008,267,53517
-26014,254,53532
-26020,242,53546
-26026,229,53561
-26033,217,53576
-26039,204,53591
-26045,192,53606
-26051,179,53620
-26058,167,53635
-26064,154,53650
-26070,142,53665
-26076,129,53680
-26083,116,53695
-26089,104,53709
-26095,91,53724
-26101,79,53739
13936,-234,-154114
13910,-215,-154024
13901,-200,-153988
13846,-123,-153779
13821,-227,-153714
13811,-35,-153633
13809,-202,-153665
12276,-117,-151117
