-25947,-3,53380
-25942,-7,53369
-25945,-5,53375
-25950,0,53385
-25935,-14,53354
-25940,-9,53364
-25943,-20,53370
-25926,-22,53335
-25928,-20,53339
-25933,-16,53349
-25934,-28,53351
-25917,-30,53316
-25919,-28,53320
-25937,-26,53357
-25938,-12,53359
-25940,-23,53363
-25924,-24,53330
-25926,-36,53334
-25929,-33,53340
-25931,-18,53344
-25932,-31,53346
-25921,-40,53323
-25922,-26,53325
-25916,-45,53312
-25923,-52,53326
-25906,-54,53291
-25924,-38,53328
-25911,-50,53301
-25914,-47,53307
-25914,-61,53307
-25899,-61,53276
-25917,-58,53313
-25919,-43,53317
-25920,-55,53319
-25904,-56,53286
-25908,-66,53294
-25909,-52,53296
-25911,-63,53300
-25897,-63,53271
-25902,-59,53281
-25895,-65,53266
-25897,-76,53270
-25900,-74,53276
-25903,-71,53282
-25903,-84,53282
-25906,-69,53288
-25889,-84,53253
-25892,-81,53259
-25895,-79,53265
-25897,-90,53269
-25900,-87,53275
-25884,-88,53242
-25887,-86,53248
-25874,-98,53221
-25894,-93,53262
-25879,-93,53231
-25882,-91,53237
-25888,-99,53249
-25891,-96,53255
-25876,-110,53224
-25877,-95,53226
-25879,-107,53230
-25882,-104,53236
-25885,-101,53242
-25872,-100,53215
-25873,-112,53217
-25862,-122,53194
-25880,-119,53231
-25865,-120,53200
-25884,-116,53239
-25870,-128,53210
-25877,-122,53224
-25867,-131,53203
-25868,-117,53205
-25871,-115,53211
-25854,-130,53176
-25874,-125,53217
-25857,-127,53182
-25860,-125,53188
-25861,-137,53190
-25864,-134,53196
-25849,-135,53165
-25852,-132,53171
-25855,-143,53177
-25858,-140,53183
-25860,-151,53187
-25846,-151,53158
-25864,-148,53195
-25849,-148,53164
-25852,-146,53170
-25853,-158,53172
-25837,-159,53139
-25857,-155,53180
-25840,-156,53145
-25843,-154,53151
-25850,-161,53165
-25843,-167,53150
-25826,-169,53115
-25829,-167,53121
-25847,-164,53158
-25832,-164,53127
-25835,-162,53133
-25837,-173,53137
-25840,-170,53143
-25824,-185,53110
-25844,-180,53151
-25827,-182,53116
-25834,-176,53130
-25818,-190,53097
-25821,-188,53103
-25812,-196,53084
-25831,-179,53123
-25815,-193,53090
-25833,-190,53127
-25837,-187,53135
-25841,-183,53143
-25806,-201,53071
-25826,-197,53112
-25809,-199,53077
-25812,-210,53083
-25830,-194,53120
-25819,-203,53097
-25823,-200,53105
-25809,-213,53076
-25816,-206,53090
-25799,-222,53055
-25804,-204,53065
-25806,-216,53069
-25825,-212,53108
-25813,-223,53083
-25796,-225,53048
-25817,-219,53091
-25803,-219,53062
-25821,-216,53099
-25790,-230,53035
-25809,-226,53074
-25793,-227,53041
-25798,-236,53051
-25802,-233,53059
-25787,-233,53028
-25806,-230,53067
-25791,-243,53036
-25781,-239,53015
-25784,-236,53021
-25784,-249,53021
-25805,-244,53064
-25795,-240,53043
-25781,-252,53014
-25801,-248,53055
-25788,-246,53028
-25774,-259,52999
-25793,-255,53038
-25777,-269,53005
-25778,-256,53007
-25797,-251,53046
-25781,-266,53013
-25785,-262,53021
-25771,-262,52992
-25789,-259,53029
-25758,-274,52965
-25761,-271,52971
-25785,-276,53020
-25768,-265,52985
-25770,-276,52989
-25774,-273,52997
-25765,-268,52978
-25766,-280,52981
-25772,-288,52993
-25759,-286,52966
-25781,-280,53011
-25768,-291,52984
-25752,-293,52951
-25777,-284,53002
-25760,-299,52967
-25745,-299,52936
-25763,-283,52973
-25764,-295,52975
-25765,-308,52977
-25756,-302,52958
-25756,-289,52958
-25742,-302,52929
-25749,-296,52943
-25735,-308,52914
-25739,-305,52922
-25741,-317,52926
-25761,-312,52967
-25745,-313,52934
-25749,-310,52942
-25752,-320,52948
-25753,-306,52950
-25757,-316,52958
-25730,-327,52902
-25748,-324,52939
-25734,-323,52910
-25738,-320,52918
-25723,-333,52887
-25744,-328,52930
-25716,-340,52872
-25736,-348,52913
-25740,-332,52921
-25741,-344,52923
-25727,-330,52894
-25746,-340,52933
-25732,-339,52904
-25736,-335,52912
-25720,-337,52879
-25724,-347,52887
-25728,-343,52895
-25712,-357,52862
-25713,-343,52864
-25732,-352,52903
-25716,-354,52870
-25720,-350,52878
-25728,-357,52894
-25708,-361,52854
-25723,-361,52884
-25710,-372,52857
-25697,-371,52830
-25716,-380,52869
-25701,-368,52838
-25719,-365,52875
-25721,-376,52879
-25705,-364,52846
-25706,-376,52848
-25726,-371,52889
-25715,-369,52866
-25698,-384,52831
-25702,-380,52839
-25707,-389,52849
-25690,-378,52814
-25694,-388,52822
-25694,-375,52822
-25712,-385,52859
-25682,-398,52797
-25686,-395,52805
-25706,-403,52846
-25690,-391,52813
-25698,-397,52829
-25701,-408,52835
-25703,-393,52839
-25689,-406,52810
-25691,-417,52814
-25694,-402,52820
-25696,-413,52824
-25685,-410,52801
-25667,-413,52764
-25671,-409,52772
-25672,-421,52774
-25675,-406,52780
-25679,-402,52788
-25681,-414,52792
-25677,-417,52783
-25687,-422,52803
-25668,-425,52765
-25677,-430,52783
-25660,-433,52748
-25681,-440,52791
-25682,-426,52793
-25664,-429,52756
-25668,-439,52764
-25652,-440,52731
-25656,-436,52739
-25676,-445,52780
-25659,-447,52745
-25644,-447,52714
-25648,-444,52722
-25687,-435,52802
-25673,-435,52773
-25664,-443,52754
-25671,-450,52769
-25661,-459,52748
-25666,-454,52758
-25655,-451,52735
-25642,-463,52708
-25651,-455,52726
-25638,-467,52699
-25647,-472,52717
-25647,-459,52717
-25667,-467,52758
-25652,-468,52727
-25634,-471,52690
-25656,-477,52735
-25657,-463,52737
-25662,-472,52747
-25630,-475,52681
-25643,-476,52707
-25626,-478,52672
-25651,-482,52724
-25638,-481,52697
-25646,-487,52713
-25647,-499,52715
-25629,-489,52678
-25634,-485,52688
-25636,-496,52692
-25620,-497,52659
-25622,-482,52663
-25641,-492,52702
-25625,-493,52669
-25607,-509,52632
-25626,-505,52671
-25631,-501,52681
-25616,-501,52650
-25636,-509,52691
-25621,-510,52660
-25642,-504,52703
-25625,-519,52668
-25612,-505,52641
-25620,-524,52657
-25603,-513,52622
-25607,-523,52630
-25612,-518,52640
-25631,-515,52679
-25615,-529,52646
-25617,-514,52650
-25599,-517,52613
-25603,-527,52620
-25627,-531,52671
-25598,-531,52611
-25610,-534,52635
-25622,-537,52659
-25605,-538,52624
-25589,-539,52591
-25590,-552,52593
-25594,-535,52601
-25595,-548,52603
-25616,-542,52646
-25600,-543,52613
-25585,-543,52582
-25605,-552,52623
-25611,-547,52635
-25594,-562,52600
-25576,-552,52563
-25581,-548,52573
-25589,-567,52589
-25576,-565,52562
-25581,-561,52572
-25600,-557,52611
-25602,-569,52615
-25586,-556,52582
-25608,-563,52627
-25596,-574,52602
-25584,-572,52577
-25567,-574,52542
-25572,-569,52552
-25579,-576,52566
-25590,-579,52590
-25553,-586,52513
-25574,-581,52556
-25558,-582,52523
-25579,-590,52566
-25585,-585,52578
-25569,-586,52545
-25588,-595,52584
-25559,-595,52524
-25563,-578,52532
-25582,-601,52571
-25564,-590,52534
-25568,-600,52542
-25554,-599,52513
-25574,-595,52554
-25576,-606,52558
-25563,-605,52531
-25570,-612,52545
-25552,-614,52508
-25535,-617,52473
-25558,-610,52520
-25540,-612,52483
-25545,-608,52493
-25564,-617,52532
-25547,-619,52497
-25550,-604,52503
-25558,-622,52520
-25568,-627,52540
-25537,-629,52476
-25542,-624,52486
-25562,-633,52527
-25547,-633,52496
-25531,-621,52463
-25532,-633,52465
-25553,-628,52508
-25536,-643,52473
-25522,-642,52444
-25527,-638,52454
-25556,-639,52513
-25542,-638,52484
-25531,-648,52461
-25550,-644,52500
-25538,-655,52475
-25544,-650,52487
-25526,-653,52450
-25508,-656,52413
-25513,-651,52423
-25518,-647,52433
-25549,-659,52496
-25521,-658,52438
-25526,-666,52450
-25532,-661,52462
-25515,-663,52427
-25542,-665,52482
-25510,-667,52416
-25515,-676,52426
-25536,-671,52469
-25500,-677,52395
-25521,-671,52438
-25523,-683,52442
-25505,-672,52405
-25495,-681,52384
-25517,-688,52429
-25504,-687,52402
-25490,-686,52373
-25510,-681,52414
-25511,-694,52416
-25530,-677,52455
-25499,-692,52391
-25485,-691,52362
-25494,-696,52379
-25488,-701,52368
-25530,-696,52451
-25494,-710,52379
-25500,-705,52391
-25483,-706,52356
-25506,-699,52403
-25488,-715,52366
-25478,-711,52345
-25473,-716,52334
-25477,-726,52342
-25483,-721,52354
-25523,-702,52436
-25468,-721,52323
-25472,-731,52331
-25510,-714,52409
-25463,-725,52312
-25517,-708,52422
-25504,-720,52395
-25466,-736,52319
-25498,-726,52381
-25461,-741,52307
-25450,-751,52284
-25492,-731,52368
-25456,-746,52296
-25445,-756,52273
-25440,-761,52262
-25486,-737,52355
-25474,-748,52330
-25480,-742,52342
-25462,-759,52305
-25468,-753,52317
-25457,-764,52293
-25451,-769,52280
-25440,-780,52257
-25446,-775,52268
-25429,-790,52233
-25506,-743,52389
-25435,-785,52245
-25513,-736,52403
-25499,-749,52374
-25424,-795,52221
-25486,-761,52346
-25493,-755,52360
-25418,-800,52210
-25473,-773,52319
-25480,-767,52332
-25467,-779,52305
-25461,-784,52292
-25455,-790,52279
-25449,-796,52266
-25437,-807,52241
-25443,-801,52253
-25420,-823,52204
-25426,-817,52216
-25432,-812,52228
-25415,-828,52192
-25403,-839,52168
-25409,-833,52180
-25398,-844,52156
-25497,-783,52353
-25490,-789,52338
-25483,-796,52323
-25476,-802,52309
-25469,-808,52294
-25456,-821,52266
-25463,-815,52280
-25450,-827,52252
-25444,-833,52239
-25431,-844,52212
-25425,-850,52199
-25438,-839,52225
-25419,-856,52186
-25408,-867,52161
-25414,-861,52173
-25396,-878,52136
-25402,-873,52148
-25390,-883,52123
-25482,-836,52300
-25475,-843,52284
-25468,-850,52269
-25461,-856,52254
-25454,-863,52239
-25448,-869,52225
-25441,-876,52210
-25435,-882,52196
-25379,-894,52099
-25385,-889,52111
-25428,-888,52182
-25422,-894,52168
-25409,-906,52141
-25416,-900,52155
-25403,-913,52127
-25397,-922,52113
-25392,-931,52099
-25386,-939,52084
-25380,-948,52070
-25374,-956,52056
-25369,-964,52042
-25470,-897,52243
-25455,-911,52211
-25463,-904,52227
-25363,-973,52028
-25448,-921,52194
-25442,-931,52177
-25435,-941,52161
-25428,-951,52145
-25422,-960,52129
-25415,-970,52113
-25409,-979,52098
-25403,-988,52082
-25396,-998,52067
-25390,-1007,52052
-25384,-1015,52037
-25378,-1024,52023
-25372,-1033,52008
-25366,-1042,51993
-25360,-1050,51979
-25355,-1059,51965
-25349,-1068,51951
-25460,-986,52172
-25453,-997,52154
-25445,-1008,52136
-25438,-1018,52119
-25431,-1028,52102
-25424,-1038,52085
-25418,-1048,52069
-25411,-1058,52052
-25404,-1068,52036
-25398,-1077,52020
-25391,-1087,52005
-25385,-1096,51989
-25379,-1105,51974
-25372,-1114,51959
-25366,-1123,51944
-25360,-1132,51929
-25354,-1141,51914
-25348,-1150,51899
-25342,-1159,51885
-25336,-1168,51870
-25452,-1087,52096
-25444,-1098,52077
-25437,-1109,52059
-25430,-1120,52041
-25422,-1130,52024
-25415,-1140,52007
-25408,-1151,51990
-25402,-1161,51973
-25395,-1170,51957
-25388,-1180,51941
-25381,-1190,51925
-25375,-1199,51909
-25368,-1210,51892
-25362,-1223,51875
-25356,-1235,51858
-25349,-1247,51841
-25343,-1260,51824
-25337,-1272,51808
-25445,-1193,52016
-25437,-1204,51998
-25331,-1284,51791
-25324,-1296,51775
-25430,-1215,51979
-25422,-1226,51961
-25415,-1236,51943
-25408,-1250,51924
-25400,-1264,51905
-25393,-1277,51886
-25386,-1291,51868
-25379,-1304,51849
-25373,-1318,51831
-25440,-1311,51930
-25432,-1326,51909
-25366,-1331,51813
-25359,-1344,51796
-25352,-1356,51778
-25346,-1369,51761
-25339,-1382,51744
-25333,-1394,51726
-25327,-1406,51709
-25320,-1419,51693
-25314,-1431,51676
-25424,-1342,51888
-25416,-1356,51868
-25408,-1371,51848
-25401,-1385,51828
-25393,-1400,51809
-25386,-1413,51789
-25379,-1427,51770
-25372,-1441,51752
-25365,-1454,51733
-25358,-1468,51715
-25351,-1481,51697
-25344,-1494,51679
-25337,-1507,51661
-25331,-1520,51644
-25324,-1532,51626
-25318,-1545,51609
-25435,-1449,51834
-25311,-1557,51592
-25427,-1464,51812
-25305,-1570,51574
-25419,-1480,51791
-25411,-1495,51770
-25403,-1510,51750
-25395,-1524,51730
-25388,-1539,51710
-25380,-1553,51690
-25373,-1567,51671
-25365,-1581,51652
-25358,-1594,51633
-25351,-1608,51614
-25344,-1621,51596
-25337,-1635,51577
-25330,-1648,51559
-25323,-1662,51541
-25316,-1679,51521
-25309,-1695,51501
-25432,-1589,51735
-25302,-1711,51482
-25423,-1605,51713
-25415,-1621,51692
-25295,-1727,51462
-25407,-1636,51670
-25399,-1651,51650
-25391,-1666,51629
-25383,-1681,51609
-25375,-1695,51589
-25368,-1709,51569
-25360,-1725,51549
-25352,-1743,51528
-25345,-1760,51506
-25429,-1733,51634
-25420,-1749,51612
-25412,-1765,51590
-25337,-1777,51486
-25330,-1794,51465
-25322,-1811,51444
-25315,-1828,51424
-25308,-1844,51404
-25300,-1861,51384
-25293,-1877,51364
-25403,-1780,51569
-25286,-1893,51345
-25395,-1798,51546
-25386,-1818,51522
-25378,-1836,51500
-25370,-1855,51477
-25362,-1874,51455
-25354,-1892,51432
-25346,-1911,51411
-25338,-1929,51389
-25331,-1947,51367
-25323,-1965,51346
-25316,-1982,51325
-25308,-2000,51304
-25301,-2018,51283
-25294,-2035,51263
-25432,-1910,51518
-25287,-2053,51242
-25423,-1933,51492
-25280,-2070,51222
-25414,-1956,51466
-25406,-1978,51441
-25398,-2000,51416
-25389,-2022,51391
-25381,-2043,51367
-25373,-2064,51343
-25365,-2086,51319
-25358,-2106,51296
-25350,-2127,51273
-25343,-2148,51250
-25335,-2168,51227
-25328,-2188,51205
-25321,-2208,51183
-25448,-2169,51364
-25439,-2195,51337
-25431,-2220,51310
-25313,-2228,51161
-25306,-2248,51139
-25299,-2268,51117
-25292,-2287,51095
-25285,-2307,51074
-25423,-2244,51283
-25414,-2269,51257
-25406,-2293,51231
-25398,-2317,51206
-25391,-2340,51181
-25383,-2363,51156
-25376,-2387,51131
-25368,-2409,51107
-25361,-2432,51083
-25354,-2455,51059
-25346,-2477,51035
-25339,-2500,51012
-25332,-2525,50987
-25325,-2551,50961
-25317,-2577,50935
-25310,-2603,50910
-25303,-2629,50884
-25478,-2495,51181
-25470,-2524,51152
-25462,-2552,51123
-25454,-2580,51095
-25446,-2607,51068
-25438,-2634,51040
-25430,-2661,51013
-25423,-2687,50987
-25415,-2712,50961
-25408,-2738,50935
-25401,-2764,50909
-25393,-2792,50881
-25385,-2821,50854
-25377,-2849,50826
-25369,-2877,50799
-25362,-2904,50773
-25354,-2932,50746
-25347,-2959,50720
-25339,-2986,50694
-25332,-3013,50668
-25516,-2856,50982
-25507,-2885,50953
-25499,-2913,50924
-25490,-2941,50895
-25482,-2969,50867
-25474,-2996,50839
-25466,-3025,50811
-25457,-3055,50781
-25449,-3086,50752
-25441,-3115,50723
-25432,-3145,50695
-25424,-3174,50666
-25416,-3203,50638
-25408,-3231,50611
-25401,-3260,50583
-25393,-3288,50556
-25385,-3316,50529
-25377,-3343,50502
-25370,-3371,50476
-25553,-3217,50782
-25362,-3398,50449
-25545,-3247,50752
-25536,-3276,50722
-25527,-3309,50690
-25517,-3342,50659
-25508,-3374,50628
-25500,-3405,50597
-25491,-3436,50567
-25482,-3467,50537
-25474,-3498,50508
-25465,-3527,50479
-25457,-3557,50450
-25591,-3587,50576
-25449,-3586,50422
-25441,-3616,50394
-25433,-3644,50366
-25425,-3673,50338
-25417,-3701,50311
-25409,-3729,50284
-25401,-3757,50257
-25393,-3785,50230
-25581,-3622,50542
-25571,-3656,50509
-25562,-3690,50476
-25552,-3723,50444
-25543,-3755,50413
-25534,-3787,50382
-25525,-3819,50351
-25516,-3850,50321
-25507,-3881,50291
-25499,-3911,50262
-25490,-3942,50233
-25482,-3971,50204
-25473,-4001,50175
-25465,-4030,50147
-25627,-3967,50362
-25617,-4002,50328
-25607,-4037,50294
-25457,-4059,50119
-25449,-4088,50091
-25441,-4117,50063
-25432,-4149,50033
-25423,-4180,50003
-25597,-4071,50261
-25588,-4105,50229
-25578,-4138,50197
-25569,-4170,50165
-25560,-4202,50134
-25550,-4234,50104
-25542,-4265,50074
-25533,-4296,50044
-25524,-4327,50014
-25515,-4357,49985
-25507,-4387,49956
-25498,-4420,49925
-25488,-4453,49894
-25479,-4486,49862
-25664,-4348,50147
-25654,-4384,50112
-25644,-4419,50078
-25634,-4454,50045
-25624,-4488,50012
-25469,-4519,49832
-25460,-4551,49801
-25451,-4583,49770
-25614,-4521,49980
-25604,-4554,49948
-25595,-4587,49916
-25586,-4619,49885
-25576,-4651,49854
-25567,-4683,49824
-25557,-4718,49791
-25547,-4752,49758
-25537,-4787,49726
-25527,-4821,49693
-25517,-4855,49662
-25508,-4888,49630
-25702,-4730,49931
-25498,-4924,49596
-25691,-4766,49896
-25681,-4802,49861
-25670,-4837,49827
-25660,-4872,49794
-25650,-4906,49761
-25641,-4939,49729
-25631,-4973,49696
-25488,-4959,49563
-25477,-4995,49530
-25620,-5010,49661
-25609,-5047,49627
-25599,-5083,49593
-25588,-5118,49560
-25578,-5154,49526
-25567,-5192,49490
-25556,-5229,49456
-25546,-5266,49421
-25740,-5112,49714
-25535,-5303,49386
-25729,-5149,49678
-25525,-5339,49352
-25718,-5185,49643
-25513,-5378,49316
-25708,-5221,49609
-25502,-5417,49279
-25697,-5257,49575
-25686,-5296,49538
-25674,-5334,49502
-25663,-5372,49466
-25652,-5410,49430
-25640,-5450,49393
-25629,-5490,49356
-25618,-5529,49319
-25606,-5567,49283
-25595,-5605,49247
-25584,-5644,49211
-25779,-5495,49495
-25572,-5685,49173
-25768,-5533,49459
-25560,-5726,49135
-25756,-5573,49421
-25548,-5766,49098
-25743,-5614,49383
-25537,-5806,49060
-25731,-5655,49345
-25525,-5845,49023
-25719,-5697,49305
-25706,-5739,49266
-25694,-5781,49227
-25682,-5822,49188
-25670,-5862,49151
-25659,-5902,49113
-25816,-5885,49271
-25803,-5929,49230
-25647,-5943,49075
-25634,-5986,49035
-25621,-6028,48996
-25609,-6070,48957
-25597,-6112,48918
-25790,-5975,49188
-25585,-6153,48880
-25776,-6019,49146
-25573,-6194,48841
-25763,-6064,49105
-25561,-6234,48804
-25751,-6107,49064
-25549,-6274,48766
-25738,-6150,49024
-25725,-6192,48985
-25713,-6235,48944
-25699,-6280,48903
-25686,-6324,48862
-25673,-6368,48821
-25852,-6295,49032
-25838,-6342,48988
-25824,-6389,48945
-25811,-6434,48903
-25660,-6411,48781
-25647,-6454,48741
-25634,-6497,48701
-25622,-6539,48662
-25609,-6581,48623
-25597,-6622,48584
-25797,-6479,48861
-25585,-6663,48546
-25784,-6524,48819
-25572,-6706,48506
-25770,-6572,48775
-25756,-6619,48732
-25742,-6665,48689
-25728,-6711,48647
-25715,-6756,48605
-25701,-6800,48563
-25688,-6845,48522
-25894,-6737,48778
-25880,-6786,48733
-25866,-6834,48689
-25852,-6884,48643
-25675,-6888,48482
-25662,-6932,48442
-25650,-6975,48402
-25636,-7020,48360
-25622,-7065,48318
-25837,-6934,48597
-25609,-7110,48276
-25822,-6984,48551
-25595,-7155,48234
-25808,-7033,48507
-25793,-7081,48462
-25779,-7129,48419
-25766,-7176,48375
-25752,-7222,48333
-25739,-7268,48291
-25725,-7314,48249
-25711,-7361,48205
-25947,-7220,48506
-25931,-7275,48456
-25915,-7328,48408
-25900,-7381,48360
-25697,-7409,48161
-25683,-7456,48117
-25669,-7503,48074
-25655,-7550,48031
-25641,-7596,47988
-25885,-7432,48313
-25628,-7642,47946
-25870,-7483,48266
-25855,-7533,48221
-25841,-7583,48176
-25827,-7632,48131
-25813,-7680,48087
-25798,-7730,48042
-25783,-7780,47996
-25768,-7830,47950
-26005,-7749,48209
-25989,-7804,48158
-25973,-7859,48109
-25957,-7913,48061
-25754,-7879,47905
-25739,-7928,47860
-25725,-7976,47815
-25711,-8024,47771
-25696,-8074,47725
-25682,-8123,47679
-25942,-7965,48013
-25667,-8171,47634
-25927,-8017,47966
-25912,-8068,47919
-25897,-8120,47872
-25881,-8173,47824
-25865,-8226,47776
-25850,-8277,47729
-25835,-8329,47682
-25820,-8379,47635
-26072,-8313,47895
-26056,-8370,47844
-26040,-8426,47794
-25805,-8431,47587
-25789,-8483,47539
-25774,-8534,47492
-25759,-8585,47445
-25745,-8636,47398
-26024,-8481,47744
-25730,-8686,47351
-26009,-8536,47695
-25714,-8739,47302
-25992,-8593,47644
-25976,-8649,47593
-25960,-8705,47543
-25944,-8760,47493
-25928,-8816,47442
-25912,-8873,47391
-26153,-8935,47554
-26137,-8996,47501
-25896,-8928,47340
-25881,-8984,47290
-25866,-9039,47240
-25850,-9094,47191
-25835,-9148,47141
-25819,-9205,47089
-26121,-9057,47448
-25804,-9262,47037
-26104,-9120,47393
-25788,-9319,46986
-26087,-9182,47338
-25773,-9376,46934
-26071,-9244,47284
-26054,-9307,47229
-26038,-9369,47173
-26022,-9432,47119
-26006,-9494,47064
-25991,-9556,47010
-25975,-9618,46957
-25960,-9679,46903
-25945,-9743,46847
-25929,-9808,46791
-26252,-9645,47172
-25913,-9873,46735
-26235,-9716,47111
-25898,-9938,46679
-26218,-9786,47052
-26201,-9858,46991
-26184,-9930,46930
-26168,-10002,46870
-25883,-10004,46623
-25869,-10070,46567
-25854,-10138,46510
-26152,-10073,46810
-26136,-10144,46750
-26121,-10215,46691
-26106,-10287,46632
-26091,-10360,46572
-26075,-10435,46510
-26060,-10510,46448
-26368,-10470,46729
-26351,-10553,46662
-26334,-10636,46595
-26045,-10587,46386
-26030,-10664,46324
-26016,-10742,46262
-26001,-10822,46199
-26318,-10719,46528
-25987,-10904,46135
-26302,-10801,46462
-25974,-10987,46071
-26287,-10884,46396
-26272,-10968,46330
-26257,-11052,46265
-25960,-11073,46006
-26241,-11139,46196
-26226,-11228,46127
-26211,-11317,46058
-26197,-11408,45989
-26182,-11500,45919
-26168,-11594,45849
-26505,-11423,46222
-26488,-11520,46148
-26473,-11616,46074
-26457,-11713,46001
-26155,-11689,45778
-26141,-11786,45707
-26128,-11884,45635
-26442,-11811,45927
-26114,-11986,45561
-26427,-11911,45853
-26099,-12093,45484
-26412,-12014,45776
-26397,-12118,45698
-26382,-12224,45621
-26082,-12205,45404
-26368,-12331,45543
-26354,-12438,45466
-26340,-12547,45388
-26327,-12657,45309
-26662,-12511,45649
-26313,-12769,45231
-26647,-12624,45567
-26632,-12739,45484
-26616,-12856,45400
-26300,-12882,45151
-26286,-13001,45068
-26270,-13125,44982
-26601,-12976,45314
-26252,-13255,44890
-26586,-13096,45228
-26571,-13217,45143
-26557,-13340,45057
-26543,-13463,44970
-26233,-13390,44794
-26213,-13530,44695
-26529,-13588,44884
-26516,-13714,44797
-26503,-13841,44710
-26838,-13738,45006
-26490,-13971,44622
-26823,-13873,44912
-26807,-14010,44817
-26792,-14147,44722
-26475,-14106,44530
-26458,-14248,44433
-26439,-14395,44331
-26777,-14285,44627
-26419,-14546,44226
-26763,-14424,44532
-26749,-14564,44437
-26735,-14705,44342
-26398,-14703,44118
-26376,-14863,44007
-26722,-14847,44247
-26352,-15028,43893
-26709,-14990,44151
-26695,-15137,44054
-27029,-15105,44289
-26679,-15289,43952
-27014,-15260,44184
-26999,-15415,44080
-26984,-15572,43975
-26661,-15447,43845
-26642,-15611,43734
-26621,-15779,43620
-26970,-15729,43871
-26599,-15951,43502
-26956,-15886,43767
-26942,-16044,43663
-26576,-16128,43382
-26552,-16309,43259
-26929,-16203,43559
-26526,-16495,43132
-26914,-16366,43452
-26898,-16535,43340
-26879,-16710,43223
-27235,-16595,43505
-27219,-16769,43391
-27205,-16943,43277
-26498,-16688,42999
-26859,-16890,43103
-26837,-17074,42979
-26814,-17263,42853
-27190,-17117,43164
-27176,-17292,43050
-27163,-17467,42937
-26790,-17456,42723
-26765,-17653,42590
-27148,-17646,42821
-26738,-17855,42453
-27130,-17832,42699
-27111,-18024,42573
-27090,-18220,42443
-27453,-18195,42661
-27438,-18387,42538
-26707,-18066,42308
-26673,-18285,42156
-26635,-18513,41997
-27067,-18420,42310
-27043,-18625,42174
-27423,-18579,42415
-27018,-18834,42035
-27409,-18771,42292
-27394,-18966,42167
-27375,-19168,42036
-26991,-19047,41892
-26962,-19267,41743
-26930,-19494,41588
-27355,-19376,41900
-27333,-19588,41761
-27310,-19804,41619
-27682,-19892,41761
-27667,-20101,41628
-26894,-19728,41427
-26855,-19970,41259
-27285,-20025,41473
-27258,-20251,41322
-27651,-20312,41495
-27230,-20480,41169
-27632,-20530,41354
-27611,-20753,41209
-26811,-20223,41082
-26754,-20493,40891
-27199,-20714,41011
-27166,-20956,40846
-27589,-20981,41061
-27564,-21213,40909
-27537,-21449,40753
-27916,-21654,40817
-27129,-21206,40676
-27088,-21463,40498
-27043,-21730,40314
-27509,-21689,40593
-27479,-21933,40430
-27896,-21886,40668
-27447,-22182,40263
-27874,-22122,40515
-27850,-22363,40359
-26990,-22008,40117
-26923,-22306,39904
-27412,-22438,40090
-27373,-22701,39911
-27823,-22608,40198
-27795,-22858,40033
-27765,-23112,39864
-28139,-23456,39831
-26842,-22624,39675
-27331,-22972,39725
-27284,-23251,39531
-27733,-23368,39693
-27231,-23538,39329
-27699,-23629,39518
-28113,-23708,39667
-27662,-23896,39338
-28085,-23966,39497
-28055,-24227,39325
-27170,-23839,39115
-27093,-24160,38885
-27621,-24170,39151
-27577,-24451,38959
-28022,-24491,39149
-27527,-24739,38758
-27989,-24759,38971
-27953,-25030,38789
-28348,-25269,38817
-27002,-24499,38639
-26897,-24855,38379
-27473,-25035,38549
-27414,-25339,38333
-27913,-25307,38602
-27870,-25590,38410
-28315,-25540,38637
-27824,-25879,38211
-28281,-25815,38455
-28245,-26092,38270
-27343,-25659,38105
-27258,-25996,37861
-27773,-26176,38004
-28207,-26373,38083
-27717,-26480,37790
-28165,-26658,37890
-28121,-26950,37692
-28540,-27070,37788
-28501,-27357,37598
-27159,-26350,37604
-27044,-26721,37332
-27656,-26791,37569
-27590,-27110,37341
-28072,-27247,37488
-27511,-27444,37100
-28019,-27551,37275
-28460,-27645,37404
-27961,-27862,37056
-28417,-27937,37207
-28370,-28235,37004
-26913,-27110,37044
-27418,-27795,36846
-27310,-28162,36578
-27898,-28179,36831
-27831,-28503,36599
-28319,-28538,36796
-28263,-28849,36579
-28716,-28849,36754
-28203,-29165,36355
-28671,-29150,36551
-28622,-29456,36344
-27187,-28546,36295
-27048,-28948,35997
-27758,-28834,36361
-27673,-29179,36111
-27572,-29541,35847
-28139,-29488,36126
-28070,-29816,35890
-28570,-29768,36130
-28512,-30086,35908
-28451,-30411,35679
-28881,-30629,35703
-26898,-29360,35691
-27456,-29919,35570
-27998,-30150,35650
-27324,-30314,35278
-27919,-30490,35404
-28385,-30741,35445
-27826,-30846,35146
-28827,-30948,35485
-28315,-31077,35205
-28768,-31275,35258
-28705,-31607,35025
-27177,-30724,34972
-27719,-31218,34873
-28241,-31418,34959
-27596,-31607,34587
-28163,-31761,34711
-28637,-31945,34785
-28079,-32112,34457
-28566,-32288,34540
-29031,-32408,34633
-28490,-32636,34290
-28966,-32748,34394
-28897,-33094,34150
-27021,-31143,34658
-26857,-31568,34339
-27456,-32012,34285
-27302,-32432,33971
-27981,-32478,34190
-27867,-32861,33909
-28411,-32987,34037
-28329,-33340,33782
-28824,-33444,33901
-28746,-33800,33645
-28666,-34157,33388
-29163,-34184,33541
-29088,-34542,33287
-27140,-32860,33650
-26970,-33295,33323
-27737,-33260,33613
-27590,-33677,33303
-28240,-33699,33520
-28136,-34075,33245
-28016,-34468,32956
-28582,-34517,33127
-28496,-34879,32865
-29009,-34904,33028
-28927,-35270,32764
-29279,-35946,32439
-26791,-33737,32986
-27430,-34107,32981
-27261,-34544,32651
-27880,-34878,32652
-27726,-35305,32332
-28402,-35247,32596
-28292,-35633,32313
-28841,-35637,32499
-28167,-36035,32015
-28753,-36005,32231
-29195,-36320,32170
-28662,-36376,31961
-29107,-36696,31898
-29017,-37072,31625
-27084,-34990,32313
-26898,-35442,31968
-27559,-35745,32001
-27384,-36193,31661
-28024,-36455,31703
-28563,-36754,31685
-27864,-36893,31374
-28449,-37148,31395
-28924,-37450,31350
-28318,-37559,31090
-29380,-37690,31328
-28828,-37830,31073
-29288,-38075,31049
-29193,-38461,30768
-26706,-35900,31616
-27200,-36647,31314
-27008,-37107,30961
-27690,-37342,31033
-27508,-37799,30685
-28169,-37989,30768
-28725,-38215,30790
-28002,-38436,30430
-28607,-38617,30493
-29095,-38847,30486
-28471,-39037,30180
-28994,-39236,30201
-29469,-39404,30218
-28888,-39629,29912
-29369,-39799,29930
-29266,-40195,29640
-26810,-37569,30602
-27319,-38257,30330
-27122,-38721,29969
-27824,-38890,30081
-27637,-39350,29725
-28316,-39474,29849
-28145,-39924,29503
-28765,-40038,29608
-28624,-40462,29286
-29160,-40592,29348
-29050,-40992,29053
-29545,-41086,29111
-29438,-41490,28814
-26605,-38037,30236
-26918,-39191,29602
-27442,-39816,29363
-27238,-40289,28994
-27960,-40384,29147
-27767,-40852,28783
-28466,-40902,28949
-28289,-41359,28596
-28924,-41402,28741
-28779,-41830,28413
-29327,-41895,28515
-28617,-42276,28069
-29212,-42296,28211
-29083,-42710,27894
-29609,-42729,28010
-29494,-43135,27703
-29374,-43544,27391
-26706,-39667,29228
-26495,-40143,28855
-27027,-40768,28618
-26810,-41252,28238
-27566,-41327,28413
-27356,-41808,28036
-28099,-41828,28232
-27900,-42304,27861
-28435,-42741,27710
-28936,-43144,27561
-28240,-43217,27339
-28769,-43596,27211
-29243,-43963,27069
-29660,-44319,26912
-29092,-44401,26731
-29535,-44736,26593
-29402,-45159,26267
-26592,-41734,27857
-27139,-42296,27653
-26914,-42787,27264
-27692,-42787,27484
-27476,-43276,27098
-28035,-43701,26960
-28583,-44067,26846
-27820,-44192,26573
-28382,-44551,26466
-28922,-44859,26376
-28171,-45043,26078
-28732,-45335,26003
-29249,-45601,25924
-29697,-45871,25818
-29076,-46064,25562
-29561,-46300,25486
-29406,-46745,25138
-29720,-47386,24726
-26376,-42215,27478
-26691,-43277,26875
-27251,-43772,26705
-26468,-43765,26487
-27020,-44271,26307
-27597,-44689,26179
-27366,-45193,25778
-27950,-45541,25684
-28525,-45826,25616
-27721,-46046,25282
-28308,-46325,25221
-28883,-46545,25184
-28671,-47043,24790
-29231,-47212,24772
-29035,-47697,24389
-29564,-47834,24375
-29388,-48303,24006
-29723,-48868,23635
-26246,-44251,26101
-26790,-44768,25911
-26562,-45262,25517
-27129,-45699,25373
-26892,-46202,24970
-27483,-46555,24875
-28082,-46830,24820
-27239,-47069,24465
-27847,-47341,24411
-28449,-47547,24390
-28217,-48059,23981
-28820,-48199,23991
-28592,-48711,23584
-29190,-48791,23620
-28971,-49298,23217
-29546,-49338,23264
-29347,-49829,22875
-29127,-50341,22472
-29706,-50321,22544
-29507,-50815,22155
-26334,-45753,25128
-26108,-46243,24744
-26657,-46703,24576
-26424,-47200,24185
-26996,-47579,24062
-27603,-47858,24001
-26754,-48086,23662
-27352,-48379,23589
-27975,-48577,23572
-27725,-49101,23158
-28355,-49229,23175
-28107,-49755,22761
-28739,-49816,22809
-28496,-50342,22396
-28243,-50874,21975
-28889,-50866,22061
-29285,-51329,21754
-28641,-51398,21642
-29669,-51748,21462
-29044,-51860,21337
-29447,-52265,21059
-29612,-53151,20384
-26191,-47696,23794
-25958,-48190,23402
-26514,-48590,23263
-27101,-48896,23179
-26274,-49092,22863
-26853,-49410,22771
-27467,-49630,22739
-26605,-49921,22362
-27209,-50155,22320
-27850,-50286,22340
-26952,-50676,21902
-27585,-50822,21913
-27319,-51356,21484
-27980,-51413,21548
-27707,-51957,21110
-28383,-51938,21215
-28791,-52400,20912
-28113,-52484,20778
-29203,-52801,20637
-28527,-52947,20478
-28946,-53348,20206
-29367,-53691,19960
-28676,-53903,19763
-29439,-53845,19668
-29105,-54245,19522
-29177,-54401,19226
-29250,-54562,18921
-26035,-49591,22465
-25797,-50088,22068
-26358,-50429,21956
-26113,-50934,21552
-26697,-51194,21486
-26444,-51708,21073
-27055,-51885,21058
-26793,-52410,20635
-27433,-52499,20673
-27161,-53037,20238
-27834,-53036,20333
-28251,-53501,20032
-27551,-53588,19886
-27965,-54061,19580
-28394,-54465,19310
-28830,-54807,19071
-28103,-55032,18851
-28902,-54966,18775
-28544,-55377,18612
-28974,-55130,18470
-28615,-55538,18315
-29049,-55300,18154
-28687,-55705,18009
-28761,-55878,17692
-28837,-56056,17365
-25869,-51436,21149
-25626,-51937,20747
-26193,-52219,20662
-25942,-52727,20253
-26533,-52930,20214
-26274,-53448,19796
-26892,-53569,19807
-26624,-54098,19379
-27271,-54134,19443
-27675,-54622,19124
-26994,-54675,19003
-27387,-55178,18672
-27804,-55603,18385
-28247,-55953,18144
-27508,-56169,17924
-28317,-56116,17847
-27941,-56533,17671
-28389,-56286,17540
-28011,-56700,17373
-28462,-56463,17222
-28081,-56873,17064
-28537,-56645,16893
-28153,-57053,16745
-28614,-56833,16553
-28226,-57239,16414
-28301,-57432,16071
-28376,-57631,15710
-25693,-53233,19845
-25445,-53736,19438
-26017,-53962,19380
-25762,-54473,18965
-26359,-54622,18953
-26095,-55142,18530
-26719,-55211,18567
-27102,-55728,18223
-26447,-55743,18134
-26819,-56272,17778
-27214,-56729,17466
-26541,-56806,17337
-27635,-57110,17199
-26925,-57277,17012
-27703,-57280,16899
-27335,-57676,16731
-27771,-57457,16588
-27401,-57849,16430
-27841,-57641,16267
-27467,-58029,16118
-27912,-57832,15933
-27535,-58217,15794
-27983,-58030,15584
-27603,-58412,15457
-28055,-58235,15219
-27670,-58615,15102
-28127,-58444,14834
-27739,-58824,14733
-27808,-59039,14343
-27880,-59262,13940
-25509,-54976,18552
-25258,-55477,18140
-25835,-55654,18108
-25576,-56163,17689
-26178,-56265,17703
-25318,-56669,17270
-25911,-56783,17274
-25645,-57298,16847
-26265,-57336,16898
-26640,-57820,16562
-25991,-57861,16461
-27038,-58233,16268
-26356,-58357,16114
-27102,-58409,15965
-26744,-58785,15808
-27167,-58592,15651
-26807,-58963,15505
-27233,-58783,15326
-26453,-59332,15352
-26871,-59149,15190
-26515,-59511,15048
-27297,-58982,14984
-26934,-59343,14862
-27362,-59189,14627
-26996,-59545,14515
-27428,-59403,14252
-27058,-59756,14156
-27494,-59624,13859
-27121,-59974,13776
-27563,-59853,13452
-27185,-60200,13381
-27634,-60089,13029
-27250,-60434,12970
-27319,-60677,12544
-27387,-60928,12093
-25061,-57173,16853
-25381,-57810,16422
-25118,-58320,15998
-25718,-58383,16027
-26075,-58891,15670
-25447,-58902,15595
-25795,-59420,15228
-26164,-59873,14899
-25518,-59945,14789
-26577,-59699,14732
-26225,-60054,14595
-25877,-60410,14450
-26637,-59896,14399
-26286,-60244,14277
-25938,-60592,14145
-26698,-60102,14051
-26344,-60443,13941
-25996,-60783,13824
-26758,-60316,13689
-26403,-60651,13592
-26054,-60984,13487
-26818,-60537,13306
-26461,-60868,13227
-26111,-61194,13137
-26879,-60767,12908
-26519,-61093,12841
-26168,-61413,12768
-26943,-61007,12495
-26579,-61327,12441
-26224,-61641,12381
-27007,-61255,12063
-26639,-61571,12025
-26281,-61880,11979
-27072,-61512,11607
-26700,-61824,11587
-27140,-61779,11133
-26762,-62088,11127
-26826,-62361,10648
-26894,-62643,10151
-24856,-58827,15576
-25178,-59417,15165
-24910,-59929,14736
-24642,-60440,14308
-25242,-60467,14351
-25593,-60943,14002
-24967,-60986,13916
-25653,-61125,13697
-25310,-61472,13557
-25709,-61318,13373
-25368,-61655,13249
-25766,-61520,13036
-25424,-61848,12925
-25822,-61732,12685
-25480,-62051,12588
-25877,-61953,12313
-25535,-62265,12236
-25932,-62184,11925
-25589,-62488,11862
-26340,-62128,11560
-25987,-62426,11521
-25642,-62721,11472
-26397,-62386,11115
-26042,-62677,11096
-25696,-62965,11067
-26456,-62654,10652
-26098,-62940,10649
-25749,-63220,10637
-26518,-62933,10170
-26154,-63213,10183
-25802,-63487,10187
-25857,-63765,9719
-26213,-63498,9698
-26582,-63222,9669
-25913,-64054,9230
-26275,-63793,9193
-26649,-63521,9147
-26338,-64098,8665
-26402,-64410,8109
-24693,-61502,13480
-25028,-61998,13114
-24419,-62016,13044
-25085,-62181,12803
-24747,-62520,12669
-25141,-62374,12480
-24804,-62703,12360
-24467,-63040,12226
-25197,-62578,12142
-24860,-62897,12036
-24524,-63222,11917
-25251,-62793,11788
-24915,-63101,11699
-24580,-63416,11595
-25303,-63017,11413
-24968,-63316,11343
-24635,-63620,11259
-25356,-63252,11023
-25020,-63541,10969
-24688,-63835,10901
-25408,-63499,10615
-25072,-63778,10578
-24739,-64061,10526
-25458,-63757,10182
-25121,-64027,10165
-24790,-64299,10135
-25510,-64027,9730
-25171,-64287,9730
-24838,-64549,9718
-25221,-64561,9277
-25563,-64309,9259
-24886,-64813,9282
-25272,-64847,8803
-25617,-64604,8768
-25972,-64355,8722
-25324,-65145,8310
-25673,-64909,8256
-26031,-64665,8188
-25378,-65455,7794
-25729,-65224,7716
-26091,-64983,7626
-25430,-65774,7250
-25785,-65546,7149
-26152,-65306,7034
-25483,-66101,6677
-25842,-65876,6553
-25538,-66436,6078
-25903,-66215,5933
-24188,-63557,11784
-24246,-63738,11477
-24302,-63931,11157
-23969,-64251,11039
-24357,-64135,10820
-24025,-64443,10719
-24409,-64350,10462
-24080,-64646,10382
-23750,-64952,10284
-24460,-64576,10087
-24132,-64861,10024
-23804,-65154,9946
-24509,-64815,9692
-24183,-65088,9650
-23856,-65368,9588
-24556,-65067,9274
-24230,-65327,9252
-23907,-65595,9214
-24935,-65089,8827
-24604,-65333,8837
-24277,-65580,8834
-24324,-65847,8396
-24651,-65612,8381
-24984,-65378,8352
-24371,-66128,7938
-24700,-65904,7904
-25035,-65680,7856
-24418,-66422,7461
-24749,-66208,7407
-25085,-65993,7335
-24466,-66729,6962
-24797,-66523,6882
-25136,-66316,6789
-24512,-67046,6433
-24845,-66850,6333
-25186,-66647,6212
-24558,-67376,5881
-24893,-67184,5752
-25238,-66987,5610
-25595,-66781,5455
-24941,-67529,5145
-25290,-67338,4980
-25650,-67134,4796
-24988,-67885,4508
-25339,-67696,4311
-25031,-68248,3829
-25386,-68063,3607
-25072,-68622,3117
-23530,-65659,9511
-23582,-65872,9155
-23954,-65835,8814
-23632,-66098,8778
-23310,-66372,8723
-24000,-66088,8396
-23679,-66338,8379
-23359,-66597,8344
-24047,-66357,7958
-23726,-66592,7961
-23406,-66837,7946
-23772,-66861,7522
-23453,-67092,7528
-24093,-66639,7500
-23499,-67361,7089
-23818,-67144,7064
-24140,-66935,7021
-23544,-67646,6631
-23863,-67442,6584
-24185,-67243,6518
-23590,-67944,6151
-23907,-67751,6078
-24229,-67563,5988
-23632,-68254,5641
-23950,-68073,5547
-24274,-67895,5433
-24603,-67713,5297
-23674,-68578,5109
-23992,-68407,4988
-24316,-68236,4844
-24647,-68063,4684
-24031,-68751,4393
-24356,-68590,4225
-24689,-68423,4037
-24067,-69109,3769
-24392,-68953,3569
-24726,-68792,3351
-24098,-69475,3105
-24425,-69326,2876
-24762,-69171,2631
-24126,-69852,2406
-25113,-69004,2370
-24456,-69710,2150
-24797,-69559,1876
-24485,-70104,1387
-24829,-69954,1082
-24509,-70503,581
-24525,-70900,-282
-23086,-67090,7914
-23134,-67332,7515
-23181,-67588,7097
-22864,-67819,7088
-22911,-68075,6670
-23227,-67857,6659
-22642,-68558,6245
-22958,-68347,6232
-23273,-68142,6200
-22689,-68829,5808
-23003,-68633,5773
-23317,-68441,5718
-22735,-69116,5349
-23046,-68933,5288
-23358,-68752,5208
-22777,-69415,4862
-23087,-69244,4776
-23399,-69077,4673
-23713,-68913,4544
-22817,-69729,4348
-23125,-69571,4238
-23435,-69414,4102
-23748,-69260,3945
-22853,-70058,3805
-23158,-69908,3662
-23467,-69763,3499
-23780,-69620,3314
-22883,-70398,3223
-23188,-70259,3054
-23495,-70124,2861
-23807,-69989,2643
-23212,-70622,2409
-23518,-70495,2184
-23831,-70369,1938
-23231,-70995,1728
-24152,-70240,1672
-23538,-70879,1473
-23852,-70761,1198
-23248,-71381,1012
-24176,-70639,902
-23555,-71274,727
-23870,-71164,420
-24192,-71041,83
-23566,-71679,-61
-23879,-71569,-411
-24200,-71443,-792
-23567,-72087,-903
-23879,-71974,-1298
-24202,-71848,-1716
-23560,-72495,-1801
-23872,-72384,-2233
-23859,-72796,-3218
-22422,-69308,5386
-22468,-69594,4927
-22201,-70068,4504
-22509,-69892,4437
-22242,-70367,4013
-22547,-70207,3920
-21974,-70837,3589
-22278,-70681,3494
-22581,-70536,3374
-22009,-71151,3067
-22310,-71010,2943
-22609,-70876,2788
-22910,-70750,2611
-22040,-71479,2512
-22336,-71350,2354
-22633,-71231,2172
-22930,-71113,1960
-22064,-71819,1922
-22357,-71703,1733
-22651,-71595,1514
-22083,-72171,1295
-22947,-71488,1274
-22372,-72068,1072
-22664,-71972,824
-22960,-71875,553
-22383,-72446,377
-23260,-71778,259
-22673,-72362,96
-22966,-72275,-208
-22387,-72837,-358
-23264,-72184,-541
-22674,-72764,-674
-22963,-72682,-1019
-23258,-72595,-1392
-22664,-73171,-1496
-22951,-73094,-1881
-23243,-73006,-2301
-22645,-73584,-2367
-23546,-72909,-2747
-22929,-73507,-2799
-23222,-73423,-3256
-23525,-73324,-3741
-22901,-73928,-3761
-23194,-73841,-4259
-22867,-74348,-4771
-23501,-73738,-4774
-23164,-74260,-5298
-23131,-74681,-6368
-21742,-71618,2641
-21770,-71944,2083
-21502,-72405,1654
-21794,-72283,1490
-21524,-72743,1059
-21810,-72634,858
-22096,-72536,631
-21253,-73199,626
-21537,-73093,423
-21820,-72999,191
-21265,-73547,-12
-22103,-72914,-69
-21544,-73457,-249
-21822,-73377,-516
-21268,-73910,-692
-22101,-73306,-812
-21542,-73835,-964
-22382,-73241,-1137
-21816,-73769,-1267
-22091,-73709,-1601
-21531,-74226,-1722
-22366,-73649,-1969
-21800,-74171,-2064
-22069,-74118,-2441
-21509,-74626,-2529
-22340,-74064,-2851
-21772,-74580,-2913
-22616,-73999,-3294
-22036,-74533,-3333
-22306,-74482,-3786
-21733,-74994,-3813
-21996,-74952,-4272
-22583,-74422,-4263
-21689,-75415,-4757
-22266,-74907,-4762
-21951,-75378,-5255
-22543,-74845,-5279
-22221,-75333,-5784
-22830,-74772,-5816
-21899,-75807,-6283
-22500,-75273,-6330
-22171,-75764,-6840
-22791,-75198,-6893
-22453,-75703,-7413
-22113,-76198,-7932
-22744,-75615,-8011
-22395,-76122,-8542
-22041,-76620,-9076
-22325,-76526,-9721
-20992,-73998,-450
-20991,-74359,-1136
-21262,-74288,-1413
-20714,-74805,-1582
-20981,-74735,-1864
-21246,-74678,-2177
-20697,-75179,-2317
-20959,-75125,-2635
-20406,-75619,-2778
-21217,-75076,-2993
-20666,-75566,-3100
-21475,-75035,-3385
-20921,-75521,-3462
-20365,-76003,-3573
-21176,-75484,-3858
-20618,-75961,-3939
-21430,-75449,-4291
-20870,-75929,-4337
-21122,-75899,-4774
-20558,-76369,-4822
-20807,-76343,-5262
-21377,-75871,-5243
-21059,-76322,-5735
-21635,-75841,-5748
-20734,-76766,-6232
-21312,-76298,-6246
-20983,-76748,-6748
-21571,-76273,-6786
-21237,-76731,-7293
-21837,-76242,-7350
-20896,-77182,-7805
-21498,-76710,-7863
-21152,-77171,-8380
-21766,-76678,-8455
-21413,-77148,-8981
-21053,-77610,-9511
-21680,-77104,-9611
-21312,-77576,-10149
-21956,-77029,-10267
-20941,-78036,-10690
-21580,-77517,-10815
-21200,-77990,-11364
-21860,-77433,-11499
-21470,-77921,-12061
-21078,-78395,-12622
-21349,-78310,-13354
-20055,-76437,-4056
-20307,-76397,-4423
-19988,-76829,-4913
-20238,-76804,-5313
-19660,-77257,-5412
-20485,-76782,-5756
-19909,-77234,-5812
-20155,-77215,-6256
-19572,-77659,-6319
-20401,-77203,-6736
-19817,-77644,-6763
-20060,-77635,-7246
-19472,-78064,-7277
-20646,-77191,-7255
-19713,-78057,-7762
-20302,-77629,-7768
-19953,-78056,-8286
-20548,-77627,-8321
-19600,-78478,-8806
-20195,-78061,-8843
-20799,-77624,-8902
-19839,-78488,-9366
-20441,-78066,-9428
-20080,-78500,-9956
-20689,-78059,-10044
-19716,-78927,-10483
-20321,-78500,-10579
-19952,-78934,-11113
-20566,-78486,-11232
-20190,-78927,-11773
-20818,-78451,-11914
-19813,-79361,-12313
-20434,-78903,-12463
-20049,-79346,-13010
-20684,-78858,-13180
-20290,-79311,-13737
-20944,-78787,-13923
-19894,-79753,-14292
-20540,-79253,-14489
-20135,-79709,-15053
-20803,-79173,-15262
-20387,-79643,-15836
-20220,-80007,-17235
-19227,-78077,-6833
-19123,-78480,-7793
-19362,-78475,-8281
-18771,-78891,-8312
-19008,-78888,-8802
-18651,-79296,-9324
-19244,-78895,-9328
-18885,-79306,-9851
-19479,-78910,-9891
-18523,-79712,-10375
-19118,-79325,-10415
-18753,-79735,-10941
-19350,-79347,-11012
-18982,-79760,-11542
-19581,-79360,-11647
-18611,-80167,-12072
-19208,-79778,-12180
-18833,-80190,-12714
-19434,-79786,-12852
-19053,-80203,-13391
-19663,-79780,-13555
-18671,-80614,-13929
-19275,-80206,-14100
-18887,-80622,-14643
-19499,-80187,-14845
-19102,-80611,-15395
-19729,-80153,-15615
-18710,-81026,-15940
-19324,-80587,-16173
-19970,-80100,-16408
-18925,-81012,-16724
-19555,-80545,-16976
-19146,-80980,-17535
-19793,-80466,-17813
-19374,-80914,-18381
-18962,-81351,-18940
-19614,-80817,-19254
-19192,-81268,-19823
-19006,-81592,-21311
-18290,-79699,-9848
-18158,-80113,-10901
-17791,-80510,-11428
-18387,-80139,-11467
-18018,-80538,-11995
-17647,-80931,-12523
-18239,-80567,-12603
-17865,-80962,-13133
-18456,-80596,-13247
-17494,-81352,-13659
-18079,-80994,-13778
-17706,-81388,-14305
-18290,-81017,-14464
-17914,-81414,-14993
-18501,-81030,-15183
-17540,-81805,-15518
-18119,-81431,-15717
-17741,-81826,-16245
-18323,-81434,-16478
-17940,-81836,-17010
-18531,-81429,-17267
-17563,-82230,-17535
-18142,-81837,-17803
-18744,-81405,-18086
-17759,-82238,-18332
-18348,-81821,-18629
-17957,-82229,-19164
-18558,-81778,-19490
-17573,-82629,-19692
-18159,-82196,-20032
-18777,-81708,-20382
-17767,-82605,-20565
-18369,-82137,-20931
-17969,-82556,-21472
-18588,-82036,-21870
-18177,-82468,-22418
-17774,-82890,-22948
-18397,-82333,-23398
-17983,-82769,-23936
-17787,-83041,-25500
-17277,-81321,-13048
-17126,-81738,-14181
-16760,-82119,-14700
-17336,-81776,-14828
-16969,-82159,-15347
-16604,-82538,-15862
-17171,-82191,-16037
-16242,-82913,-16373
-16804,-82572,-16553
-17368,-82215,-16768
-16441,-82948,-17064
-16998,-82598,-17286
-16632,-82976,-17799
-17189,-82618,-18055
-16269,-83349,-18308
-16819,-83000,-18569
-17381,-82632,-18855
-16454,-83376,-19078
-17007,-83020,-19372
-16637,-83401,-19883
-17193,-83022,-20214
-16818,-83407,-20725
-16448,-83786,-21226
-17381,-83006,-21091
-17001,-83399,-21602
-16625,-83784,-22105
-17574,-82966,-22000
-17187,-83368,-22515
-16805,-83761,-23023
-16428,-84146,-23524
-17377,-83302,-23469
-16988,-83705,-23982
-16604,-84099,-24488
-17577,-83195,-24465
-17178,-83610,-24984
-16786,-84015,-25495
-17378,-83471,-26026
-16977,-83890,-26544
-16582,-84298,-27053
-17177,-83706,-27641
-16773,-84127,-28157
-16563,-84315,-29830
-16080,-83320,-17572
-15721,-83687,-18077
-15908,-83716,-18812
-15551,-84080,-19306
-16091,-83747,-19580
-15196,-84439,-19796
-15732,-84113,-20072
-16272,-83776,-20381
-15376,-84474,-20560
-15910,-84145,-20873
-15022,-84830,-21045
-15551,-84509,-21362
-15196,-84866,-21846
-16082,-84158,-21721
-15720,-84525,-22210
-15362,-84885,-22694
-16254,-84162,-22602
-15888,-84534,-23093
-15526,-84899,-23579
-15169,-85259,-24060
-16057,-84523,-24018
-15690,-84894,-24506
-15328,-85258,-24989
-16226,-84484,-24986
-15854,-84862,-25478
-15486,-85233,-25963
-16401,-84411,-25998
-15124,-85596,-26442
-16022,-84799,-26493
-15648,-85178,-26981
-15280,-85549,-27463
-16195,-84695,-27554
-15814,-85084,-28047
-15439,-85463,-28532
-16376,-84537,-28665
-15986,-84937,-29163
-15603,-85327,-29653
-15226,-85708,-30136
-16161,-84726,-30339
-15767,-85126,-30838
-15379,-85515,-31330
-15927,-84847,-32095
-15527,-85242,-32598
-15135,-85625,-33093
-15266,-85289,-34442
-14671,-85182,-21526
-14843,-85219,-22326
-14493,-85567,-22803
-14146,-85911,-23277
-15007,-85241,-23174
-14655,-85591,-23650
-14307,-85937,-24122
-13961,-86278,-24591
-14814,-85612,-24536
-14463,-85961,-25007
-14116,-86304,-25474
-14970,-85615,-25466
-13771,-86643,-25938
-14616,-85967,-25938
-14265,-86313,-26405
-13919,-86654,-26868
-14766,-85953,-26915
-14412,-86304,-27383
-14062,-86648,-27846
-14916,-85913,-27938
-14558,-86270,-28407
-14204,-86621,-28870
-15069,-85835,-29010
-13854,-86965,-29328
-14705,-86199,-29482
-14346,-86556,-29947
-13992,-86906,-30406
-14854,-86080,-30612
-14488,-86443,-31082
-14127,-86798,-31546
-14997,-85894,-31814
-14622,-86264,-32290
-14254,-86624,-32760
-13891,-86973,-33224
-14751,-85997,-33579
-14373,-86359,-34058
-14001,-86712,-34531
-14869,-85663,-34943
-14478,-86026,-35435
-14094,-86378,-35921
-14566,-85604,-36902
-14168,-85956,-37401
-13777,-86298,-37892
-13831,-85809,-39460
-13617,-86615,-25056
-13429,-86977,-26398
-13089,-87308,-26854
-13575,-86990,-27327
-13234,-87322,-27782
-12896,-87649,-28234
-13716,-86988,-28304
-12560,-87971,-28682
-13373,-87322,-28758
-13033,-87651,-29208
-12696,-87975,-29654
-13509,-87303,-29781
-13167,-87636,-30230
-12828,-87963,-30674
-12494,-88285,-31114
-13642,-87249,-30860
-13297,-87585,-31309
-12957,-87914,-31754
-12619,-88236,-32195
-13771,-87144,-32004
-13421,-87483,-32457
-13075,-87814,-32905
-12732,-88139,-33348
-13533,-87313,-33683
-13180,-87645,-34137
-12832,-87970,-34585
-12487,-88289,-35028
-13635,-87056,-34997
-13273,-87391,-35457
-12916,-87717,-35912
-12563,-88035,-36361
-13716,-86720,-36399
-13343,-87052,-36871
-12976,-87375,-37336
-12613,-87688,-37796
-13392,-86629,-38376
-13012,-86951,-38852
-12639,-87264,-39321
-13433,-86146,-39952
-13042,-86472,-40437
-12657,-86788,-40914
-12277,-87094,-41385
-13072,-85938,-42092
-12672,-86257,-42580
-12274,-86561,-43064
-12257,-85951,-44836
-12362,-88295,-30096
-12032,-88610,-30535
-12163,-88602,-31550
-11835,-88914,-31984
-11509,-89222,-32414
-12285,-88553,-32632
-11954,-88864,-33066
-11625,-89171,-33497
-11298,-89472,-33925
-12393,-88458,-33787
-12057,-88770,-34222
-11725,-89077,-34653
-11395,-89379,-35081
-11068,-89675,-35506
-12146,-88601,-35466
-11809,-88906,-35901
-11475,-89205,-36331
-11143,-89498,-36759
-12214,-88346,-36806
-11869,-88650,-37246
-11528,-88946,-37683
-11189,-89235,-38116
-12255,-87994,-38250
-11900,-88291,-38700
-11549,-88581,-39146
-11202,-88863,-39587
-12270,-87568,-39784
-11907,-87864,-40241
-11547,-88152,-40694
-11189,-88429,-41143
-11901,-87389,-41852
-11525,-87671,-42316
-11150,-87941,-42778
-11877,-86851,-43545
-11481,-87127,-44023
-11087,-87390,-44499
-11837,-86237,-45332
-11420,-86508,-45825
-11004,-86766,-46315
-11348,-85796,-47740
-10914,-86054,-48240
-10974,-89769,-34350
-10743,-89965,-35929
-10421,-90249,-36349
-10814,-89785,-37184
-10487,-90067,-37606
-10162,-90340,-38025
-9839,-90606,-38442
-10853,-89518,-38545
-10519,-89795,-38973
-10187,-90065,-39398
-9854,-90320,-39822
-9519,-90565,-40249
-10857,-89138,-40025
-10513,-89404,-40462
-10168,-89660,-40898
-9822,-89907,-41334
-10830,-88696,-41592
-10472,-88952,-42039
-10112,-89198,-42486
-9752,-89434,-42933
-10775,-88199,-43239
-10399,-88446,-43699
-10024,-88682,-44157
-9648,-88906,-44615
-10693,-87640,-44973
-10300,-87879,-45445
-9909,-88108,-45912
-9521,-88328,-46377
-10593,-87012,-46799
-10185,-87248,-47279
-9780,-87474,-47754
-9378,-87690,-48225
-10485,-86299,-48734
-10059,-86533,-49223
-9638,-86756,-49706
-9221,-86969,-50185
-10368,-85471,-50800
-9925,-85705,-51298
-9489,-85931,-51787
-9062,-86150,-52267
-9352,-84993,-53989
-9183,-90801,-40677
-9474,-90141,-41769
-9124,-90366,-42206
-8772,-90582,-42643
-8417,-90789,-43083
-9390,-89657,-43379
-9026,-89869,-43825
-8662,-90073,-44270
-8298,-90270,-44714
-7934,-90462,-45157
-9272,-89123,-45070
-8899,-89328,-45521
-8526,-89525,-45970
-8154,-89716,-46417
-9134,-88539,-46838
-8750,-88740,-47295
-8368,-88932,-47748
-7987,-89117,-48199
-8979,-87897,-48693
-8582,-88095,-49156
-8189,-88281,-49614
-7800,-88463,-50067
-8809,-87174,-50658
-8404,-87373,-51123
-8004,-87565,-51581
-8642,-86362,-52739
-8229,-86568,-53204
-7824,-86767,-53661
-8913,-85226,-54469
-8484,-85448,-54941
-8063,-85662,-55406
-7649,-85869,-55862
-8359,-84305,-57316
-7921,-84558,-57768
-7493,-84800,-58213
-7387,-83405,-60775
-7571,-90647,-45599
-7783,-89901,-46863
-7413,-90079,-47307
-7043,-90251,-47750
-6673,-90417,-48191
-7607,-89294,-48648
-7229,-89466,-49094
-6855,-89634,-49536
-6484,-89799,-49974
-7415,-88640,-50515
-7035,-88813,-50958
-6659,-88983,-51395
-6287,-89148,-51829
-7611,-87751,-52031
-7222,-87931,-52476
-6839,-88107,-52915
-6460,-88279,-53349
-7424,-86958,-54110
-7031,-87143,-54552
-6643,-87323,-54988
-6260,-87498,-55419
-7242,-86068,-56310
-6843,-86259,-56750
-6449,-86445,-57183
-6061,-86625,-57611
-7074,-85030,-58650
-6664,-85246,-59081
-6261,-85449,-59508
-6954,-83666,-61204
-6530,-83916,-61623
-6115,-84156,-62036
-6427,-82350,-64336
-6002,-82604,-64747
-6116,-89960,-50409
-5750,-90119,-50840
-5918,-89311,-52259
-5553,-89470,-52685
-5190,-89627,-53108
-4830,-89780,-53528
-6085,-88447,-53779
-5715,-88611,-54204
-5348,-88772,-54624
-4985,-88929,-55041
-5882,-87670,-55844
-5509,-87837,-56265
-5140,-88000,-56681
-4775,-88159,-57092
-5679,-86801,-58032
-5302,-86972,-58448
-4930,-87139,-58859
-5866,-85641,-59930
-5479,-85823,-60347
-5097,-86000,-60759
-4722,-86173,-61165
-5708,-84386,-62443
-5309,-84606,-62845
-4917,-84818,-63241
-4532,-85021,-63633
-5586,-82850,-65150
-5177,-83088,-65545
-4776,-83320,-65934
-4382,-83545,-66316
-5468,-81156,-67974
-5051,-81405,-68369
-4642,-81647,-68756
-4507,-79820,-71682
-4625,-89084,-55455
-4268,-89235,-55865
-3913,-89383,-56273
-4414,-88315,-57500
-4056,-88468,-57904
-3701,-88618,-58304
-3350,-88764,-58700
-4563,-87302,-59265
-4199,-87461,-59667
-3840,-87617,-60065
-3485,-87769,-60459
-3134,-87917,-60848
-4352,-86342,-61566
-3986,-86506,-61963
-3626,-86666,-62354
-3269,-86822,-62742
-4153,-85217,-64020
-3780,-85405,-64403
-3413,-85584,-64783
-3052,-85753,-65161
-3994,-83764,-66692
-3613,-83977,-67062
-3237,-84184,-67428
-4240,-81881,-69137
-3846,-82109,-69510
-3459,-82330,-69878
-3078,-82544,-70240
-4097,-80066,-72061
-3695,-80304,-72431
-3301,-80534,-72792
-2914,-80758,-73146
-3544,-78333,-75429
-3141,-78576,-75787
-3003,-88904,-59092
-2788,-88060,-61232
-2445,-88197,-61611
-2106,-88330,-61986
-2917,-86974,-63124
-2569,-87119,-63501
-2226,-87259,-63872
-1887,-87393,-64238
-1552,-87522,-64600
-2697,-85911,-65535
-2348,-86061,-65904
-2004,-86204,-66267
-1664,-86342,-66625
-2868,-84383,-67789
-2504,-84573,-68145
-2147,-84754,-68496
-1796,-84925,-68842
-2703,-82753,-70596
-2335,-82954,-70945
-1973,-83148,-71287
-1617,-83334,-71619
-2533,-80975,-73494
-2161,-81183,-73835
-1795,-81383,-74168
-1436,-81575,-74495
-2746,-78811,-76139
-2360,-79039,-76483
-1981,-79256,-76820
-1610,-79464,-77148
-2578,-76676,-79236
-2183,-76916,-79577
-1798,-77146,-79908
-1421,-77364,-80231
-1615,-74820,-83110
-1220,-87647,-64957
-1328,-86474,-66978
-997,-86601,-67327
-669,-86723,-67670
-345,-86840,-68010
-1450,-85088,-69183
-1110,-85243,-69519
-774,-85391,-69851
-444,-85530,-70179
-117,-85661,-70505
-1267,-83513,-71944
-922,-83686,-72264
-583,-83853,-72578
-248,-84013,-72887
-1083,-81759,-74814
-736,-81936,-75128
-395,-82107,-75435
-59,-82271,-75737
-1247,-79663,-77469
-890,-79854,-77783
-540,-80037,-78091
-197,-80213,-78392
-1052,-77574,-80547
-691,-77774,-80855
-337,-77966,-81156
-1232,-75055,-83427
-858,-75279,-83736
-492,-75493,-84038
-134,-75698,-84332
-664,-72736,-87048
-291,-72966,-87342
203,-85782,-70825
519,-85891,-71140
82,-84166,-73192
407,-84312,-73492
727,-84447,-73787
1041,-84574,-74076
1350,-84691,-74359
272,-82430,-76034
597,-82581,-76325
918,-82725,-76608
1233,-82861,-76885
141,-80383,-78687
473,-80545,-78976
799,-80699,-79258
1119,-80846,-79534
9,-78150,-81450
349,-78328,-81738
682,-78497,-82019
1008,-78657,-82292
1328,-78810,-82559
216,-75893,-84619
559,-76080,-84899
895,-76257,-85170
1223,-76425,-85435
72,-73186,-87628
428,-73395,-87906
775,-73594,-88177
1114,-73782,-88439
994,-70822,-91585
642,-70607,-91325
280,-70379,-91057
1542,-82990,-77156
1845,-83109,-77419
2138,-83216,-77671
1433,-80985,-79802
1742,-81116,-80064
2045,-81239,-80318
2338,-81350,-80563
2619,-81446,-80795
1642,-78954,-82818
1949,-79090,-83071
2251,-79218,-83317
2544,-79335,-83554
1544,-76584,-85692
1859,-76734,-85942
2167,-76876,-86185
2468,-77010,-86421
1445,-73960,-88693
1769,-74129,-88940
2085,-74288,-89180
2394,-74438,-89412
2317,-71571,-92544
1999,-71399,-92315
1673,-71218,-92080
1338,-71025,-91836
2233,-68334,-95836
1902,-68133,-95614
1562,-67919,-95384
1213,-67692,-95146
2123,-64575,-99345
2889,-81528,-81015
2826,-79436,-83778
3097,-79525,-83992
3357,-79602,-84196
3606,-79666,-84390
2762,-77133,-86649
3045,-77243,-86866
3317,-77339,-87073
3579,-77424,-87270
3829,-77496,-87457
2696,-74580,-89638
2991,-74712,-89857
3276,-74832,-90066
3550,-74938,-90266
3813,-75032,-90455
2628,-71733,-92765
2933,-71887,-92981
3230,-72032,-93190
3517,-72164,-93391
3477,-69039,-96664
3177,-68878,-96466
2870,-68706,-96261
2555,-68525,-96051
3422,-65451,-100128
3110,-65250,-99940
2789,-65037,-99747
2461,-64812,-99548
2999,-60908,-103716
4068,-77556,-87635
4300,-77610,-87807
4064,-75114,-90635
4304,-75184,-90805
4536,-75246,-90968
4762,-75301,-91127
4982,-75350,-91280
3793,-72283,-93582
4057,-72389,-93762
4310,-72482,-93933
4551,-72563,-94094
4784,-72635,-94249
5010,-72700,-94399
4808,-69647,-97517
4566,-69552,-97366
4312,-69444,-97205
4046,-69323,-97034
3768,-69188,-96854
4570,-66123,-100808
4302,-65977,-100652
4021,-65817,-100486
3726,-65640,-100310
4252,-61883,-104356
3954,-61660,-104204
3644,-61423,-104047
3326,-61174,-103884
3831,-56681,-108223
5229,-72759,-94543
5443,-72811,-94683
5651,-72858,-94819
5042,-69733,-97662
5268,-69811,-97801
5488,-69882,-97936
5701,-69946,-98066
5908,-70004,-98191
6110,-70058,-98312
5751,-66668,-101472
5532,-66577,-101351
5305,-66479,-101224
5070,-66371,-101092
4826,-66254,-100955
5313,-62600,-104870
5067,-62445,-104755
4809,-62274,-104631
4537,-62087,-104498
5011,-57739,-108708
4736,-57501,-108601
4447,-57245,-108484
4145,-56970,-108357
4219,-54489,-110426
4637,-54077,-111230
6311,-70109,-98433
6966,-67095,-102138
6770,-67032,-102029
6572,-66966,-101920
6372,-66898,-101811
6171,-66827,-101701
5964,-66751,-101589
6622,-63325,-105466
6420,-63224,-105375
6213,-63117,-105282
6000,-63002,-105186
5779,-62878,-105085
5550,-62744,-104980
5990,-58537,-109062
5760,-58357,-108981
5520,-58165,-108896
5272,-57960,-108806
5028,-53656,-111995
5391,-53228,-112722
7605,-63778,-105920
7412,-63694,-105829
7218,-63607,-105739
7021,-63517,-105648
6823,-63423,-105557
7241,-59432,-109487
7041,-59298,-109418
6839,-59159,-109348
6634,-59015,-109279
6427,-58865,-109210
6212,-58706,-109138
6594,-53952,-113372
6380,-53751,-113322
6159,-53541,-113267
5929,-53323,-113206
5691,-53095,-113139
5732,-52795,-113415
6054,-52363,-114081
6360,-51931,-114720
8206,-60039,-109837
8017,-59925,-109767
7825,-59808,-109696
7633,-59686,-109626
7438,-59561,-109557
7613,-54876,-113609
7414,-54701,-113562
7213,-54521,-113515
7010,-54336,-113467
6803,-54146,-113420
6649,-51501,-115335
6929,-51078,-115932
8758,-55818,-113898
8572,-55674,-113849
8384,-55525,-113801
8195,-55371,-113753
8003,-55211,-113705
7809,-55046,-113657
7203,-50664,-116513
7471,-50258,-117081
7732,-49860,-117635
8889,-50770,-118019
8704,-50590,-117987
8518,-50407,-117956
8330,-50222,-117924
8141,-50034,-117890
7949,-49842,-117855
7989,-49469,-118177
8240,-49086,-118706
8485,-48706,-119223
6549,-37810,-124007
9255,-51122,-118081
9073,-50947,-118050
8727,-48334,-119728
8964,-47968,-120224
9197,-47608,-120711
6874,-37272,-124746
9426,-47254,-121188
9652,-46906,-121657
7177,-36741,-125448
7462,-36220,-126116
7729,-35709,-126753
7983,-35211,-127363
8228,-34729,-127952
8467,-34264,-128521
8698,-33812,-129071
8923,-33374,-129602
9141,-32949,-130116
9353,-32538,-130614
9560,-32140,-131096
9761,-31754,-131564
9957,-31380,-132018
10149,-31018,-132459
10337,-30667,-132887
10520,-30326,-133303
10699,-29996,-133708
10875,-29676,-134102
8855,-23665,-135536
9107,-23091,-136182
9347,-22541,-136799
9578,-22011,-137391
9800,-21503,-137957
10013,-21014,-138500
10218,-20545,-139021
10415,-20094,-139521
10605,-19660,-140001
10788,-19243,-140461
10964,-18843,-140904
11135,-18459,-141329
11299,-18090,-141737
11457,-17735,-142127
11608,-17394,-142500
11754,-17067,-142857
11894,-16753,-143198
12028,-16451,-143524
12157,-16162,-143835
12280,-15885,-144129
11180,-12185,-144939
11399,-11653,-145493
11605,-11145,-146014
11799,-10659,-146506
11982,-10195,-146967
12152,-9752,-147400
12310,-9331,-147802
12458,-8937,-148175
12598,-8570,-148520
12723,-8224,-148838
12833,-7898,-149127
12929,-7588,-149395
13016,-7294,-149643
13094,-7015,-149875
13168,-6750,-150093
13239,-6499,-150301
13307,-6260,-150498
13371,-6034,-150684
13433,-5820,-150861
13492,-5618,-151028
13386,-3978,-151603
13513,-3575,-151935
13631,-3199,-152242
13734,-2867,-152509
13814,-2588,-152730
13861,-2358,-152907
13875,-2174,-153043
13884,-2008,-153165
13892,-1854,-153276
13899,-1711,-153377
13906,-1578,-153470
13912,-1455,-153555
13918,-1341,-153631
13923,-1236,-153701
13928,-1138,-153765
13932,-1049,-153822
13937,-966,-153874
13940,-890,-153921
13944,-820,-153963
13947,-756,-154000
-26238,458,54024
-26258,490,54068
-26258,490,54068
-26258,490,54068
-26258,490,54068
-26258,490,54068
-26258,490,54068
-26258,490,54068
-26258,490,54068
-26258,490,54068
-26258,490,54068
-26258,490,54068
-26258,490,54068
-26258,490,54068
-26258,490,54068
-26258,490,54068
-26258,490,54068
-26258,490,54068
-26258,490,54068
-26258,490,54068
-26258,490,54068
13966,-302,-154209
13953,-407,-154140
-25955,3,53396
-25963,11,53413
-25942,5,53370
-25940,3,53366
-25955,17,53397
-25952,1,53391
-25946,9,53379
-25944,7,53375
-25960,8,53408
-25957,6,53402
-25957,19,53402
-25950,13,53388
-25966,27,53421
-25948,11,53384
-25961,23,53411
-25959,21,53407
-25973,34,53436
-25952,15,53393
-25968,29,53426
-25967,42,53424
-25965,40,53420
-25963,38,53416
-25963,25,53416
-25975,36,53441
-25970,31,53431
-25980,40,53452
-25977,38,53446
-25970,45,53432
-25968,43,53428
-25982,43,53457
-25978,52,53449
-25976,51,53445
-25974,49,53441
-25991,64,53476
-25972,47,53437
-25989,62,53472
-25982,56,53458
-25980,54,53454
-25993,79,53481
-25993,66,53481
-25986,60,53467
-25984,58,53463
-26000,72,53496
-25995,68,53486
-25991,78,53478
-25989,76,53474
-25987,74,53470
-26004,90,53505
-25985,73,53466
-26002,75,53501
-26002,88,53501
-26000,86,53497
-25998,84,53493
-25997,70,53491
-25996,83,53489
-25994,81,53485
-26007,93,53513
-26005,91,53509
-26022,106,53544
-26020,104,53540
-26015,114,53530
-26013,99,53526
-26011,97,53522
-26010,109,53520
-26009,95,53518
-26008,108,53516
-26020,118,53541
-26018,117,53537
-26017,103,53535
-26015,101,53531
-26013,112,53527
-26011,110,53523
-26027,125,53556
-26025,123,53552
-26023,121,53548
-26036,133,53575
-26034,131,53571
-26016,115,53534
-26032,130,53567
-26030,128,53563
-26040,137,53584
-26021,120,53545
-26038,135,53580
-26053,162,53613
-26028,126,53560
-26058,167,53624
-26056,165,53620
-26037,148,53579
-26034,145,53573
-26031,142,53567
-26048,158,53602
-26043,153,53592
-26058,181,53625
-26041,138,53588
-26040,150,53586
-26038,149,53582
-26054,177,53617
-26054,164,53617
-26035,146,53576
-26051,161,53609
-26032,144,53570
-26046,156,53599
-26062,184,53634
-26061,170,53632
-26059,182,53628
-26059,169,53628
-26041,152,53589
-26056,179,53622
-26055,178,53620
-26072,194,53655
-26069,191,53649
-26066,188,53643
-26049,159,53606
-26063,186,53637
-26078,199,53668
-26044,155,53596
-26060,183,53631
-26075,196,53662
-26073,195,53658
-26070,192,53652
-26067,190,53646
-26064,187,53640
-26081,202,53675
-26078,213,53669
-26076,198,53665
-26084,218,53682
-26080,215,53674
-26079,214,53672
-26079,201,53672
-26086,221,53687
-26085,219,53685
-26081,216,53677
-26094,228,53704
-26076,212,53667
-26091,225,53698
-26090,224,53696
-26087,222,53690
-26101,234,53719
-26082,217,53680
-26098,232,53713
-26095,229,53707
-26092,227,53701
-26088,223,53693
-26099,233,53716
-26096,230,53710
-26109,255,53737
-26108,254,53735
-26101,248,53721
-26100,247,53719
-26099,246,53717
-26111,257,53742
-26110,256,53740
-26125,284,53773
-26124,283,53771
-26123,282,53769
-26122,281,53767
-26105,252,53730
-26104,251,53728
-26103,250,53726
-26102,249,53724
-26118,264,53757
-26117,263,53755
-26113,259,53747
-26112,258,53745
-26106,253,53733
-26137,295,53799
-26136,294,53797
-26119,265,53760
-26135,293,53795
-26134,292,53793
-26133,291,53791
-26132,291,53789
-26115,262,53752
-26131,290,53787
-26114,261,53750
-26130,289,53785
-26129,288,53783
-26128,287,53781
-26127,286,53779
-26126,285,53777
-26125,284,53775
-26140,298,53806
-26139,297,53804
-26138,296,53802
-26120,266,53763
-26145,316,53817
-26151,322,53830
-26148,319,53824
-26147,318,53822
-26155,325,53839
-26154,324,53837
-26153,324,53835
-26150,321,53829
-26149,320,53827
-26148,319,53825
-26146,317,53821
-26145,317,53819
-26160,330,53850
-26159,329,53848
-26158,328,53846
-26157,328,53844
-26156,327,53842
-26152,323,53834
-26151,322,53832
-26155,326,53841
-26169,352,53870
-26175,357,53883
-26173,356,53879
-26172,355,53877
-26171,354,53875
-26170,353,53873
-26169,352,53871
-26168,351,53869
-26179,362,53894
-26179,361,53892
-26195,390,53927
-26194,389,53925
-26177,359,53888
-26176,359,53886
-26191,386,53919
-26174,357,53882
-26172,355,53878
-26170,353,53874
-26167,351,53868
-26199,393,53936
-26198,392,53934
-26197,391,53932
-26196,391,53930
-26178,361,53891
-26194,389,53926
-26177,360,53889
-26193,388,53924
-26193,388,53924
-26192,387,53922
-26175,358,53885
-26191,386,53920
-26190,385,53918
-26173,356,53881
-26199,394,53937
-26198,393,53935
-26197,392,53933
-26196,391,53931
-26195,390,53929
-26192,388,53923
-26191,387,53921
-26219,425,53980
-26218,425,53978
-26217,424,53976
-26216,423,53974
-26216,423,53974
-26215,422,53972
-26215,422,53972
-26214,421,53970
-26214,421,53970
-26213,420,53968
-26238,457,54022
-26237,456,54020
-26237,456,54020
-26236,455,54018
-26236,455,54018
-26219,426,53981
-26218,425,53979
-26218,425,53979
-26217,424,53977
-26217,424,53977
-26216,423,53975
-26215,422,53973
-26214,422,53971
-26213,421,53969
-26213,420,53969
-26239,458,54025
-26238,457,54023
-26238,457,54023
-26238,457,54023
-26237,456,54021
-26237,456,54021
-26237,456,54021
-26236,455,54019
-26236,455,54019
-26236,455,54019
-26238,457,54024
-26237,456,54022
-26237,457,54022
-26236,456,54020
