14064,67,-154270
14085,64,-154264
14095,27,-154259
14169,99,-154230
14187,53,-154216
14193,226,-154222
14265,56,-154163
14360,244,-154099
14441,59,-154009
14497,214,-153966
14782,126,-153637
15256,60,-153010
15795,202,-152241
14122,248,-154258
14163,259,-154240
14190,447,-154227
14256,475,-154187
14308,306,-154146
14314,447,-154145
14585,433,-153887
14809,332,-153620
15229,356,-153072
16418,369,-151288
14269,663,-154176
14367,710,-154104
14462,684,-154021
14484,525,-153996
14707,742,-153764
14878,592,-153551
15261,680,-153049
15760,637,-152323
17135,608,-150130
14361,897,-154103
14499,961,-153984
14644,929,-153838
14988,934,-153426
15343,1071,-152952
16375,968,-151391
17972,980,-148716
18901,1241,-147009
35055,2440,-44800
34982,2423,-44534
34909,2406,-44272
34837,2390,-44012
34766,2373,-43755
34695,2358,-43502
34624,2342,-43250
34554,2327,-43002
34484,2313,-42756
34414,2299,-42513
34346,2285,-42272
34277,2271,-42034
34209,2258,-41797
34142,2245,-41564
34074,2232,-41332
34008,2221,-41102
33941,2209,-40875
33875,2211,-40656
33810,2212,-40438
33745,2213,-40223
33680,2215,-40010
33616,2217,-39799
33552,2218,-39590
33489,2220,-39382
33426,2222,-39176
33363,2224,-38972
33301,2225,-38770
33239,2227,-38569
33177,2229,-38370
33116,2233,-38173
33054,2239,-37978
32993,2246,-37784
32932,2253,-37591
32871,2260,-37401
32811,2267,-37212
32751,2275,-37024
32692,2282,-36838
14341,1077,-154108
14467,1146,-154006
14656,1223,-153822
14866,1169,-153584
15796,1105,-152295
17097,1461,-150230
19879,1525,-145007
39608,3422,-89824
39745,3303,-88748
39861,3228,-87709
39953,3219,-86713
40036,3221,-85729
40106,3213,-84764
40158,3192,-83826
40193,3175,-82912
40212,3177,-82021
40218,3204,-81149
40216,3240,-80284
40210,3275,-79423
40201,3310,-78564
40187,3344,-77708
40168,3366,-76860
40139,3366,-76025
40103,3357,-75205
40058,3346,-74398
40005,3343,-73605
39946,3353,-72827
39881,3364,-72060
39815,3366,-71303
39746,3360,-70553
39676,3346,-69815
39604,3323,-69091
39529,3296,-68379
39453,3265,-67680
39375,3233,-66995
39296,3204,-66327
39215,3177,-65674
39133,3152,-65036
39051,3129,-64413
38967,3109,-63802
38882,3088,-63205
38797,3069,-62619
38712,3051,-62047
38625,3035,-61485
38539,3020,-60936
38452,3006,-60397
38365,2993,-59869
38278,2982,-59350
38191,2971,-58842
38103,2960,-58342
38016,2951,-57852
37929,2942,-57371
37842,2933,-56898
37755,2927,-56434
37668,2921,-55976
37581,2915,-55526
37495,2910,-55084
37408,2900,-54650
37321,2876,-54231
37235,2851,-53819
37148,2827,-53413
37063,2802,-53013
36977,2778,-52619
36892,2754,-52232
36807,2730,-51850
36723,2705,-51474
36638,2681,-51102
36555,2657,-50737
36472,2633,-50376
36389,2608,-50021
36306,2584,-49670
36224,2564,-49326
36142,2557,-48993
36061,2550,-48664
35980,2544,-48340
35900,2538,-48021
35820,2532,-47706
35741,2527,-47395
35662,2522,-47088
35584,2517,-46786
35507,2513,-46487
35430,2509,-46193
35354,2505,-45902
35278,2493,-45619
35204,2475,-45343
35129,2457,-45070
32633,2289,-36654
32574,2297,-36471
32516,2299,-36293
32459,2297,-36118
32402,2295,-35945
32346,2294,-35773
32289,2292,-35603
32234,2291,-35434
32178,2289,-35266
32123,2288,-35100
32068,2287,-34934
32014,2286,-34770
31959,2285,-34608
31905,2283,-34446
31852,2282,-34285
31798,2280,-34125
31745,2279,-33966
31692,2277,-33809
31640,2276,-33652
31587,2275,-33497
31535,2274,-33342
31484,2273,-33189
31432,2272,-33037
31381,2271,-32885
31330,2270,-32735
31280,2269,-32585
31229,2268,-32437
31179,2268,-32289
31129,2267,-32143
31080,2266,-31997
31030,2266,-31852
30981,2265,-31708
30932,2265,-31565
30884,2270,-31426
30837,2278,-31289
30789,2286,-31153
30742,2294,-31018
30695,2302,-30884
30648,2310,-30750
30602,2318,-30618
30556,2327,-30486
30510,2335,-30354
30464,2343,-30224
30418,2350,-30094
30372,2354,-29965
30326,2359,-29837
30280,2364,-29709
30235,2369,-29582
30190,2374,-29456
30145,2379,-29331
30100,2384,-29206
30055,2389,-29081
30011,2394,-28958
29967,2399,-28835
29923,2404,-28712
29879,2409,-28590
29835,2415,-28469
29792,2420,-28349
29748,2425,-28229
29705,2430,-28109
29662,2436,-27990
29620,2441,-27872
29577,2447,-27752
29535,2452,-27631
29535,2452,-27631
29253,2440,-26868
28972,2420,-26115
28691,2394,-25368
28411,2361,-24632
28132,2324,-23906
27853,2285,-23186
27577,2229,-22487
27301,2177,-21796
27025,2131,-21110
26747,2092,-20428
26461,2084,-19739
26165,2109,-19035
25858,2168,-18297
7831,805,17904
7620,773,18221
7410,770,18523
14423,1311,-154031
14590,1409,-153882
14843,1488,-153610
15138,1388,-153240
15474,1561,-152781
15892,1650,-152170
16416,1613,-151355
20939,1843,-142810
22083,2186,-140429
37031,3884,-102896
37454,3819,-101222
37822,3750,-99674
38142,3690,-98239
38425,3662,-96894
38678,3668,-95613
38909,3697,-94377
39122,3719,-93172
39299,3635,-92031
39460,3533,-90917
25538,2258,-17535
25192,2381,-16726
24821,2535,-15871
8472,1029,16881
8253,936,17236
8043,870,17569
7197,766,18827
6980,763,19132
6761,760,19438
6538,757,19745
6312,755,20054
14515,1559,-153938
14732,1682,-153725
15065,1748,-153334
17920,2098,-148836
23311,2548,-137859
24624,2932,-135101
33860,4124,-113317
34659,4080,-110940
35368,4039,-108716
35995,3993,-106637
36547,3942,-104699
24430,2716,-14992
24026,2901,-14093
8710,1167,16487
6083,752,20363
5850,750,20675
5613,747,20987
5373,745,21301
14620,1818,-153825
14897,1962,-153531
15332,1986,-152981
15653,2183,-152529
17158,2389,-150151
26020,3336,-132153
27482,3710,-129032
28900,3881,-125911
30187,3978,-122951
31349,4080,-120165
31991,4119,-118482
32967,4149,-115841
23595,3055,-13145
23140,3188,-12162
8965,1350,16056
6068,942,20413
5829,910,20742
5129,743,21616
4881,742,21932
14737,2089,-153690
15088,2241,-153291
16046,2319,-151947
16543,2428,-151163
18812,2691,-147168
36240,5719,-50137
36151,5684,-49755
36063,5649,-49377
35975,5614,-49005
35887,5580,-48639
35800,5547,-48277
35714,5515,-47921
35628,5484,-47570
35543,5453,-47224
35458,5421,-46882
35374,5390,-46544
35290,5349,-46217
35208,5304,-45896
35125,5260,-45579
35043,5216,-45266
34962,5175,-44957
34881,5148,-44659
34800,5122,-44365
34719,5096,-44074
34639,5073,-43786
34560,5050,-43502
34481,5027,-43221
34403,5005,-42943
34325,4984,-42669
34248,4963,-42397
34171,4943,-42129
34095,4923,-41864
34019,4904,-41601
33944,4886,-41342
33868,4873,-41085
33793,4861,-40831
33718,4849,-40579
33644,4837,-40331
33570,4826,-40085
33497,4815,-39841
33424,4804,-39599
33352,4794,-39360
33280,4784,-39124
33209,4775,-38889
33138,4765,-38657
33068,4756,-38427
32998,4747,-38199
32928,4739,-37973
32859,4731,-37749
32790,4723,-37527
32722,4715,-37308
32654,4707,-37090
32587,4698,-36875
32521,4680,-36666
32455,4667,-36462
32390,4661,-36263
32326,4656,-36066
32261,4651,-35871
32198,4646,-35677
32134,4641,-35485
32071,4636,-35294
32008,4631,-35105
31946,4627,-34917
31884,4622,-34731
31822,4618,-34546
31761,4614,-34363
31700,4610,-34182
31639,4607,-34002
31579,4603,-33823
31519,4600,-33646
31460,4597,-33470
31401,4594,-33295
31342,4591,-33122
31283,4589,-32950
31225,4586,-32779
31168,4584,-32609
31110,4582,-32441
31053,4580,-32274
30996,4578,-32108
30940,4577,-31944
30883,4575,-31780
30828,4574,-31618
30772,4573,-31456
30717,4572,-31291
30662,4571,-31127
30607,4570,-30964
30553,4569,-30802
30499,4569,-30641
30445,4568,-30481
30391,4568,-30322
30338,4567,-30163
30285,4566,-30006
30232,4565,-29849
30180,4565,-29694
30127,4565,-29539
30075,4564,-29385
30024,4564,-29232
29972,4564,-29080
29921,4564,-28929
29870,4564,-28779
29819,4564,-28629
29769,4565,-28481
29718,4565,-28333
29668,4566,-28186
29619,4566,-28039
29569,4567,-27894
29520,4568,-27749
29471,4569,-27605
29422,4569,-27462
29373,4570,-27319
29325,4572,-27177
29277,4570,-27039
29231,4574,-26907
29185,4578,-26776
29139,4582,-26646
29094,4586,-26516
29049,4591,-26387
28383,4486,-24576
28100,4407,-23847
27808,4350,-23102
27503,4320,-22340
22671,3279,-11154
22189,3328,-10126
21696,3335,-9081
21200,3317,-8036
9248,1577,15567
6782,1165,19366
6548,1091,19713
6310,1017,20062
5589,907,21056
5346,903,21372
4628,740,22250
4372,739,22570
14730,2543,-153647
14870,2369,-153531
15311,2512,-152997
19782,3264,-145221
39785,6971,-85609
39872,6870,-84583
39930,6843,-83607
39973,6832,-82655
40003,6829,-81717
40022,6836,-80794
40031,6857,-79884
40029,6892,-78985
40017,6943,-78099
39996,6996,-77225
39967,7041,-76362
38839,6826,-64209
38748,6776,-63558
38656,6727,-62920
38564,6679,-62296
38471,6634,-61686
38378,6590,-61089
38285,6548,-60503
38191,6508,-59930
38097,6471,-59368
38003,6436,-58817
37908,6401,-58275
37814,6367,-57744
37719,6335,-57223
37626,6305,-56712
37532,6276,-56210
37438,6248,-55717
37343,6206,-55240
37249,6161,-54775
37156,6116,-54317
37062,6072,-53867
36969,6029,-53425
36876,5987,-52990
36784,5946,-52563
36692,5907,-52142
36601,5868,-51729
36510,5829,-51321
36419,5791,-50920
36329,5755,-50525
29003,4595,-26258
28958,4600,-26130
28915,4597,-26010
28873,4592,-25891
28831,4587,-25774
28789,4582,-25656
28747,4578,-25540
28705,4574,-25423
28663,4569,-25308
28663,4569,-25308
27186,4320,-21561
26854,4349,-20758
26512,4412,-19943
26157,4504,-19112
20713,3295,-7010
20235,3266,-6007
19763,3220,-5028
19303,3172,-4075
18849,3137,-3147
18399,3116,-2208
17947,3113,-1277
17049,3135,555
16594,3152,1500
9564,1839,15010
7687,1460,17990
7462,1378,18338
7239,1308,18679
7013,1237,19021
5099,901,21690
4848,898,22008
4112,737,22891
3847,736,23213
14833,2807,-153519
15020,2654,-153343
15190,2943,-153122
15573,2762,-152634
15891,3017,-152169
17977,3236,-148719
20828,3899,-143054
39022,7518,-92093
39178,7438,-90973
39321,7351,-89873
39450,7255,-88789
39571,7160,-87719
39683,7069,-86658
39930,7076,-75507
39888,7102,-74662
39839,7119,-73828
39785,7127,-73008
39726,7124,-72202
39662,7114,-71408
39593,7100,-70628
39519,7083,-69861
39442,7066,-69108
39360,7049,-68372
39277,7027,-67649
39192,6997,-66938
39106,6962,-66238
39018,6921,-65550
38929,6875,-64873
25794,4621,-18279
25431,4745,-17455
25059,4866,-16616
17501,3121,-360
16131,3165,2446
15672,3154,3380
15219,3118,4295
14772,3062,5192
14331,2994,6070
13895,2922,6929
13466,2854,7768
9895,2096,14422
7926,1579,17611
4593,896,22328
4334,894,22650
3578,735,23537
14947,3078,-153374
15384,3228,-152861
16279,3259,-151575
16744,3418,-150835
17301,3432,-149903
21955,4572,-140696
37529,7881,-99935
37864,7788,-98443
38161,7728,-97036
38427,7704,-95698
38660,7682,-94425
38851,7596,-93240
24675,4991,-15761
24281,5119,-14893
13043,2798,8587
12626,2765,9386
12215,2764,10164
10241,2324,13802
8183,1746,17192
4070,893,22973
3304,735,23863
15073,3357,-153210
15617,3550,-152532
18856,4131,-147048
23167,5293,-138153
36224,8242,-105048
36717,8126,-103220
37150,8001,-101521
34764,8010,-44949
34677,7959,-44617
34590,7914,-44290
34502,7870,-43966
34415,7827,-43646
34329,7784,-43330
34243,7742,-43018
34158,7701,-42709
34073,7662,-42405
33989,7622,-42103
33905,7584,-41806
33822,7547,-41512
33740,7510,-41222
33658,7473,-40933
33576,7441,-40650
33495,7420,-40375
33414,7400,-40103
33333,7381,-39835
33253,7362,-39569
33174,7344,-39306
33095,7327,-39046
33017,7310,-38788
32939,7294,-38533
32862,7278,-38280
32785,7262,-38030
32709,7248,-37783
32633,7229,-37541
32559,7204,-37305
32485,7180,-37071
32412,7155,-36839
32339,7132,-36610
32266,7109,-36382
32194,7086,-36157
32123,7063,-35934
32052,7041,-35713
31981,7020,-35494
31911,6999,-35277
31842,6978,-35062
31773,6957,-34849
31704,6937,-34634
31635,6917,-34419
31567,6897,-34205
31500,6878,-33993
31433,6859,-33783
31366,6840,-33575
31300,6822,-33368
31234,6804,-33163
31168,6786,-32960
31103,6768,-32758
31038,6751,-32558
30974,6734,-32358
30910,6728,-32166
30846,6723,-31975
30783,6718,-31785
30720,6713,-31596
30657,6709,-31409
30594,6705,-31222
30532,6702,-31037
30470,6700,-30853
30408,6698,-30670
30346,6696,-30488
30285,6695,-30307
30223,6695,-30127
30162,6695,-29948
30101,6695,-29770
30041,6697,-29592
29980,6699,-29415
29919,6702,-29239
29859,6706,-29063
29799,6710,-28889
29738,6715,-28715
29678,6720,-28542
29619,6726,-28369
29559,6733,-28197
29499,6740,-28026
29439,6748,-27855
29380,6756,-27685
29321,6765,-27516
23875,5246,-14006
23461,5385,-13093
11803,2772,10941
11398,2737,11696
11002,2639,12420
10613,2504,13128
8458,1958,16734
3803,891,23297
3025,734,24190
15214,3644,-153023
15891,3882,-152129
18123,4497,-148406
24461,6058,-135419
34313,8532,-111355
35028,8448,-109111
35663,8347,-107008
36624,9092,-52798
36527,9030,-52341
36429,8970,-51892
36333,8911,-51451
36236,8854,-51017
36140,8798,-50590
36045,8743,-50169
35950,8689,-49755
35855,8638,-49348
35761,8587,-48947
35668,8538,-48553
35575,8490,-48164
35483,8444,-47782
35392,8398,-47404
35300,8342,-47037
35210,8283,-46677
35119,8226,-46321
35030,8170,-45971
34941,8116,-45626
34852,8062,-45285
29262,6774,-27348
29203,6784,-27180
29145,6789,-27017
29087,6794,-26855
29030,6797,-26696
28974,6797,-26539
28918,6797,-26383
28862,6798,-26228
28807,6799,-26073
28751,6799,-25919
28695,6801,-25765
28640,6801,-25613
28586,6800,-25465
28532,6799,-25317
28478,6799,-25169
28424,6798,-25022
28370,6799,-24876
28316,6799,-24730
28263,6800,-24584
28209,6802,-24439
28156,6803,-24295
28102,6806,-24151
28050,6807,-24010
27998,6808,-23871
27946,6809,-23732
27895,6810,-23594
27843,6811,-23457
27792,6813,-23320
27740,6815,-23184
27689,6820,-23048
27637,6825,-22913
27637,6825,-22913
23042,5525,-12173
8749,2212,16241
6177,1647,20103
5932,1570,20457
5682,1492,20813
5428,1413,21171
5169,1334,21531
4906,1253,21894
4638,1172,22260
4366,1089,22627
4091,1023,22988
3820,1021,23315
3530,890,23623
2742,734,24518
15380,3979,-152791
16209,4187,-151645
16576,4432,-151062
17515,4629,-149485
19816,5045,-145126
25834,6860,-132498
32644,8566,-116232
33518,8577,-113732
39681,10625,-81328
39714,10576,-80336
39724,10594,-79379
39725,10621,-78435
38399,10280,-62749
38302,10218,-62100
38206,10153,-61463
38108,10086,-60834
38010,10019,-60218
37911,9952,-59613
37813,9887,-59021
37714,9824,-58440
37615,9762,-57871
37516,9703,-57311
37417,9646,-56763
37317,9575,-56232
37218,9501,-55714
37118,9430,-55207
37019,9360,-54708
36920,9291,-54218
36821,9223,-53736
36722,9156,-53262
27272,6895,-22022
26909,6988,-21151
26546,7082,-20287
22626,5663,-11262
22208,5779,-10350
9044,2480,15736
7137,1982,18681
6893,1877,19052
6657,1798,19403
6419,1723,19752
3253,890,23950
15568,4333,-152522
17006,4591,-150353
27236,7546,-129472
28596,7998,-126465
29872,8265,-123552
30665,8371,-121540
31692,8494,-118839
38998,11165,-89810
39122,11108,-88706
39236,11060,-87614
39339,11007,-86535
39428,10942,-85469
39507,10870,-84416
39575,10791,-83376
39632,10709,-82347
39716,10648,-77507
39696,10676,-76593
39667,10702,-75697
39629,10725,-74820
39583,10746,-73963
39529,10761,-73123
39470,10768,-72298
39407,10764,-71485
39340,10751,-70684
39268,10730,-69895
39194,10702,-69119
39116,10669,-68356
39034,10631,-67607
38950,10587,-66872
38863,10541,-66153
38774,10493,-65447
38683,10444,-64756
38589,10394,-64076
38494,10339,-63407
26183,7165,-19431
25821,7236,-18583
21781,5855,-9424
21344,5887,-8481
20895,5876,-7521
20436,5825,-6543
9338,2741,15229
7677,2331,17825
7398,2132,18274
3545,1021,23643
2972,890,24279
2453,733,24849
15249,4557,-152849
15779,4687,-152210
19011,5650,-146683
20858,5992,-142962
38339,11546,-94498
38536,11420,-93265
38709,11318,-92078
38862,11234,-90931
33596,10271,-41500
33508,10224,-41187
33420,10176,-40877
33332,10130,-40570
33245,10085,-40266
33159,10041,-39966
33073,9999,-39669
32987,9958,-39375
32902,9918,-39084
32817,9880,-38796
32732,9843,-38511
32649,9797,-38233
32566,9751,-37959
32483,9707,-37681
32401,9664,-37405
32318,9623,-37131
32236,9582,-36859
32154,9543,-36589
32072,9517,-36325
31990,9495,-36065
31908,9475,-35807
31825,9456,-35550
31744,9438,-35295
31662,9421,-35041
31580,9406,-34789
31499,9392,-34539
31418,9379,-34291
31337,9368,-34044
31256,9357,-33798
31176,9348,-33554
31095,9340,-33312
31015,9333,-33071
30935,9328,-32832
30855,9323,-32594
30776,9318,-32357
30697,9315,-32122
30617,9313,-31887
30539,9311,-31655
30460,9311,-31424
25459,7307,-17746
25092,7378,-16902
24712,7447,-16039
19965,5769,-5564
19497,5722,-4593
19036,5682,-3607
18574,5655,-2636
17204,5582,183
9640,2992,14704
7973,2573,17339
3266,1021,23973
15382,4884,-152654
16015,5024,-151852
18352,5936,-147904
21983,7005,-140599
37191,12001,-100152
37540,11885,-98610
37850,11802,-97149
38116,11693,-95781
35480,11492,-48727
35382,11425,-48306
35284,11345,-47900
35186,11271,-47500
35088,11200,-47106
34991,11131,-46719
34894,11064,-46337
34798,10999,-45960
34702,10935,-45589
34606,10871,-45222
34511,10810,-44860
34417,10749,-44504
34324,10691,-44152
34230,10634,-43805
34138,10578,-43463
34046,10524,-43125
33955,10471,-42791
33864,10419,-42462
33774,10368,-42137
33685,10319,-41817
30382,9311,-31194
30304,9311,-30966
30226,9313,-30739
30149,9315,-30513
30071,9318,-30289
29995,9322,-30066
29918,9326,-29844
29842,9330,-29624
29766,9335,-29406
29691,9340,-29188
29616,9346,-28972
29541,9352,-28756
29466,9358,-28542
29392,9365,-28330
29318,9372,-28118
29244,9380,-27908
29171,9387,-27699
29098,9395,-27492
29026,9413,-27291
24319,7513,-15155
23918,7582,-14265
18113,5634,-1679
17654,5610,-736
16756,5546,1082
16312,5508,1969
10279,3472,13577
9954,3235,14153
8278,2841,16832
2982,1021,24304
2685,890,24610
2160,733,25181
15526,5214,-152440
16280,5337,-151438
16582,5613,-150955
17798,6031,-148894
36358,12313,-103503
36799,12145,-101779
36900,12659,-55396
36797,12561,-54864
36693,12466,-54340
36590,12372,-53826
36487,12281,-53322
36385,12193,-52827
36283,12106,-52340
36181,12022,-51863
36080,11941,-51393
35979,11862,-50932
35879,11785,-50478
35779,11708,-50030
35679,11633,-49590
35579,11561,-49155
28954,9431,-27091
28883,9446,-26895
28814,9455,-26705
28746,9461,-26518
28678,9467,-26333
28609,9477,-26149
28541,9488,-25966
28473,9498,-25784
28406,9509,-25603
28338,9520,-25423
28271,9532,-25244
28204,9543,-25066
28138,9555,-24889
28073,9565,-24715
28008,9574,-24545
27944,9583,-24376
27880,9591,-24208
23505,7649,-13357
23086,7713,-12443
22669,7777,-11536
15875,5469,2872
15435,5418,3760
14996,5362,4636
10961,3939,12352
10616,3703,12976
8581,3110,16323
15681,5542,-152202
16928,5836,-150385
17329,5984,-149708
19970,6904,-144743
23190,8083,-138042
35291,12654,-107318
35858,12492,-105347
39207,14270,-73276
39158,14246,-72421
39101,14220,-71582
39039,14192,-70759
38971,14165,-69952
38898,14137,-69161
38822,14105,-68384
38741,14065,-67618
38658,14019,-66866
38573,13968,-66128
38486,13914,-65404
38396,13857,-64693
38304,13796,-63995
38210,13733,-63309
38115,13666,-62634
38018,13597,-61971
37920,13526,-61319
37820,13455,-60679
37720,13383,-60050
37619,13308,-59429
37517,13230,-58817
37415,13150,-58215
37312,13064,-57625
37209,12961,-57052
37106,12859,-56490
37003,12758,-55938
27816,9600,-24040
27753,9610,-23874
27690,9619,-23709
27627,9629,-23544
27564,9639,-23380
27502,9649,-23217
27440,9659,-23055
27378,9669,-22894
27317,9680,-22734
27257,9688,-22578
27197,9697,-22424
27137,9706,-22271
27078,9715,-22118
27019,9724,-21967
26961,9733,-21815
26902,9743,-21665
26844,9752,-21515
22259,7849,-10655
21856,7924,-9790
14560,5305,5503
14124,5244,6364
13689,5181,7219
11669,4421,11054
11310,4185,11715
8877,3371,15824
6602,2515,19313
6336,2381,19712
6082,2283,20082
5831,2202,20440
5578,2123,20798
2693,1022,24636
2394,890,24942
15851,5867,-151939
19258,7357,-146102
24479,9231,-135297
33952,12875,-111641
34657,12786,-109417
38841,14909,-87345
38933,14874,-86245
39014,14835,-85162
39085,14791,-84093
39144,14745,-83036
39195,14692,-81988
39236,14637,-80950
39270,14582,-79920
39295,14523,-78900
39312,14453,-77895
39320,14371,-76908
39311,14320,-75956
39284,14307,-75042
39249,14291,-74150
26786,9762,-21366
26728,9772,-21218
26671,9781,-21070
26613,9791,-20923
26556,9800,-20777
26499,9810,-20631
26444,9819,-20490
26389,9829,-20350
26334,9838,-20211
26334,9838,-20211
25978,9859,-19347
21459,8001,-8941
13259,5094,8054
12839,4969,8856
12433,4814,9624
12043,4631,10357
9166,3623,15335
6886,2699,18873
5320,2043,21159
5058,1962,21521
4791,1880,21887
4519,1798,22254
4243,1714,22625
1861,733,25515
16036,6188,-151648
16241,6500,-151324
21015,8210,-142569
25822,10358,-132408
32321,12881,-116439
33174,12909,-113982
38148,15289,-93221
38323,15160,-91980
38478,15059,-90777
38614,14990,-89606
38734,14944,-88464
34793,14049,-47006
34690,13963,-46593
34588,13880,-46186
34486,13798,-45784
34384,13720,-45387
34283,13645,-44995
34181,13574,-44606
34079,13506,-44223
33976,13439,-43842
33874,13377,-43465
33772,13317,-43093
33669,13261,-42724
33567,13208,-42358
33464,13158,-41996
33362,13111,-41638
33259,13067,-41282
33157,13026,-40927
33055,12987,-40571
32953,12951,-40219
32851,12917,-39870
32749,12885,-39524
32648,12854,-39182
32549,12813,-38850
32449,12775,-38521
32350,12738,-38195
32252,12702,-37873
32153,12667,-37552
32055,12633,-37234
31957,12600,-36919
31860,12569,-36607
31763,12539,-36299
31667,12510,-35993
31572,12482,-35690
31477,12455,-35391
31382,12428,-35094
31289,12403,-34800
31195,12380,-34508
31102,12357,-34219
31010,12335,-33933
30918,12313,-33649
30827,12292,-33368
30737,12272,-33089
30647,12253,-32812
30557,12235,-32538
30468,12217,-32265
30379,12199,-31995
30291,12182,-31727
30203,12174,-31465
25621,9879,-18487
25261,9897,-17623
24892,9913,-16748
21059,8092,-8083
20651,8172,-7218
9748,4115,14337
9453,3868,14846
7189,2930,18393
3962,1630,22998
3675,1545,23373
16468,6798,-150959
16723,7072,-150544
18150,7677,-148118
18659,7598,-147207
27157,11291,-129481
28445,11986,-126582
29343,12315,-124344
30397,12608,-121646
31393,12788,-118999
37467,15808,-97235
37724,15614,-95841
37950,15440,-94507
36151,15307,-53059
36045,15197,-52543
35940,15091,-52036
35835,14986,-51537
35731,14886,-51046
35625,14795,-50563
35520,14706,-50088
35415,14618,-49620
35310,14524,-49163
35206,14424,-48718
35102,14326,-48281
34999,14231,-47849
34896,14139,-47424
30116,12171,-31207
30028,12169,-30951
29942,12168,-30698
29856,12167,-30446
29770,12168,-30196
29685,12168,-29948
29600,12169,-29702
29515,12172,-29458
29430,12177,-29215
29346,12183,-28975
29261,12190,-28736
29178,12197,-28498
29094,12205,-28262
29011,12214,-28028
28929,12223,-27796
28847,12232,-27566
24514,9928,-15864
24123,9940,-14961
23719,9951,-14044
20231,8216,-6317
19796,8222,-5368
19345,8193,-4395
10059,4369,13792
7818,3464,17372
7502,3191,17887
3383,1458,23751
3086,1371,24132
2399,1023,24970
2098,891,25275
17011,7313,-150070
17338,7508,-149521
17714,7637,-148878
20238,8905,-144089
22145,9576,-140171
36807,16109,-100305
37166,15984,-98716
37505,16674,-60586
37405,16593,-59943
37305,16511,-59310
37202,16417,-58691
37099,16309,-58088
36995,16199,-57494
36890,16089,-56909
36785,15980,-56334
36679,15869,-55768
36574,15757,-55209
36468,15644,-54659
36362,15531,-54117
36256,15419,-53584
28767,12237,-27340
28687,12239,-27118
28608,12241,-26897
28529,12244,-26678
28452,12242,-26466
28376,12239,-26255
28300,12238,-26045
28224,12236,-25837
28149,12235,-25630
28074,12233,-25425
27999,12232,-25221
27925,12232,-25018
27851,12232,-24816
27778,12232,-24616
27705,12232,-24417
27632,12233,-24219
27561,12230,-24027
27490,12228,-23836
23305,9963,-13122
22887,9974,-12196
22471,9991,-11285
18880,8126,-3418
18414,8044,-2441
17953,7958,-1481
17054,7805,379
16617,7747,1271
10735,4902,12580
10389,4633,13204
8129,3733,16861
2780,1288,24519
15922,7253,-151535
35953,16464,-103740
36404,16272,-101980
38801,18013,-74514
38784,17887,-73580
38760,17755,-72664
38724,17650,-71777
38673,17584,-70923
38614,17524,-70087
38551,17462,-69268
38482,17399,-68464
38409,17338,-67675
38331,17278,-66902
38250,17218,-66145
38164,17159,-65404
38074,17100,-64678
37983,17037,-63965
37891,16971,-63266
37796,16901,-62579
37701,16828,-61904
37604,16753,-61241
27420,12225,-23647
27350,12223,-23459
27281,12221,-23272
27212,12220,-23086
27143,12218,-22901
27074,12217,-22718
27006,12216,-22535
26939,12225,-22359
26871,12234,-22183
26804,12243,-22008
26737,12252,-21834
26671,12262,-21662
26606,12269,-21494
26541,12277,-21328
26477,12285,-21162
26413,12293,-20998
22056,10019,-10388
21640,10059,-9503
17500,7874,-540
16173,7681,2150
15732,7613,3015
11808,5731,10605
11450,5450,11269
11091,5174,11930
8729,4248,15865
8432,3993,16359
1557,734,25850
16064,7537,-151307
16218,7822,-151062
19593,9309,-145304
23359,11030,-137576
34892,16852,-107547
35452,16667,-105592
38398,18678,-87002
38487,18635,-85874
38562,18601,-84766
38625,18571,-83676
38679,18543,-82600
38723,18516,-81535
38759,18486,-80481
38786,18446,-79443
38804,18391,-78422
38814,18318,-77418
38817,18230,-76433
38812,18128,-75465
26349,12302,-20834
26286,12310,-20671
26222,12319,-20509
26160,12328,-20348
26097,12337,-20187
26034,12347,-20027
25972,12356,-19868
25910,12366,-19710
25848,12376,-19552
25786,12386,-19395
25725,12396,-19239
25664,12406,-19085
25604,12416,-18934
25544,12426,-18784
21229,10106,-8633
15299,7537,3896
14873,7436,4750
14446,7315,5583
12515,6295,9281
12162,6013,9944
9025,4512,15367
6081,3068,19887
5790,2900,20319
5515,2775,20716
2098,1027,25308
1796,892,25611
16384,8102,-150793
16565,8379,-150501
19044,9532,-146306
21294,10582,-141868
24641,12514,-134809
33582,17083,-111803
34270,16993,-109617
37694,19161,-93113
37873,19012,-91822
38032,18892,-90567
38172,18801,-89345
38294,18732,-88157
35574,18090,-51827
35462,17991,-51305
35349,17894,-50788
35235,17791,-50282
35121,17684,-49786
35005,17581,-49293
34889,17481,-48806
34772,17386,-48324
34655,17294,-47848
34538,17207,-47378
34421,17122,-46914
34303,17042,-46456
34186,16964,-46003
34069,16890,-45556
33951,16819,-45114
33834,16751,-44678
33718,16686,-44248
33602,16623,-43816
33486,16562,-43389
33370,16504,-42968
33256,16448,-42551
33141,16393,-42140
33027,16340,-41733
32914,16288,-41331
32801,16238,-40933
32689,16189,-40540
32578,16142,-40152
32467,16093,-39771
32358,16038,-39400
32250,15984,-39033
32142,15932,-38671
32035,15881,-38313
31929,15832,-37959
31823,15785,-37609
31718,15740,-37263
31613,15696,-36920
31509,15654,-36581
31406,15614,-36246
31303,15574,-35915
31201,15536,-35587
31100,15500,-35262
30999,15465,-34940
30899,15432,-34622
30799,15399,-34307
30700,15366,-33994
30601,15335,-33684
30503,15304,-33378
30405,15275,-33074
30308,15248,-32773
30211,15225,-32475
30113,15203,-32179
30017,15182,-31886
29921,15163,-31596
29825,15144,-31308
29730,15126,-31023
25485,12436,-18635
25426,12447,-18486
25367,12457,-18338
25308,12468,-18191
25249,12479,-18044
25190,12490,-17897
25190,12490,-17897
24824,12460,-17015
24444,12427,-16113
20822,10160,-7765
20428,10222,-6906
14030,7176,6388
13629,7005,7161
13244,6802,7896
12874,6563,8601
9614,5047,14361
9318,4777,14870
6713,3540,18910
6391,3287,19413
5248,2679,21090
4982,2597,21456
2432,1244,24942
16764,8648,-150179
16984,8902,-149822
17229,9133,-149421
18167,9591,-147844
18573,9613,-147139
32825,17111,-114101
37264,19538,-95823
37493,19338,-94444
37163,19737,-60540
37063,19646,-59891
36962,19538,-59259
36860,19428,-58637
36758,19316,-58025
36654,19203,-57422
36550,19087,-56828
36446,18970,-56243
36340,18852,-55665
36234,18733,-55095
36127,18616,-54533
36018,18506,-53978
35908,18399,-53431
35798,18293,-52889
35686,18191,-52355
29636,15109,-30741
29542,15093,-30461
29449,15078,-30183
29356,15063,-29907
29264,15050,-29634
29173,15037,-29363
29082,15025,-29095
28991,15014,-28829
28902,15003,-28565
28812,14994,-28303
28724,14983,-28044
28637,14965,-27792
28551,14948,-27541
28465,14931,-27291
28380,14915,-27044
28295,14899,-26798
28211,14886,-26563
28128,14877,-26333
28046,14869,-26104
27964,14861,-25876
24050,12393,-15186
23646,12361,-14250
23235,12331,-13308
20036,10280,-6058
19641,10327,-5212
10238,5597,13265
9919,5322,13828
7040,3811,18391
4712,2514,21823
4437,2431,22194
17503,9333,-148966
17813,9491,-148446
20602,11161,-143186
22432,12348,-139425
25934,13860,-131970
27197,14988,-129135
30172,16606,-121536
31115,16896,-118984
32001,17059,-116500
36703,20012,-98769
37002,19765,-97262
38150,21078,-70408
38110,20919,-69533
38065,20756,-68673
38011,20611,-67835
37945,20502,-67029
37872,20412,-66246
37794,20322,-65479
37713,20234,-64729
37629,20147,-63994
37541,20062,-63275
37451,19979,-62571
37357,19897,-61881
37261,19817,-61205
27883,14854,-25651
27801,14848,-25427
27721,14842,-25204
27640,14836,-24983
27560,14831,-24763
27481,14826,-24545
27402,14822,-24329
27323,14818,-24114
27245,14815,-23901
27169,14808,-23694
27092,14801,-23488
27017,14795,-23283
26941,14789,-23080
26866,14783,-22878
26791,14778,-22676
26716,14773,-22476
22811,12314,-12360
22385,12302,-11416
19232,10348,-4354
18811,10343,-3458
11652,6714,10693
11288,6436,11362
10927,6155,12025
10576,5877,12659
7683,4350,17357
7365,4084,17870
4157,2347,22566
20012,11542,-144269
28154,15613,-126755
29181,16179,-124133
35952,20415,-102071
36358,20252,-100363
38286,22037,-77920
38291,21958,-76924
38289,21866,-75947
38281,21762,-74988
38265,21644,-74042
38244,21514,-73111
38217,21376,-72196
38186,21230,-71296
26642,14769,-22277
26567,14764,-22078
26494,14761,-21881
26420,14757,-21685
26347,14754,-21490
26274,14751,-21296
26201,14749,-21103
26129,14746,-20912
26058,14743,-20726
25987,14739,-20540
25916,14736,-20355
25846,14733,-20170
25775,14731,-19987
25705,14729,-19804
25635,14728,-19622
25566,14727,-19441
21962,12293,-10483
21547,12274,-9571
18378,10295,-2549
17932,10218,-1616
17035,9965,226
16595,9817,1118
16156,9670,1996
13081,7830,8017
12727,7550,8684
12372,7271,9352
12014,6993,10020
8618,5172,15818
8309,4895,16331
7999,4625,16841
3872,2262,22941
1489,894,25948
1247,734,26187
23655,14160,-136773
35008,20770,-105718
35503,20589,-103857
37680,22567,-89063
37805,22465,-87833
37911,22383,-86637
38000,22320,-85469
38073,22275,-84326
38134,22242,-83207
38184,22215,-82109
38224,22187,-81032
38253,22151,-79973
38274,22102,-78936
33580,20166,-45309
33457,20082,-44834
33336,20001,-44365
33214,19922,-43903
33094,19845,-43447
32974,19770,-42997
32855,19698,-42553
32736,19627,-42115
32618,19558,-41683
32500,19492,-41255
32383,19427,-40833
32268,19355,-40423
32153,19280,-40017
32039,19208,-39617
31925,19138,-39221
31812,19069,-38831
31699,19002,-38445
31588,18938,-38064
31476,18875,-37687
31366,18814,-37315
31256,18755,-36947
31147,18697,-36583
31038,18641,-36222
25496,14726,-19260
25427,14725,-19080
25357,14725,-18901
25288,14726,-18722
25219,14726,-18545
25151,14727,-18367
25082,14729,-18191
25014,14730,-18015
24945,14733,-17839
24878,14744,-17672
24811,14754,-17506
24744,14765,-17341
24678,14776,-17176
21134,12251,-8645
20726,12229,-7733
17481,10114,-683
15722,9514,2847
15303,9342,3667
14902,9145,4476
14518,8922,5244
14151,8677,5971
13788,8399,6669
13433,8114,7347
9222,5724,14800
8921,5446,15310
3577,2181,23323
1757,1070,25679
16681,10257,-149809
16831,10492,-149573
19072,11876,-145932
19508,11768,-145172
21688,13161,-140859
33860,21080,-109702
34462,20941,-107663
37188,22999,-92963
37374,22827,-91627
37537,22686,-90327
37137,23140,-63382
37055,23019,-62651
36968,22909,-61938
36879,22801,-61240
36785,22675,-60565
36689,22553,-59902
36589,22434,-59251
36487,22321,-58609
36382,22213,-57977
36273,22113,-57354
36161,22023,-56738
36046,21933,-56127
35929,21846,-55522
35811,21760,-54922
35691,21675,-54329
35569,21591,-53741
35447,21508,-53160
35324,21426,-52586
35200,21345,-52017
35076,21260,-51458
34951,21164,-50912
34826,21069,-50372
34701,20976,-49840
34575,20884,-49314
34450,20792,-48795
34324,20700,-48282
34199,20608,-47776
34074,20517,-47276
33950,20427,-46775
33826,20338,-46280
33702,20251,-45791
30930,18587,-35865
30821,18538,-35513
30713,18491,-35165
30605,18446,-34819
30498,18403,-34478
30392,18362,-34141
30287,18321,-33807
30182,18283,-33477
30078,18246,-33150
29974,18210,-32827
29871,18176,-32507
29769,18143,-32190
29667,18112,-31877
29566,18082,-31566
29466,18053,-31259
29366,18024,-30953
29266,17996,-30651
29167,17969,-30351
29069,17943,-30054
28972,17918,-29760
28874,17895,-29468
28778,17873,-29178
28682,17849,-28893
28588,17820,-28615
28495,17791,-28339
24611,14788,-17011
24545,14800,-16847
24478,14812,-16684
24412,14825,-16521
24346,14838,-16359
24280,14851,-16197
24215,14864,-16036
24149,14878,-15875
24083,14893,-15715
24083,14893,-15715
20326,12217,-6851
19929,12223,-5985
10139,6561,13213
9825,6280,13762
9521,6001,14288
16994,10724,-149319
17170,10951,-149042
17363,11171,-148740
17574,11379,-148407
17807,11562,-148033
18068,11715,-147612
18361,11829,-147131
18694,11891,-146580
24903,15884,-134023
33199,21154,-111844
36745,23440,-95762
36980,23204,-94340
37540,24346,-69074
37493,24180,-68217
37443,24009,-67373
37390,23832,-66543
37333,23652,-65727
37274,23468,-64925
37210,23291,-64141
28402,17764,-28065
28310,17737,-27794
28219,17711,-27525
28127,17687,-27258
28037,17659,-26996
27948,17630,-26738
27860,17601,-26483
27772,17573,-26229
27684,17546,-25977
27597,17520,-25728
27510,17494,-25479
27424,17469,-25232
27337,17445,-24987
27252,17421,-24743
27166,17398,-24501
27081,17376,-24261
26996,17355,-24021
26912,17334,-23784
26829,17310,-23553
26746,17286,-23322
26663,17263,-23093
26581,17240,-22865
23670,14836,-14760
23249,14776,-13797
22828,14709,-12844
19530,12240,-5135
19140,12240,-4315
12619,8502,8686
12258,8225,9359
11893,7949,10037
11529,7676,10706
11165,7399,11372
10810,7122,12015
10466,6841,12633
6582,4431,18856
6244,4157,19384
5906,3890,19905
5575,3647,20406
5257,3442,20874
4957,3285,21302
3246,2136,23737
2006,1303,25425
21060,13726,-142025
22850,15304,-138337
26133,17406,-131257
30871,20757,-118784
31702,21007,-116395
32479,21134,-114078
36180,23955,-98771
36480,23692,-97236
37746,25401,-76426
37739,25299,-75454
37727,25187,-74499
37708,25067,-73560
37684,24940,-72636
37656,24804,-71727
37622,24660,-70830
37583,24507,-69945
26499,17218,-22638
26417,17197,-22412
26335,17176,-22187
26254,17164,-21968
26172,17156,-21750
26091,17148,-21534
26009,17142,-21319
25928,17135,-21104
25847,17130,-20890
25767,17125,-20677
25686,17121,-20465
25606,17115,-20257
25528,17110,-20052
25449,17105,-19848
25370,17100,-19644
22407,14646,-11898
21985,14585,-10943
21570,14519,-9985
18754,12226,-3519
18365,12194,-2721
16712,11695,635
14776,10302,4465
14418,9997,5193
14066,9698,5906
13711,9402,6617
13345,9085,7316
12981,8784,8007
7576,5271,17275
7250,4994,17797
6918,4711,18327
4669,3166,21701
20522,14120,-142991
27123,18337,-128779
28109,19158,-126252
29069,19839,-123731
29992,20371,-121234
35462,24480,-102057
35842,24224,-100375
37380,26039,-86261
37472,25953,-85054
37547,25881,-83877
37609,25820,-82731
37658,25766,-81613
37695,25709,-80524
37721,25646,-79464
37738,25575,-78431
37746,25493,-77418
25292,17096,-19441
25213,17092,-19239
25135,17089,-19038
25058,17087,-18838
24980,17085,-18638
24903,17083,-18440
24825,17083,-18242
24746,17085,-18044
24667,17088,-17848
24589,17092,-17652
24511,17096,-17457
24432,17100,-17262
21157,14457,-9039
20751,14370,-8118
17966,12136,-1910
17552,12037,-1074
17132,11884,-220
16301,11468,1468
15901,11202,2262
15512,10913,3023
15139,10610,3750
8843,6397,15189
8533,6117,15706
8218,5835,16228
7900,5556,16747
4383,3076,22084
20058,14372,-143798
22186,16082,-139577
24045,17426,-135694
34534,24794,-105713
35020,24644,-103848
36826,26603,-91417
36995,26427,-90076
37143,26272,-88770
37271,26144,-87499
36614,26601,-63835
36434,26178,-61986
36229,25740,-60214
35985,25433,-58542
35712,25212,-56954
35426,25008,-55424
35133,24819,-53951
34834,24641,-52533
34534,24420,-51179
34234,24195,-49859
33934,23969,-48566
33634,23741,-47307
33335,23518,-46085
33038,23302,-44900
32743,23093,-43751
32451,22888,-42633
32163,22687,-41550
31880,22470,-40514
31601,22265,-39508
31323,22078,-38532
31047,21903,-37582
30774,21739,-36658
30505,21586,-35760
30239,21442,-34885
29978,21307,-34033
29720,21182,-33203
29466,21066,-32394
29215,20956,-31604
28968,20854,-30830
28723,20760,-30074
28485,20655,-29345
24355,17105,-17069
24277,17110,-16876
24199,17116,-16684
24123,17122,-16497
24047,17128,-16311
23971,17134,-16126
23896,17141,-15941
23820,17149,-15757
23746,17153,-15576
23673,17156,-15398
20351,14278,-7217
19950,14197,-6342
19552,14126,-5481
11437,8614,10652
11078,8341,11303
10727,8065,11934
10392,7789,12528
10071,7511,13092
9758,7231,13635
9454,6955,14156
9149,6675,14675
4072,3024,22486
19655,14514,-144476
33430,25016,-109641
34005,24926,-107644
36421,27025,-94204
36634,26802,-92792
37012,27794,-69762
36903,27414,-67723
36771,27012,-65751
28249,20554,-28634
28016,20459,-27934
27785,20362,-27254
27559,20265,-26591
27334,20175,-25940
27110,20091,-25298
26888,20015,-24666
26668,19945,-24042
26451,19872,-23436
23600,17159,-15220
23527,17163,-15043
23454,17167,-14866
23381,17172,-14690
23309,17176,-14514
23236,17182,-14339
23164,17188,-14165
23092,17194,-13991
23020,17200,-13818
22949,17205,-13647
22949,17205,-13647
19157,14058,-4634
18770,13969,-3814
15871,12365,2077
15496,12007,2818
15124,11667,3540
14753,11338,4256
14387,11018,4986
14023,10708,5718
13658,10407,6447
13299,10115,7160
12930,9815,7870
12555,9508,8578
12182,9205,9275
11807,8905,9971
2847,2157,24211
17537,13690,-147742
18472,14411,-146354
18718,14507,-145978
18993,14569,-145551
19303,14574,-145054
21616,16660,-140596
25235,19333,-133000
25292,19407,-132857
32138,24953,-113872
32809,25035,-111715
35622,27797,-98701
35918,27527,-97152
36183,27267,-95655
37164,28987,-78786
37182,28734,-76372
37157,28458,-74079
37098,28144,-71879
26236,19803,-22841
26023,19739,-22253
25811,19680,-21673
25600,19627,-21099
25389,19582,-20533
25176,19546,-19973
22533,17026,-12666
22117,16868,-11691
21705,16724,-10734
21294,16583,-9788
18391,13878,-3015
18019,13773,-2237
17660,13643,-1494
17310,13489,-782
16604,13017,635
16243,12707,1351
1151,923,26310
932,735,26527
17694,13852,-147511
17864,14008,-147261
18049,14156,-146988
18250,14292,-146689
21125,17078,-141440
23353,18467,-136991
26240,20581,-130461
27180,21636,-128033
28098,22555,-125591
28987,23324,-123161
29840,23945,-120759
30652,24419,-118405
31418,24752,-116105
35291,28066,-100314
36940,29467,-84116
37090,29225,-81356
34720,28069,-54590
34446,27833,-53156
34165,27586,-51771
33881,27350,-50433
33594,27127,-49141
33304,26911,-47888
33015,26692,-46665
32727,26473,-45476
32440,26258,-44319
24968,19510,-19430
24762,19477,-18895
24556,19447,-18365
24352,19421,-17840
24149,19403,-17321
20890,16440,-8861
20483,16306,-7944
20075,16173,-7038
16959,13283,-74
14395,12073,4688
14018,11738,5447
13642,11420,6195
13271,11113,6926
12901,10816,7653
9094,7622,14505
8783,7345,15025
8466,7063,15551
8148,6785,16072
7823,6502,16600
7494,6216,17132
7162,5934,17662
6823,5645,18199
6481,5359,18737
6133,5073,19276
5779,4779,19824
5425,4508,20359
3707,3026,22935
34513,28553,-103736
34922,28324,-101993
36359,30182,-90229
36700,29780,-87078
36046,30218,-64775
35856,29878,-62908
35649,29512,-61115
35431,29138,-59388
35206,28759,-57722
34973,28379,-56114
32155,26047,-43193
31874,25823,-42109
31592,25606,-41061
31313,25397,-40042
31037,25194,-39050
30765,24997,-38084
30496,24807,-37144
30230,24624,-36228
29966,24451,-35333
29706,24286,-34461
29449,24130,-33610
29194,23983,-32778
28941,23845,-31963
28691,23715,-31166
28446,23574,-30397
28203,23439,-29644
27961,23313,-28903
27721,23193,-28175
23947,19410,-16818
23748,19411,-16326
23552,19410,-15844
23360,19412,-15373
23170,19417,-14897
19675,16034,-6154
19287,15882,-5302
18911,15721,-4483
18551,15548,-3702
16603,14131,416
16266,13829,1100
15909,13492,1803
15539,13144,2512
15159,12789,3231
14776,12428,3953
12522,10514,8376
12145,10218,9087
11770,9925,9788
11395,9621,10475
11032,9322,11135
10681,9026,11764
10344,8730,12365
10022,8444,12928
9710,8171,13463
9401,7895,13990
5055,4272,20899
20329,17576,-142740
20699,17377,-142147
22760,19274,-138045
24508,20702,-134356
24619,20890,-134074
33545,28728,-107476
34049,28670,-105573
35901,30675,-93560
36589,31786,-75041
36548,31471,-72857
36469,31158,-70752
36357,30846,-68706
36214,30534,-66714
27486,23066,-27472
27253,22946,-26780
27020,22834,-26098
26789,22730,-25426
26558,22631,-24763
26329,22539,-24109
26105,22445,-23477
25878,22364,-22854
25652,22292,-22240
22981,19425,-14424
22797,19425,-13965
22615,19427,-13510
22287,19229,-12718
21959,19033,-11927
18209,15354,-2963
17881,15147,-2258
17562,14930,-1576
17244,14684,-908
16928,14415,-250
4656,4105,21450
20004,17693,-143241
22250,19909,-138915
25502,22346,-131804
26379,23685,-129489
31808,28551,-113514
32426,28692,-111440
33004,28742,-109430
35314,31256,-97088
36420,32773,-82364
36538,32421,-79758
36589,32101,-77331
25427,22225,-21633
25203,22166,-21034
24981,22112,-20443
24761,22065,-19859
24544,22020,-19290
21629,18839,-11137
21297,18648,-10348
20965,18457,-9564
20628,18267,-8788
20292,18078,-8018
19958,17889,-7255
1326,1206,26131
19023,17739,-144652
19231,17769,-144365
19461,17777,-144040
19717,17755,-143669
23896,21768,-135439
24023,22019,-135110
27250,24835,-127131
28097,25832,-124772
28915,26675,-122433
29699,27362,-120126
30444,27898,-117864
31147,28291,-115657
34573,31849,-100865
36223,33148,-85168
34382,32017,-56863
34155,31654,-55306
33925,31264,-53800
33692,30856,-52350
33448,30487,-50961
33188,30193,-49643
32919,29945,-48380
32646,29709,-47154
32370,29482,-45963
32092,29271,-44809
31812,29072,-43689
31537,28847,-42613
31264,28625,-41563
30993,28407,-40541
30724,28193,-39544
30458,27984,-38572
30193,27782,-37622
29930,27588,-36696
29669,27400,-35790
29409,27215,-34899
29150,27037,-34025
28892,26867,-33169
24330,21978,-18733
24117,21942,-18182
23906,21910,-17639
23700,21870,-17101
23497,21835,-16564
19626,17699,-6506
19298,17508,-5769
18974,17315,-5044
18654,17116,-4333
18341,16910,-3642
18033,16700,-2965
17724,16482,-2294
16383,15379,520
16008,15016,1278
15614,14634,2045
15216,14258,2810
14816,13893,3572
14416,13540,4325
14015,13200,5088
13612,12874,5869
13206,12563,6668
12797,12267,7465
4216,4038,22019
3267,3101,23450
2365,2259,24759
18498,17574,-145351
18659,17638,-145140
18833,17694,-144908
21808,20403,-139634
33653,32286,-104951
35567,34004,-91311
35942,33555,-88153
35842,34497,-71464
35722,34233,-69393
35575,33967,-67388
35408,33702,-65452
35222,33396,-63601
35025,33063,-61825
34819,32724,-60112
34605,32377,-58462
28636,26707,-32329
28385,26535,-31519
28136,26371,-30724
27888,26216,-29943
27641,26069,-29175
27398,25920,-28430
27157,25774,-27700
26917,25637,-26980
26678,25508,-26272
26439,25391,-25575
26198,25286,-24889
23294,21804,-16033
23094,21779,-15508
22896,21751,-14993
22704,21721,-14496
22514,21693,-14006
17409,16246,-1616
17083,15989,-925
16741,15704,-212
12383,11975,8253
11960,11694,9038
11533,11430,9820
21091,21056,-140719
21425,20772,-140224
23369,22644,-136325
26000,25697,-129834
32505,32247,-109406
35084,34483,-94625
35942,35463,-78177
35962,35093,-75839
35925,34778,-73609
25960,25187,-24215
25725,25087,-23561
25492,24994,-22916
25261,24906,-22278
25030,24824,-21649
24801,24749,-21028
22325,21667,-13521
21992,21399,-12691
21659,21131,-11864
21325,20861,-11043
20987,20596,-10235
20649,20335,-9436
20313,20072,-8645
19979,19806,-7865
19648,19537,-7096
19320,19265,-6337
18995,18992,-5591
16397,16671,95
16020,16299,873
15620,15902,1675
15207,15496,2489
14790,15095,3301
14370,14695,4104
13950,14310,4896
13529,13943,5714
11096,11168,10605
10651,10905,11389
1501,1520,25948
20796,21276,-141133
22917,23345,-137042
24252,24577,-133976
27882,28681,-124477
29624,30659,-119180
31166,31778,-114139
34488,34984,-98104
35697,36338,-83276
35853,35887,-80647
32877,33939,-51592
32650,33550,-50239
32422,33162,-48922
32189,32792,-47645
31941,32479,-46420
31684,32222,-45249
31423,31974,-44134
31161,31729,-43055
30899,31496,-42004
30637,31273,-40982
30374,31059,-39985
30112,30848,-39009
29851,30641,-38054
29591,30437,-37117
29331,30240,-36196
29072,30050,-35292
24574,24681,-20416
24348,24619,-19812
24125,24562,-19209
23907,24502,-18618
23693,24440,-18041
18675,18715,-4863
18360,18438,-4153
18049,18165,-3458
17739,17895,-2772
17424,17619,-2083
17098,17329,-1381
16756,17015,-654
13104,13601,6524
12677,13282,7328
12247,12978,8143
10195,10648,12184
9729,10397,12986
20302,21579,-141788
20535,21446,-141486
22525,23920,-137625
33769,35432,-101789
35162,37233,-89056
35468,36787,-86083
35032,37557,-69907
34897,37293,-67905
34740,37036,-65983
34566,36726,-64155
34379,36411,-62392
34182,36089,-60693
33977,35763,-59054
33765,35429,-57451
33547,35094,-55901
33327,34715,-54421
33103,34328,-52985
28812,29865,-34404
28553,29687,-33529
28298,29496,-32684
28044,29312,-31853
27791,29136,-31036
27538,28968,-30233
27289,28803,-29447
27042,28635,-28683
26794,28481,-27930
26545,28339,-27189
23481,24384,-17472
23270,24334,-16910
23060,24290,-16354
22856,24242,-15812
22654,24195,-15281
16052,17641,382
15649,17232,1201
15226,16802,2042
14793,16372,2891
11806,12677,8959
11359,12390,9774
9255,10156,13782
3733,4074,22605
19724,21843,-142472
19899,21772,-142273
20091,21686,-142047
22184,24398,-138103
24506,27193,-132672
26046,28245,-128971
32903,35673,-105718
34291,38059,-95433
34771,37661,-92172
35203,38928,-78882
35232,38525,-76473
35206,38169,-74179
35136,37850,-71993
26297,28206,-26460
26051,28080,-25742
25807,27963,-25036
25565,27848,-24346
25327,27737,-23672
25090,27634,-23009
24855,27538,-22355
22455,24150,-14758
22259,24104,-14244
22070,24054,-13751
21738,23709,-12899
21403,23360,-12058
21068,23008,-11225
20733,22651,-10398
20400,22289,-9578
20067,21925,-8767
19737,21560,-7966
19408,21195,-7176
19081,20830,-6396
18758,20464,-5633
18436,20102,-4879
18115,19749,-4135
17793,19405,-3400
17469,19069,-2666
17137,18733,-1928
16792,18387,-1177
16432,18023,-410
14357,15954,3736
13921,15552,4568
13480,15158,5411
13035,14771,6268
12587,14405,7119
10905,12117,10591
10443,11854,11410
8762,9931,14587
19562,21903,-142648
21886,24801,-138494
23221,25803,-135702
27730,31250,-123962
29259,33454,-119090
30636,34753,-114401
31854,35457,-109939
33717,38419,-98833
34939,39839,-84058
35108,39372,-81410
32055,36861,-50795
31831,36507,-49494
31606,36152,-48228
31381,35796,-46995
31157,35426,-45797
30933,35039,-44637
30706,34672,-43512
30470,34349,-42427
30225,34071,-41382
29973,33827,-40369
29719,33596,-39380
29463,33376,-38413
29205,33169,-37464
28946,32973,-36535
28687,32784,-35623
28429,32600,-34724
28174,32402,-33852
24622,27450,-21708
24390,27368,-21055
24160,27295,-20411
23933,27220,-19780
23711,27141,-19165
12136,14059,7960
11682,13728,8790
9955,11608,12238
2767,3229,24018
21624,25146,-138816
21391,25449,-139080
21796,25726,-138316
26132,30796,-127918
33038,38693,-102398
34382,40723,-89761
34695,40299,-86840
34295,40871,-70356
34183,40558,-68343
34045,40245,-66427
33885,39920,-64604
33710,39603,-62852
33524,39288,-61155
33329,38970,-59507
33126,38650,-57916
32918,38312,-56388
32706,37949,-54923
32492,37585,-53505
32275,37221,-52130
27919,32207,-32994
27663,32018,-32148
27409,31837,-31315
27153,31666,-30496
26898,31494,-29703
26644,31330,-28922
26392,31174,-28154
26140,31027,-27398
23491,27064,-18564
23273,26992,-17969
23056,26924,-17382
22846,26849,-16813
22641,26771,-16258
22440,26692,-15715
19208,22867,-7403
18877,22425,-6598
18545,21992,-5798
18212,21569,-5005
17876,21160,-4218
17539,20766,-3438
17197,20380,-2658
16844,19994,-1869
16479,19592,-1067
16096,19173,-244
15695,18734,598
15266,18268,1468
14822,17786,2357
14369,17309,3251
13913,16847,4136
13456,16403,5011
12995,15981,5909
11201,13418,9650
10673,13173,10553
9407,11427,13117
8206,9780,15431
604,743,26874
21182,25720,-139299
22631,27147,-136346
23614,28546,-134011
24770,29819,-131234
27641,33745,-123212
31300,38416,-110134
32241,38760,-106157
33543,41368,-95987
34001,41083,-92810
34383,42427,-79416
34425,42006,-76981
34421,41597,-74664
34378,41213,-72461
25891,30888,-26654
25642,30757,-25921
25395,30634,-25199
25153,30509,-24500
24912,30391,-23807
24673,30281,-23110
22243,26609,-15186
22053,26521,-14670
21868,26423,-14176
21533,25984,-13298
21200,25540,-12430
20867,25095,-11572
20535,24648,-10722
20203,24201,-9880
19871,23754,-9045
19539,23309,-8219
12520,15592,6818
12002,15260,7745
20994,25966,-139482
20822,26195,-139633
20664,26410,-139758
21042,26155,-139334
21634,27406,-137924
26239,33328,-126723
28998,35976,-118669
30204,37500,-114336
33005,41571,-99292
34136,43270,-84627
34290,42853,-81967
32068,41017,-55337
31861,40667,-53933
31649,40329,-52573
31434,39993,-51252
31218,39658,-49970
31002,39322,-48722
30785,38987,-47507
30568,38620,-46334
30349,38249,-45185
30129,37879,-44060
29908,37512,-42954
29686,37148,-41870
29462,36787,-40805
29234,36446,-39765
28999,36142,-38755
28756,35877,-37776
28507,35647,-36825
28254,35440,-35896
28002,35224,-34995
27749,35018,-34112
27496,34825,-33244
27237,34651,-32393
26978,34483,-31553
24436,30178,-22423
24199,30084,-21745
23967,29990,-21082
23738,29894,-20432
23510,29806,-19791
23285,29720,-19163
15328,19844,789
14876,19332,1710
14409,18812,2642
13926,18310,3583
11433,15004,8706
10077,13009,11512
8774,11329,14067
7555,9725,16349
3222,4181,23199
1827,2410,25355
22311,28710,-136302
23089,30030,-134427
23988,31303,-132247
25030,32444,-129703
27587,36183,-122293
31656,41572,-106314
32378,41670,-102731
33627,43980,-90261
33915,43651,-87394
33516,44179,-70766
33426,43815,-68745
33309,43428,-66829
33171,43054,-64997
33016,42700,-63223
32845,42364,-61518
32662,42039,-59877
32469,41722,-58295
32271,41369,-56790
26721,34309,-30733
26467,34139,-29931
26213,33975,-29140
25961,33819,-28362
25710,33670,-27596
25460,33529,-26842
25211,33396,-26097
23065,29633,-18553
22853,29536,-17965
22647,29432,-17394
22447,29322,-16838
22252,29205,-16296
22059,29085,-15770
21874,28955,-15264
21365,28294,-13872
21033,27765,-12972
20701,27231,-12077
20368,26694,-11190
20034,26157,-10311
19698,25624,-9437
19360,25096,-8572
19022,24574,-7715
18680,24063,-6862
18335,23565,-6013
17986,23082,-5171
17635,22613,-4335
17281,22160,-3505
16921,21716,-2675
16550,21268,-1838
16163,20809,-984
15757,20336,-109
13414,17855,4536
12859,17467,5527
10806,14812,9706
9413,12924,12525
21088,28200,-138389
21592,29330,-137168
26352,35806,-125416
28793,38360,-118036
29866,39958,-113968
30827,41101,-110047
32352,44468,-99505
32846,44417,-96310
33270,44247,-93230
33532,45827,-79811
33586,45399,-77397
33601,44966,-75087
33576,44563,-72880
24964,33266,-25351
24720,33139,-24621
24478,33020,-23902
24236,32909,-23192
23998,32801,-22494
23763,32690,-21815
21696,28816,-14776
15405,21532,8
14924,21012,982
14389,20513,2010
12258,17149,6573
8070,11295,15073
6831,9736,17317
22157,30508,-135793
22794,31710,-134236
23515,32905,-132465
24336,34040,-130439
25275,35040,-128107
27552,38548,-121247
28622,40655,-117247
30425,43426,-109710
31144,44083,-106212
31785,44383,-102812
33120,46861,-87692
33305,46580,-84962
33440,46228,-82332
32418,46173,-65340
32282,45778,-63558
32131,45399,-61848
31966,45037,-60201
31790,44673,-58628
31604,44307,-57127
31409,43962,-55684
31208,43627,-54292
31004,43297,-52944
30797,42970,-51637
30588,42644,-50366
30377,42321,-49129
30166,41977,-47934
29953,41624,-46771
29737,41273,-45630
29519,40925,-44512
29299,40580,-43415
29078,40237,-42337
28855,39895,-41275
28631,39558,-40230
28406,39225,-39202
28180,38896,-38190
27953,38573,-37191
27727,38242,-36225
27494,37942,-35282
27253,37681,-34365
27006,37452,-33472
26755,37252,-32602
26503,37067,-31756
26252,36884,-30933
26001,36712,-30122
25750,36550,-29325
25499,36400,-28542
23531,32585,-21145
23302,32481,-20487
23077,32375,-19843
22862,32255,-19228
22656,32121,-18640
22456,31982,-18069
20209,28810,-11768
19868,28205,-10842
19524,27598,-9920
19179,26993,-9006
18829,26397,-8095
18475,25811,-7188
18116,25238,-6284
17754,24678,-5385
17387,24137,-4494
17017,23614,-3610
16639,23102,-2728
16249,22585,-1837
15840,22060,-927
13804,20049,3084
11611,16896,7651
10125,14679,10736
8699,12887,13565
718,1050,26757
22109,32516,-134958
25498,37584,-126474
26460,38230,-124038
29582,42276,-113398
32199,47213,-96418
32572,47186,-93427
32877,47062,-90517
32760,48242,-75431
32746,47829,-73233
32704,47421,-71124
32633,47011,-69113
32536,46586,-67198
25248,36258,-27763
24999,36123,-26982
24750,35994,-26212
24504,35863,-25462
24260,35737,-24722
22259,31840,-17515
22067,31693,-16977
21883,31539,-16458
21707,31374,-15959
21536,31204,-15475
21209,30616,-14548
20878,30018,-13620
20545,29415,-12693
13178,19637,4179
10928,16696,8751
7336,11281,16093
2235,3382,24613
22643,33592,-133633
23237,34675,-132152
23902,35733,-130489
24651,36724,-128609
26551,40577,-122609
27523,40816,-120104
28474,42859,-116333
29332,44491,-112676
30066,45574,-109206
30703,46294,-105875
31261,46796,-102640
31758,47102,-99488
32483,49694,-85112
32603,49400,-82552
32689,49042,-80086
32742,48644,-77714
31235,48016,-60511
31074,47604,-58945
30902,47216,-57442
30722,46846,-55996
30534,46491,-54605
30340,46151,-53261
30141,45822,-51958
29937,45500,-50693
29731,45169,-49468
29523,44826,-48283
29312,44487,-47123
29097,44149,-45987
28881,43816,-44872
28662,43488,-43779
28441,43164,-42704
28219,42845,-41648
27995,42531,-40608
27770,42221,-39585
27544,41916,-38576
27318,41595,-37594
27088,41285,-36628
26859,40980,-35675
26630,40681,-34736
26400,40389,-33811
26172,40102,-32903
25943,39822,-32023
25712,39568,-31164
24017,35619,-23992
23779,35493,-23283
23544,35368,-22586
23313,35243,-21904
23087,35115,-21239
22869,34976,-20596
22661,34823,-19979
19690,30312,-11426
19339,29645,-10459
18982,28979,-9491
18621,28318,-8528
18256,27665,-7569
17885,27020,-6613
17509,26387,-5659
17128,25769,-4711
16738,25172,-3764
16325,24597,-2807
15869,24053,-1813
15364,23538,-773
14805,23047,311
14192,22576,1443
12514,19282,5290
9418,14583,11804
2702,4321,23791
23078,36611,-131467
23630,37564,-130068
24242,38483,-128512
24924,39330,-126773
25690,40052,-124819
27493,43003,-118898
28340,44980,-115311
29093,46527,-111856
30299,48365,-105376
30798,48966,-102260
31226,49435,-99229
31582,49773,-96267
31881,49947,-93363
32128,49983,-90522
32326,49898,-87768
31910,50961,-73510
31875,50558,-71422
31816,50114,-69422
31734,49669,-67495
31634,49236,-65644
31516,48816,-63867
31383,48412,-62159
25476,39342,-30326
25236,39140,-29493
24993,38964,-28672
24747,38810,-27867
24500,38669,-27076
24255,38533,-26302
24011,38403,-25545
22457,34663,-19388
22260,34498,-18818
22068,34329,-18264
21882,34155,-17726
21706,33967,-17215
21536,33776,-16718
21369,33584,-16234
21047,32952,-15287
20715,32297,-14326
20378,31638,-13361
20036,30977,-12394
13530,22121,2621
11826,18969,6433
10234,16514,9845
7972,12853,14609
6085,9753,18299
25156,41831,-124955
25848,42419,-123164
26622,42831,-121159
27457,45117,-117634
29736,47589,-108570
31692,52568,-85112
31793,52351,-82638
31865,52052,-80239
31907,51720,-77919
31921,51353,-75676
30166,50104,-57745
30000,49709,-56298
29825,49328,-54901
29642,48962,-53548
29452,48610,-52238
29257,48266,-50971
29058,47912,-49753
28853,47570,-48566
28645,47237,-47408
28433,46909,-46273
28217,46589,-45160
27998,46275,-44067
27777,45967,-42994
27555,45665,-41939
27331,45368,-40902
27103,45082,-39881
23771,38272,-24807
23535,38136,-24088
23304,37997,-23387
23079,37851,-22703
22860,37698,-22039
22651,37527,-21403
22445,37352,-20785
19131,31746,-11031
18767,31024,-10018
18396,30304,-9002
18017,29590,-7986
17622,28894,-6966
17200,28234,-5929
16745,27617,-4873
16260,27037,-3800
12839,21679,3822
11132,18685,7582
9534,16332,10927
8707,14500,12873
6604,11258,17098
23970,40344,-128010
24533,41124,-126561
25969,44669,-121522
26671,44992,-119691
27414,47158,-116329
28213,47021,-114214
28862,48422,-110958
29426,49474,-107813
29924,50323,-104737
30352,51043,-101710
30705,51638,-98740
30990,52111,-95849
31216,52463,-93038
31404,52659,-90312
31562,52684,-87669
31048,53525,-71635
30993,53089,-69653
30919,52649,-67743
30829,52211,-65907
30724,51781,-64140
30605,51360,-62435
30469,50934,-60807
30322,50511,-59247
26875,44785,-38890
26647,44493,-37916
26419,44207,-36957
26191,43927,-36012
25963,43653,-35080
25734,43382,-34159
25508,43103,-33264
25283,42830,-32382
25058,42563,-31495
24834,42302,-30616
24609,42049,-29749
24383,41803,-28891
24156,41573,-28047
23925,41364,-27221
22245,37171,-20186
22053,36980,-19614
21867,36785,-19060
21690,36579,-18528
21519,36368,-18015
21351,36157,-17512
21186,35949,-17020
20862,35279,-16044
20529,34590,-15053
20188,33888,-14051
19841,33181,-13046
19489,32466,-12042
15737,26484,-2698
15171,25955,-1557
13914,24924,830
12144,21255,5009
10439,18424,8715
7998,14424,13929
7247,12817,15638
24771,43631,-124645
25340,44203,-123163
26059,46817,-119895
26700,47070,-118212
27361,49109,-114998
28075,48913,-113086
28637,50222,-109983
29127,51297,-106946
29547,52241,-103935
29896,53064,-100963
30179,53764,-98062
30405,54325,-95253
30589,54741,-92538
30736,55017,-89922
30850,55160,-87402
30942,55164,-84958
31014,55052,-82580
31064,54855,-80262
31092,54592,-78009
31098,54273,-75819
31083,53918,-73696
29399,52932,-58020
29243,52521,-56570
29078,52126,-55167
28905,51745,-53811
28724,51379,-52496
28538,50997,-51234
28346,50626,-50007
28149,50269,-48812
27947,49927,-47648
27738,49596,-46505
27524,49278,-45387
27307,48971,-44292
27087,48673,-43219
26863,48388,-42166
23697,41162,-26427
23473,40961,-25664
23251,40769,-24927
23033,40584,-24215
22819,40403,-23526
22608,40217,-22864
22404,40021,-22227
22205,39824,-21609
22012,39624,-21010
19262,34639,-12668
18890,33883,-11609
18494,33142,-10532
18068,32426,-9430
17612,31735,-8305
14561,25440,-376
13250,24402,2050
11449,20857,6178
9747,18183,9836
8830,16158,12000
5332,9757,19282
796,1438,26669
25482,46443,-121410
26121,48863,-118284
26710,49061,-116727
27276,50917,-113662
27923,50683,-111924
28401,51979,-108919
28810,53126,-105937
29151,54150,-102973
29430,55046,-100067
30297,56970,-75846
30274,56677,-73759
30233,56303,-71753
30177,55902,-69810
30107,55483,-67930
30022,55060,-66116
29922,54645,-64366
29806,54227,-62683
29680,53787,-61074
29544,53355,-59520
26634,48117,-41130
26408,47831,-40128
26181,47552,-39142
25954,47279,-38173
25727,47013,-37220
25499,46753,-36278
25271,46500,-35351
25045,46242,-34446
24820,45986,-33540
24595,45737,-32644
24369,45494,-31758
24144,45257,-30883
21825,39418,-20434
21646,39203,-19883
21474,38979,-19353
21306,38755,-18834
21139,38534,-18323
20973,38317,-17818
20647,37615,-16810
20314,36897,-15791
19969,36154,-14753
19620,35399,-13714
17127,31068,-7159
16613,30427,-5996
16070,29820,-4817
12568,23868,3285
10756,20485,7356
6528,12773,16644
5874,11227,18087
945,1782,26513
26685,50966,-115227
27143,52685,-112268
27743,52428,-110683
28137,53755,-107732
28467,54961,-104791
28742,56029,-101894
29658,55792,-97254
29842,56390,-94542
29988,56845,-91928
30102,57165,-89412
30186,57362,-86989
30245,57456,-84643
30281,57470,-82366
30301,57389,-80144
30306,57216,-77968
28884,56527,-61293
28751,56102,-59750
28609,55682,-58255
28458,55271,-56805
28299,54870,-55402
28132,54480,-54042
27959,54082,-52733
27781,53691,-51466
27595,53314,-50234
27404,52952,-49033
27206,52606,-47860
27002,52269,-46710
26793,51944,-45584
26580,51632,-44483
26359,51342,-43405
26135,51065,-42348
25913,50778,-41328
23918,45024,-30016
23692,44797,-29159
23468,44572,-28316
23253,44323,-27506
23046,44059,-26721
22845,43786,-25958
22651,43507,-25215
22457,43230,-24493
22270,42945,-23804
22086,42667,-23140
21905,42395,-22500
21728,42129,-21883
21554,41871,-21287
21386,41614,-20723
21220,41364,-20180
21054,41125,-19648
20888,40893,-19124
20722,40669,-18607
20395,39944,-17573
20055,39212,-16524
19695,38463,-15449
19307,37716,-14345
18891,36980,-13213
15503,29237,-3629
14914,28662,-2426
14309,28076,-1207
13684,27473,28
11875,23334,4523
11180,22822,5742
10063,20137,8522
9058,17962,10937
8126,16001,13065
7287,14344,14973
2182,4466,24377
1270,2572,25967
27523,54182,-109345
27841,55545,-106431
28111,56769,-103557
28337,57842,-100750
28970,56949,-99080
29154,57714,-96367
29298,58330,-93751
29409,58805,-91234
29491,59149,-88811
29548,59388,-86474
29580,59543,-84211
29593,59618,-82013
29588,59619,-79874
29568,59544,-77783
29536,59400,-75718
29493,59167,-73713
29440,58861,-71768
29378,58513,-69875
29305,58139,-68037
29217,57763,-66257
29118,57381,-64535
29006,56954,-62886
25689,50502,-40327
25464,50236,-39344
25239,49979,-38378
25011,49731,-37427
24783,49490,-36489
24557,49247,-35557
24331,49005,-34639
24106,48769,-33733
23880,48540,-32839
23653,48318,-31954
18447,36254,-12053
17976,35541,-10869
17477,34844,-9662
16949,34164,-8433
16398,33498,-7187
13038,26856,1278
12375,26229,2542
10485,22342,6948
9372,19816,9672
8362,17743,12023
7422,15859,14138
4568,9746,20276
1697,3535,25211
28519,58766,-98033
28661,59534,-95417
28768,60156,-92897
28847,60642,-90475
28899,61014,-88141
28927,61292,-85884
28936,61479,-83696
28929,61587,-81568
28907,61625,-79486
28871,61606,-77443
28822,61524,-75454
28759,61360,-73534
28689,61144,-71661
28611,60882,-69832
28522,60596,-68049
28427,60279,-66315
28322,59910,-64637
28209,59515,-63014
28085,59115,-61441
27952,58715,-59914
27810,58318,-58432
27659,57922,-56991
27501,57532,-55592
27337,57135,-54242
27167,56734,-52937
26991,56345,-51667
26809,55967,-50429
26620,55603,-49220
26426,55253,-48040
26227,54915,-46884
26018,54598,-45755
25805,54296,-44651
25589,54009,-43571
25374,53712,-42528
25157,53426,-41505
24938,53151,-40500
24717,52887,-39515
23426,48101,-31081
23201,47886,-30221
22981,47665,-29381
22772,47417,-28578
22571,47155,-27803
22376,46883,-27046
22182,46603,-26308
21995,46312,-25592
21816,46006,-24902
21643,45694,-24229
21474,45377,-23575
21310,45056,-22936
21149,44735,-22310
20993,44408,-21705
20837,44089,-21118
20679,43785,-20542
20519,43496,-19975
20356,43223,-19418
19994,42483,-18301
19607,41754,-17163
19192,41025,-15999
15832,32839,-5933
15263,32180,-4691
11694,25590,3819
9790,21892,8163
6575,14252,16005
5812,12718,17634
5149,11210,19047
24493,52635,-38545
24268,52395,-37581
24042,52158,-36628
23818,51922,-35697
23592,51696,-34780
23364,51478,-33874
23136,51269,-32979
22907,51063,-32097
22681,50855,-31232
18747,40295,-14803
18275,39576,-13583
17775,38865,-12338
17251,38155,-11069
16713,37442,-9789
14691,31521,-3456
14107,30854,-2213
13506,30174,-956
12882,29474,320
12238,28762,1609
11003,24953,5094
8681,19520,10805
7661,17525,13101
6722,15736,15187
22462,50631,-30396
22250,50391,-29586
22046,50136,-28807
21842,49878,-28047
21642,49616,-27306
21449,49336,-26591
21261,49046,-25895
21079,48752,-25218
20899,48455,-24555
20721,48158,-23903
20546,47858,-23265
20372,47556,-22639
20200,47257,-22026
20029,46961,-21422
19857,46670,-20824
16168,36720,-8505
15618,35991,-7220
15062,35258,-5936
11577,28038,2913
10309,24342,6353
9613,23766,7604
9097,21476,9352
7994,19248,11916
5865,14153,17023
19684,46383,-20232
19282,45636,-19029
18859,44881,-17804
18412,44124,-16551
17938,43345,-15261
17448,42560,-13958
16949,41765,-12646
14503,34518,-4659
13937,33773,-3386
13359,33018,-2105
12141,31457,505
10898,27298,4232
10208,26558,5547
8405,21091,10523
7298,18986,13012
6960,17324,14168
6025,15623,16215
5098,12653,18611
4415,11181,20010
3788,9719,21286
16442,40959,-11330
15927,40143,-10009
15404,39322,-8687
14872,38497,-7363
12763,32248,-808
11501,30648,1836
9514,25845,6847
8916,23230,8853
7714,20736,11672
6260,17138,15233
5159,14044,18022
14333,37670,-6045
13787,36844,-4732
13230,36012,-3415
10843,29827,3182
10167,28990,4540
8818,25169,8147
8219,22733,10080
6601,18737,14096
4382,12576,19579
1660,4604,24962
12659,35165,-2092
12066,34301,-754
11450,33419,600
10815,32522,1970
9479,28153,5896
8119,24532,9437
7524,22276,11277
7024,20407,12798
5569,16965,16276
5326,15494,17227
3668,11137,20986
10160,31609,3356
9487,30676,4754
8785,27341,7238
7418,23941,10703
6831,21855,12447
6327,20095,13907
5902,18495,15164
4457,13942,18994
2995,9677,22304
1157,3682,25808
8801,29744,6151
8087,26563,8588
6717,23398,11941
4882,16797,17298
4628,15358,18225
3661,12489,20543
8107,28836,7536
7386,25827,9920
6137,21465,13594
5631,19810,14998
5207,18269,16212
3753,13838,19953
7409,27960,8934
6683,25134,11229
6020,22903,13140
5435,21100,14721
4932,19536,16072
4516,18055,17256
4190,16616,18308
3930,15213,19208
2903,11078,21975
711,2728,26577
6703,27123,10314
5966,24492,12519
5301,22447,14329
2908,12389,21537
1138,4737,25546
5966,26333,11694
5216,23910,13804
4710,20770,15847
4205,19275,17148
3009,13724,20941
2157,9619,23365
186,842,27301
5184,25595,13085
4533,22027,15532
3793,17856,18309
3456,16430,19342
3192,15060,20216
4418,23380,15090
3938,20471,16994
3429,19032,18255
2056,11005,23042
381,2047,27082
4363,24911,14474
3723,21650,16746
3006,17652,19401
2653,16237,20424
2371,14901,21291
2171,13603,22009
2057,12288,22614
617,3823,26404
3498,24281,15860
3575,22893,16381
3119,20179,18154
2873,21304,17969
2601,18798,19406
2153,17435,20538
1184,9562,24542
615,4865,26128
218,1714,27247
176,1284,27300
2598,23706,17230
2696,22452,17672
2258,19897,19327
1775,16049,21555
1990,20980,19192
1721,18560,20581
1459,14730,22440
1225,13462,23177
1088,12189,23787
1069,10916,24235
1696,23191,18558
1801,22051,18943
1251,17203,21705
1105,20658,20386
1370,19625,20528
841,15844,22730
151,2878,27185
812,22732,19831
920,21684,20168
823,18306,21754
488,19354,21706
338,16955,22873
493,14542,23632
55,21338,21346
234,20354,21559
218,13300,24402
44,12065,25029
66,9483,25848
73,5035,26746
69,3974,27010
-52,22319,21049
-66,18041,22904
-103,15623,23916
-16,10802,25518
-623,20058,22713
-385,19070,22854
-576,16693,24041
-482,14356,24825
-899,21945,22216
-795,21003,22490
-1252,18774,23980
-956,17761,24048
-1047,15395,25088
-793,13125,25624
-1732,21579,23339
-1632,20679,23622
-1477,19742,23843
-1010,11919,26280
-182,2307,27649
-1497,16413,25215
-1464,14151,26025
-471,5199,27363
-2551,21229,24447
-2466,20339,24732
-2325,19418,24949
-2121,18463,25104
-1849,17464,25196
-1121,10664,26818
-1090,9381,27188
-491,4153,27641
-1998,15149,26266
-1811,12938,26846
-419,3049,27813
-2420,16125,26381
-3367,20865,25539
-3298,19983,25828
-3176,19077,26057
-2996,18135,26234
-2749,17150,26350
-2449,13931,27221
-2070,11754,27533
-1017,5358,27980
-363,1987,27826
-4184,20481,26623
-4133,19614,26921
-3348,15842,27537
-2955,14884,27450
-2231,10508,28119
-4033,18718,27171
-3877,17788,27370
-3652,16820,27500
-2835,12740,28069
-5005,20082,27707
-2251,9264,28526
-1056,4326,28272
-4975,19225,28020
-4897,18339,28291
-3442,13691,28424
-4761,17423,28503
-4561,16469,28657
-4283,15539,28699
-3916,14608,28631
-3140,11564,28796
-1577,5513,28607
-425,1571,27894
-5832,19664,28792
-758,2593,28236
-5823,18815,29125
-5765,17942,29408
-3864,12529,29288
-3348,10343,29418
-1002,3239,28460
-5653,17037,29642
-5475,16106,29810
-5224,15217,29861
-4884,14326,29808
-4440,13439,29625
-6670,19212,29886
-367,1057,27850
-6688,18375,30239
-6655,17508,30546
-4215,11354,30059
-3404,9157,29837
-1641,4496,28921
-6568,16616,30801
-4902,12292,30516
-2178,5665,29270
-7557,18654,31021
-6411,15719,30973
-6182,14864,31038
-5867,14017,30998
-5444,13165,30825
-7630,17834,31423
-4467,10168,30708
-970,2282,28435
-7635,16972,31765
-8506,17955,32210
-7575,16095,32034
-5307,11109,31338
-1611,3425,29128
-1369,2900,28860
-8646,17154,32674
-7445,15234,32216
-7238,14399,32304
-6933,13617,32253
-6518,12815,32085
-5979,12001,31777
-4536,9093,31093
-2764,5654,29828
-2279,4659,29612
-8710,16314,33063
-9514,17117,33452
-8688,15444,33360
-5623,9957,32015
-9710,16331,33966
-8595,14610,33566
-1095,1865,28550
-8417,13810,33665
-8136,13056,33632
-7203,11544,33170
-6507,10758,32701
-3414,5630,30433
-2278,3675,29819
-10515,16210,34685
-9833,15533,34396
-7738,12304,33473
-5750,8982,32384
-2897,4621,30175
-2054,3204,29551
-1666,2604,29136
-9867,14694,34746
-10749,15457,35222
-9810,13895,34969
-6929,9617,33418
-11477,15275,35875
-10922,14693,35697
-9663,13135,35079
-4104,5604,31071
-9420,12382,35084
-9058,11662,34948
-7856,10253,34174
-3580,4585,30790
-2910,3728,30328
-11746,14546,36438
-11019,13926,36090
-8553,10933,34671
-11016,13168,36359
-7149,8683,33819
-2722,3280,30097
-1109,1354,28566
-12419,14330,37039
-11966,13810,36954
-4803,5578,31712
-2393,2779,29783
-1892,2204,29342
-10905,12442,36489
-12118,13108,37381
-10697,11715,36514
-8316,9209,34859
-12708,13604,37619
-10372,11012,36410
-9891,10347,36128
-9217,9754,35619
-4287,4550,31423
-3594,3780,30872
-13355,13384,38197
-12185,12432,37698
-5497,5555,32342
-12961,12888,38161
-12133,11740,37879
-8573,8354,35261
-3402,3294,30603
-13654,12657,38780
-13168,12242,38624
-11956,11053,37920
-9676,8840,36249
-4990,4521,32047
-14284,12441,39341
-13295,11636,38977
-11649,10407,37808
-11185,9833,37505
-10534,9324,36987
-6183,5534,32962
-4286,3843,31418
-3046,2715,30207
-13927,11962,39328
-13315,11027,39213
-4083,3330,31101
-2533,2085,29720
-14596,11706,39936
-14162,11351,39800
-13176,10436,39259
-9983,8025,36684
-6863,5516,33571
-5687,4498,32659
-4971,3919,31950
-2031,1643,29462
-15208,11495,40480
-12884,9868,39131
-12434,9389,38803
-11821,8934,38304
-11019,8481,37612
-14878,11043,40471
-14337,10801,40184
-7537,5502,34168
-3697,2698,30619
-14405,10311,40428
-6371,4519,33238
-5646,4009,32466
-4754,3391,31583
-15529,10770,41074
-15118,10468,40922
-14332,9847,40507
-11377,7695,38086
-16123,10553,41606
-15299,9980,41283
-14070,9411,40364
-13654,8977,40055
-13090,8549,39595
-12342,8132,38946
-8203,5492,34754
-7036,4629,33759
-6313,4115,32967
-15810,10152,41577
-5418,3477,32050
-4350,2721,31022
-16438,9888,42157
-15400,9594,41523
-15381,9274,41614
-8864,5485,35330
-7693,4749,34266
-6982,4226,33464
-3135,1909,29971
-16040,9634,41987
-15210,8954,41539
-12753,7366,39465
-8363,4857,34780
-6113,3551,32538
-17012,9651,42682
-16710,9328,42618
-16208,9221,42295
-14853,8574,41276
-14335,8181,40850
-13648,7783,40258
-9547,5455,35921
-7703,4293,34001
-16307,8904,42504
-9093,4909,35341
-5070,2716,31479
-17317,9050,43188
-16925,8874,42980
-16336,8666,42617
-16260,8440,42617
-16015,8167,42451
-10285,5396,36544
-6899,3549,33100
-17869,8819,43692
-17080,8531,43242
-15561,7814,42080
-14934,7435,41545
-14109,7037,40819
-9910,4869,35977
-8518,4270,34617
-17572,8569,43591
-17181,8255,43429
-17228,8035,43547
-11092,5350,37186
-18157,8299,44138
-17773,8194,43902
-17212,7856,43598
-17083,7689,43531
-7815,3488,33822
-5893,2648,32020
-3828,1749,30294
-18689,8054,44633
-18398,7886,44496
-17929,7881,44147
-16756,7438,43277
-16197,7086,42805
-15444,6708,42147
-12046,5268,38065
-10887,4799,36869
-9488,4207,35467
-18598,7547,44785
-18038,7628,44326
-18098,7413,44452
-18961,7613,45027
-18758,7262,45018
-18100,7251,44508
-18039,7121,44503
-17857,6984,44382
-17434,6734,44034
-12983,5142,38925
-11880,4714,37784
-10516,4138,36418
-8882,3437,34814
-19471,7373,45501
-19198,7249,45354
-18877,7018,45199
-16754,6380,43446
-6934,2600,32925
-19739,6977,45866
-19403,6930,45635
-18948,6820,45323
-18969,6654,45395
-18933,6520,45411
-13858,4963,39725
-12859,4630,38684
-11530,4070,37355
-5343,1943,29987
-4619,1609,30694
-20229,6727,46329
-19980,6629,46187
-19569,6665,45860
-19696,6436,46039
-18827,6421,45359
-18580,6312,45175
-18036,6050,44713
-13780,4559,39485
-9936,3386,35792
-8956,3017,33394
-4449,1447,29437
-2476,822,29230
-20498,6361,46678
-20185,6345,46448
-19781,6239,46172
-19821,6070,46260
-14573,4501,40073
-14649,4712,40446
-12111,3744,36437
-12441,4036,38097
-10835,3393,36473
-8033,2568,33949
-20954,6118,47108
-20736,6055,46973
-20358,6091,46672
-19807,5930,46296
-19729,5825,46270
-19571,5759,46167
-19243,5671,45904
-15605,4543,39604
-14834,4267,39092
-15285,4400,40580
-15267,4446,40896
-14091,4099,39283
-13033,3880,37186
-13276,4050,38703
-11676,3459,37052
-11348,3325,36017
-10015,3036,34352
-8924,2622,34571
-8165,2491,32982
-6503,1911,31077
-21216,5788,47431
-20946,5780,47233
-20495,5870,46853
-20595,5672,46999
-16484,4488,40380
-15627,4267,40335
-14885,4182,39837
-14009,3881,38058
-14077,3978,38624
-13298,3749,38128
-12497,3577,37603
-11091,2976,35355
-10561,3001,35565
-9753,2769,35083
-7421,2008,32677
-5768,1599,31770
-21591,5540,47790
-21454,5496,47718
-21273,5319,47643
-21124,5539,47453
-20653,5499,47102
-20661,5354,47157
-20609,5241,47155
-20484,5166,47082
-20268,5135,46922
-17257,4342,41057
-17283,4311,41267
-16809,4309,41035
-16272,4311,40738
-15898,4243,40990
-15003,3795,38979
-15835,4179,41287
-6654,1707,32336
-21841,5233,48090
-21665,5240,47968
-21387,5119,47800
-17836,4150,41674
-15981,3710,39885
-16442,4067,41331
-16385,3936,41655
-12153,2917,36343
-7650,1879,32152
-22129,4995,48368
-22068,4963,48355
-22015,4781,48396
-21853,5001,48195
-21463,4943,47918
-21492,4794,47992
-21465,4673,48013
-21372,4588,47969
-21195,4544,47846
-17957,4004,41704
-17453,3791,41925
-16944,3625,40774
-16955,3911,41638
-16921,3719,42005
-13200,2858,37316
-22587,4490,48858
-22574,4450,48888
-22360,4714,48637
-22469,4473,48829
-22278,4710,48601
-22148,4582,48568
-22244,4404,48704
-18850,3665,42662
-18605,3634,42304
-18438,3877,42189
-18400,3669,42435
-17863,3511,41623
-17935,3710,42190
-17442,3532,42336
-14233,2798,38273
-8785,1847,33212
-22810,4217,49117
-22775,4201,49124
-22792,4055,49224
-22641,4255,49037
-22296,4249,48798
-22295,4122,48841
-22233,4027,48826
-22094,3970,48739
-19027,3611,42691
-18672,3295,42368
-17948,3373,42647
-15249,2739,39214
-9905,1815,34258
-23246,3740,49579
-23221,3714,49596
-23025,4006,49325
-23022,3959,49363
-23133,3751,49551
-22962,3968,49345
-23013,3719,49518
-22918,3875,49386
-19908,3157,43548
-19639,3249,43256
-19413,3409,43137
-19240,3268,42890
-19353,3087,43446
-18912,3151,43210
-18438,3246,42939
-16250,2679,40138
-11012,1783,35289
-23449,3541,49775
-23455,3487,49821
-23407,3485,49815
-23426,3370,49912
-23288,3551,49741
-23065,3587,49610
-23055,3485,49643
-22961,3415,49597
-20295,2912,43859
-20195,2890,43769
-20037,2960,43770
-19863,2909,43465
-19722,3055,43610
-19357,2971,43000
-18199,2561,41937
-17233,2620,41046
-12104,1751,36304
-3958,624,29698
-3072,455,29185
-23857,3098,50207
-23871,3037,50260
-23836,3023,50266
-23666,3283,50023
-23652,3248,50049
-23736,3072,50209
-23579,3270,50019
-23701,2958,50294
-23637,3070,50194
-23543,3209,50065
-20642,2565,44180
-20640,2537,44179
-20450,2554,44005
-20350,2728,44010
-19991,2614,43584
-19136,2488,42799
-13180,1719,37303
-24247,2679,50618
-24269,2610,50678
-24247,2584,50697
-24069,2848,50448
-24065,2804,50484
-24165,2614,50658
-24008,2812,50469
-24100,2582,50675
-23999,2726,50539
-23876,2889,50383
-23714,2878,50347
-20960,2227,44473
-20933,2205,44450
-20898,2295,44416
-20629,2507,44218
-20608,2262,44152
-19960,2314,43557
-15286,1655,39253
-14242,1687,38286
-24616,2285,51007
-24646,2209,51075
-24637,2170,51106
-24452,2438,50852
-24574,2182,51085
-24459,2384,50898
-24417,2377,50897
-24434,2267,50991
-24308,2433,50833
-24178,2461,50787
-24227,2368,50873
-21296,1864,44783
-21271,1896,44760
-21207,1966,44701
-21151,1916,44651
-20988,2194,44500
-20646,2017,44188
-17325,1591,41134
-16315,1623,40202
-25088,1770,51538
-25053,1792,51502
-24933,1943,51348
-24972,1861,51423
-24985,1801,51475
-24811,2056,51231
-24955,1781,51485
-24829,1992,51287
-24804,1968,51303
-24846,1835,51421
-24717,2002,51260
-24688,1888,51350
-24627,1992,51253
-24541,2119,51132
-21610,1534,45072
-21609,1533,45071
-21576,1573,45041
-21559,1576,45026
-21510,1644,44980
-21303,1861,44789
-21254,1673,44747
-20245,1495,43822
-19292,1528,42945
-18318,1559,42049
-25131,1723,51626
-25127,1709,51618
-25120,1696,51608
-25170,1680,51710
-25166,1667,51703
-25161,1653,51694
-25156,1637,51685
-25209,1638,51795
-25205,1625,51787
-25149,1622,51674
-25200,1611,51779
-25248,1595,51879
-25195,1596,51771
-25244,1583,51872
-25190,1579,51761
-25239,1570,51864
-25184,1561,51750
-25235,1555,51856
-25287,1553,51963
-25084,1715,51571
-25230,1539,51846
-25283,1541,51956
-25224,1521,51836
-25279,1528,51949
-25171,1548,51733
-25218,1501,51825
-25274,1514,51941
-25325,1510,52047
-25269,1498,51932
-25322,1499,52041
-25211,1480,51812
-25318,1486,52034
-25264,1481,51922
-25314,1473,52026
-25258,1463,51911
-25309,1458,52017
-25364,1468,52131
-25361,1457,52125
-25251,1441,51899
-25304,1442,52008
-25357,1445,52118
-25298,1424,51998
-25353,1432,52111
-25243,1418,51886
-25348,1418,52103
-25403,1425,52216
-25291,1403,51986
-25099,1652,51623
-25400,1415,52210
-25343,1402,52094
-25396,1403,52203
-25284,1381,51973
-25338,1385,52084
-25392,1391,52196
-25442,1383,52300
-25332,1365,52073
-25388,1377,52188
-25439,1373,52294
-25276,1355,51958
-25383,1362,52180
-25226,1401,51862
-25325,1344,52060
-25378,1346,52170
-25432,1350,52281
-25435,1362,52288
-25265,1326,51940
-25481,1340,52384
-25427,1337,52274
-25166,1496,51765
-25077,1623,51640
-25117,1443,51795
-25049,1553,51691
-24957,1685,51566
-21914,1211,45352
-21911,1216,45349
-21877,1247,45318
-21874,1257,45315
-21807,1330,45253
-21749,1334,45200
-21108,1386,44614
-22261,812,45670
-22210,897,45623
-22202,907,45616
-25372,1327,52160
-25317,1319,52046
-25478,1331,52379
-25423,1323,52266
-25475,1320,52373
-25418,1307,52256
-25365,1306,52148
-25471,1309,52366
-25308,1291,52030
-25412,1289,52246
-25467,1297,52359
-25520,1298,52468
-25358,1283,52134
-25517,1289,52463
-25463,1283,52351
-25406,1269,52235
-25514,1279,52457
-25458,1268,52343
-25297,1258,52011
-25349,1256,52119
-25510,1268,52451
-25507,1256,52445
-25559,1255,52552
-25398,1247,52222
-25452,1251,52333
-25339,1224,52101
-25502,1243,52437
-25446,1232,52322
-25556,1247,52548
-25498,1229,52429
-25553,1237,52542
-25390,1221,52207
-25550,1227,52536
-25493,1213,52420
-25439,1211,52310
-25546,1216,52530
-22180,927,45596
-25598,1213,52637
-25381,1191,52190
-25432,1186,52296
-25487,1195,52409
-25542,1204,52523
-25595,1204,52632
-25538,1190,52515
-25592,1196,52627
-25480,1175,52398
-25589,1186,52622
-25533,1175,52507
-25586,1176,52616
-25473,1151,52384
-25528,1158,52497
-25636,1170,52721
-25422,1158,52280
-25582,1164,52609
-25634,1162,52717
-25578,1151,52602
-25631,1154,52712
-25628,1145,52707
-25521,1139,52486
-25464,1124,52369
-25573,1137,52593
-25625,1135,52701
-25568,1121,52584
-25622,1124,52695
-25675,1127,52805
-25514,1116,52473
-22163,951,45580
-25673,1120,52801
-25618,1112,52688
-25671,1113,52797
-25614,1099,52680
-25562,1103,52574
-25668,1104,52792
-25506,1091,52458
-25556,1082,52562
-25665,1095,52786
-25609,1084,52671
-25662,1085,52781
-25714,1085,52889
-25712,1078,52886
-25658,1073,52774
-25548,1057,52548
-25710,1071,52881
-25603,1066,52662
-25654,1061,52767
-25707,1063,52877
-25597,1047,52650
-25704,1055,52872
-25649,1047,52759
-25701,1045,52866
-25644,1030,52749
-25698,1034,52860
-25753,1042,52974
-25590,1024,52637
-25751,1036,52970
-25749,1030,52966
-25747,1022,52962
-25694,1023,52854
-25638,1012,52739
-25690,1009,52846
-25744,1014,52957
-25741,1005,52952
-25685,994,52837
-25631,991,52727
-25792,1000,53058
-25738,996,52947
-25790,994,53054
-25680,977,52828
-25788,988,53051
-25734,985,52940
-25786,981,53047
-25731,972,52933
-25784,974,53043
-25781,966,53038
-25673,957,52816
-25726,958,52925
-25778,957,53033
-25831,957,53142
-25829,952,53139
-25775,947,53027
-25721,942,52916
-25827,947,53136
-25825,940,53132
-25771,935,53021
-25823,934,53128
-25715,924,52906
-25821,926,53124
-25767,922,53013
-25818,918,53119
-25870,915,53226
-25762,908,53005
-25815,908,53114
-25868,910,53223
-25866,905,53220
-22104,1004,45526
-22095,1024,45518
-21796,1139,45245
-22570,509,45952
-22570,509,45952
-22570,509,45952
-22570,509,45952
-22570,509,45952
-22570,509,45952
-22570,509,45952
-22570,509,45952
-22570,509,45952
-22570,509,45952
-22570,509,45952
-22570,509,45952
-22570,509,45952
-22570,509,45952
-22570,509,45952
-22570,509,45952
-22570,509,45952
-22570,509,45952
-22570,509,45952
-22570,509,45952
-22570,509,45952
-22570,509,45952
-22570,509,45952
-22570,509,45952
-22570,509,45952
-22570,509,45952
-22570,509,45952
-22570,509,45952
-22570,509,45952
-22570,509,45952
-22570,509,45952
-22570,509,45952
-22570,509,45952
-22570,509,45952
-22570,509,45952
-22570,509,45952
-22570,509,45952
-22570,509,45952
-22570,509,45952
-22570,509,45952
-22570,509,45952
-22570,509,45952
-22570,509,45952
-22570,509,45952
-22570,509,45952
-22570,509,45952
-22570,509,45952
-22570,509,45952
-22570,509,45952
-22570,509,45952
-22570,509,45952
-22570,509,45952
-22570,509,45952
-22570,509,45952
-22570,509,45952
-22570,509,45952
-22570,509,45952
-22570,509,45952
-22570,509,45952
-22570,509,45952
-22570,509,45952
-22570,509,45952
-22570,509,45952
-22570,509,45952
-22570,509,45952
-22570,509,45952
-22570,509,45952
-22570,509,45952
-22570,509,45952
-22570,509,45952
-22570,509,45952
-22570,509,45952
-22570,509,45952
-22570,509,45952
-22570,509,45952
-22570,509,45952
-22570,509,45952
-22570,509,45952
-22570,509,45952
-22570,509,45952
-22570,509,45952
-22570,509,45952
-22570,509,45952
-22570,509,45952
-22570,509,45952
-22570,509,45952
-22570,509,45952
-22570,509,45952
-22570,509,45952
-22570,509,45952
-22570,509,45952
-22570,509,45952
-22570,509,45952
-22570,509,45952
-22570,509,45952
-22570,509,45952
-22570,509,45952
-22570,509,45952
-22570,509,45952
-22570,509,45952
-22570,509,45952
-22570,509,45952
-22570,509,45952
-22570,509,45952
-22570,509,45952
-22570,509,45952
-22570,509,45952
-22570,509,45952
-22570,509,45952
-22570,509,45952
-22570,509,45952
-22570,509,45952
-22570,509,45952
-22570,509,45952
-22570,509,45952
-22570,509,45952
-22570,509,45952
-22570,509,45952
-22570,509,45952
-22570,509,45952
-22570,509,45952
-22570,509,45952
-22570,509,45952
-22570,509,45952
-22570,509,45952
-22570,509,45952
-22570,509,45952
-22570,509,45952
-22570,509,45952
-22570,509,45952
-22570,509,45952
-22570,509,45952
-22570,509,45952
-22570,509,45952
-22570,509,45952
-22570,509,45952
-22570,509,45952
-22570,509,45952
-22570,509,45952
-22570,509,45952
-22570,509,45952
-22570,509,45952
-22570,509,45952
-22570,509,45952
-22570,509,45952
-22570,509,45952
-22570,509,45952
-22570,509,45952
-22570,509,45952
-22570,509,45952
-22570,509,45952
-22570,509,45952
-22570,509,45952
-22570,509,45952
-22570,509,45952
-22570,509,45952
-22570,509,45952
-22570,509,45952
-22570,509,45952
-22570,509,45952
-22570,509,45952
-22570,509,45952
-22570,509,45952
-22570,509,45952
-22570,509,45952
-22570,509,45952
-22570,509,45952
-22570,509,45952
-22570,509,45952
-22570,509,45952
-22570,509,45952
-22570,509,45952
-22570,509,45952
-22570,509,45952
-22570,509,45952
-22570,509,45952
-22570,509,45952
-22570,509,45952
-22570,509,45952
-22570,509,45952
-22570,509,45952
-22570,509,45952
-22570,509,45952
-22570,509,45952
-22570,509,45952
-22570,509,45952
-22570,509,45952
-22570,509,45952
-22570,509,45952
-22570,509,45952
-22570,509,45952
-22570,509,45952
-22570,509,45952
-22570,509,45952
-22570,509,45952
-22570,509,45952
-22570,509,45952
-22570,509,45952
-22570,509,45952
-22570,509,45952
-22570,509,45952
-22570,509,45952
-22570,509,45952
-22570,509,45952
-22570,509,45952
-22570,509,45952
-22570,509,45952
-22570,509,45952
-22570,509,45952
-22570,509,45952
-22570,509,45952
-22570,509,45952
-22570,509,45952
-22570,509,45952
-22570,509,45952
-22570,509,45952
-22570,509,45952
-22570,509,45952
-22570,509,45952
-22570,509,45952
-22570,509,45952
-22570,509,45952
-22570,509,45952
-22570,509,45952
-22570,509,45952
-22570,509,45952
-22570,509,45952
-22570,509,45952
-22570,509,45952
-22570,509,45952
-22570,509,45952
-22570,509,45952
-22570,509,45952
-22570,509,45952
-22570,509,45952
-22570,509,45952
-22570,509,45952
-22570,509,45952
-22570,509,45952
-22570,509,45952
-22570,509,45952
-22570,509,45952
-22570,509,45952
-22570,509,45952
-22570,509,45952
-22570,509,45952
-22570,509,45952
-22570,509,45952
-22570,509,45952
-22570,509,45952
-22570,509,45952
-22570,509,45952
-22570,509,45952
-22570,509,45952
-22570,509,45952
-22570,509,45952
-22570,509,45952
-22570,509,45952
-22570,509,45952
-22570,509,45952
-22570,509,45952
-22570,509,45952
-22570,509,45952
-22570,509,45952
-22570,509,45952
-22570,509,45952
-22570,509,45952
-22570,509,45952
-22570,509,45952
-22570,509,45952
-22570,509,45952
-22570,509,45952
-22570,509,45952
-22570,509,45952
-22570,509,45952
-22570,509,45952
-22570,509,45952
-22570,509,45952
-22570,509,45952
-22570,509,45952
-22570,509,45952
-22570,509,45952
-22570,509,45952
-22570,509,45952
-22570,509,45952
-22570,509,45952
-22570,509,45952
-22570,509,45952
-22570,509,45952
-22570,509,45952
-22570,509,45952
-22570,509,45952
-22570,509,45952
-22570,509,45952
-22570,509,45952
-22570,509,45952
-22570,509,45952
-22570,509,45952
-22570,509,45952
-22570,509,45952
-22570,509,45952
-22570,509,45952
-22570,509,45952
-22570,509,45952
-22570,509,45952
-22570,509,45952
-22570,509,45952
-22570,509,45952
-22570,509,45952
-22570,509,45952
-22570,509,45952
-22570,509,45952
-22570,509,45952
-22570,509,45952
-22570,509,45952
-22570,509,45952
-22570,509,45952
-22570,509,45952
-22570,509,45952
-22570,509,45952
-22570,509,45952
-22570,509,45952
-22570,509,45952
-22570,509,45952
-22570,509,45952
-22570,509,45952
-22570,509,45952
-22570,509,45952
-22570,509,45952
-22570,509,45952
-22570,509,45952
-22570,509,45952
-22570,509,45952
-22570,509,45952
-22570,509,45952
-22570,509,45952
-22570,509,45952
-22570,509,45952
-22570,509,45952
-22570,509,45952
-22570,509,45952
-22570,509,45952
-22570,509,45952
-22570,509,45952
-22570,509,45952
-22570,509,45952
-22570,509,45952
-22570,509,45952
-22570,509,45952
-22570,509,45952
-22570,509,45952
-22570,509,45952
-22570,509,45952
-22570,509,45952
-22570,509,45952
-22570,509,45952
-22570,509,45952
-22570,509,45952
-22570,509,45952
-22570,509,45952
-22570,509,45952
-22570,509,45952
-22570,509,45952
-22570,509,45952
-22570,509,45952
-22570,509,45952
-22570,509,45952
-22570,509,45952
-22570,509,45952
-22570,509,45952
-22570,509,45952
-22570,509,45952
-22570,509,45952
-22570,509,45952
-22570,509,45952
-22570,509,45952
-22570,509,45952
-22570,509,45952
-22570,509,45952
-22570,509,45952
-22570,509,45952
-22570,509,45952
-22570,509,45952
-22570,509,45952
-22570,509,45952
-22570,509,45952
-22570,509,45952
-22570,509,45952
-22570,509,45952
-22570,509,45952
-22570,509,45952
-22570,509,45952
-22570,509,45952
-22570,509,45952
-22570,509,45952
-22570,509,45952
-22570,509,45952
-22570,509,45952
-22570,509,45952
-22570,509,45952
-22570,509,45952
-22570,509,45952
-22570,509,45952
-22570,509,45952
-22570,509,45952
-22570,509,45952
-22570,509,45952
-22570,509,45952
-22570,509,45952
-22570,509,45952
-22570,509,45952
-22570,509,45952
-22570,509,45952
-22570,509,45952
-22570,509,45952
-22570,509,45952
-22570,509,45952
-22570,509,45952
-22570,509,45952
-22570,509,45952
-22570,509,45952
-22570,509,45952
-22570,509,45952
-22570,509,45952
-22570,509,45952
-22570,509,45952
-22570,509,45952
-22570,509,45952
-22570,509,45952
-22570,509,45952
-22570,509,45952
-22570,509,45952
-22570,509,45952
-22570,509,45952
-22570,509,45952
-22570,509,45952
-22570,509,45952
-22570,509,45952
-22570,509,45952
-22570,509,45952
-22570,509,45952
-22570,509,45952
-22570,509,45952
-22570,509,45952
-22570,509,45952
-22570,509,45952
-22570,509,45952
-22570,509,45952
-22570,509,45952
-22570,509,45952
-22570,509,45952
-22570,509,45952
-22570,509,45952
-22570,509,45952
-22570,509,45952
-22570,509,45952
-22570,509,45952
-22570,509,45952
-22570,509,45952
-22570,509,45952
-22570,509,45952
-22570,509,45952
-22570,509,45952
-22570,509,45952
-22570,509,45952
-22570,509,45952
-22570,509,45952
-22570,509,45952
-22570,509,45952
-22570,509,45952
-22570,509,45952
-22570,509,45952
-22570,509,45952
-22570,509,45952
-22570,509,45952
-22570,509,45952
-22570,509,45952
-22570,509,45952
-22570,509,45952
-22570,509,45952
-22570,509,45952
-22570,509,45952
-22570,509,45952
-22570,509,45952
-22570,509,45952
-22570,509,45952
-22570,509,45952
-22570,509,45952
-22570,509,45952
-22570,509,45952
-22570,509,45952
-22570,509,45952
-22570,509,45952
-22570,509,45952
-22570,509,45952
-22570,509,45952
-22570,509,45952
-22570,509,45952
-22570,509,45952
-22570,509,45952
-22570,509,45952
-22570,509,45952
-22570,509,45952
-22570,509,45952
-22570,509,45952
-22570,509,45952
-22570,509,45952
-22570,509,45952
-22570,509,45952
-22570,509,45952
-22570,509,45952
-22570,509,45952
-22570,509,45952
-22570,509,45952
-22570,509,45952
-22570,509,45952
-22570,509,45952
-22570,509,45952
-22570,509,45952
-22570,509,45952
-22570,509,45952
-22570,509,45952
-22570,509,45952
-22570,509,45952
-22570,509,45952
-22570,509,45952
-22570,509,45952
-22570,509,45952
-22570,509,45952
-22570,509,45952
-22570,509,45952
-22570,509,45952
-22570,509,45952
-22570,509,45952
-22570,509,45952
-22570,509,45952
-22570,509,45952
-22570,509,45952
-22570,509,45952
-22570,509,45952
-22570,509,45952
-22570,509,45952
-22570,509,45952
-22570,509,45952
-22570,509,45952
-22570,509,45952
-22570,509,45952
-22570,509,45952
-22570,509,45952
-22570,509,45952
-22570,509,45952
-22570,509,45952
-22570,509,45952
-22570,509,45952
-22570,509,45952
-22570,509,45952
-22570,509,45952
-22570,509,45952
-22570,509,45952
-22570,509,45952
-22570,509,45952
-22570,509,45952
-22570,509,45952
-22570,509,45952
-22570,509,45952
-22570,509,45952
-22570,509,45952
-22570,509,45952
-22570,509,45952
-22570,509,45952
-22570,509,45952
-22570,509,45952
-22570,509,45952
-22570,509,45952
-22570,509,45952
-22570,509,45952
-22570,509,45952
-22570,509,45952
-22570,509,45952
-22570,509,45952
-22570,509,45952
-22570,509,45952
-22570,509,45952
-22570,509,45952
-22570,509,45952
-22570,509,45952
-22570,509,45952
-22570,509,45952
-22570,509,45952
-22570,509,45952
-22570,509,45952
-22570,509,45952
-22570,509,45952
-22570,509,45952
-22570,509,45952
-22570,509,45952
-22570,509,45952
-22570,509,45952
-22570,509,45952
-22570,509,45952
-22570,509,45952
-22570,509,45952
-22570,509,45952
-22570,509,45952
-22570,509,45952
-22570,509,45952
-22570,509,45952
-22570,509,45952
-22570,509,45952
-22570,509,45952
-22570,509,45952
-22570,509,45952
-22570,509,45952
-22570,509,45952
-22570,509,45952
-22570,509,45952
-22570,509,45952
-22570,509,45952
-22570,509,45952
-22570,509,45952
-22570,509,45952
-22570,509,45952
-22570,509,45952
-22570,509,45952
-22570,509,45952
-22570,509,45952
-22570,509,45952
-22570,509,45952
-22570,509,45952
-22570,509,45952
-22570,509,45952
-22570,509,45952
-22570,509,45952
-22570,509,45952
-22570,509,45952
-22570,509,45952
-22570,509,45952
-22570,509,45952
-22570,509,45952
-22570,509,45952
-22570,509,45952
-22570,509,45952
-22570,509,45952
-22570,509,45952
-22570,509,45952
-22570,509,45952
-22570,509,45952
-22570,509,45952
-22570,509,45952
-22570,509,45952
-22570,509,45952
-22570,509,45952
-22570,509,45952
-22570,509,45952
-22570,509,45952
-22570,509,45952
-22570,509,45952
-22570,509,45952
-22570,509,45952
-22570,509,45952
-22570,509,45952
-22570,509,45952
-22570,509,45952
-22570,509,45952
-22570,509,45952
-22570,509,45952
-22570,509,45952
-22570,509,45952
-22570,509,45952
-22570,509,45952
-22570,509,45952
-22570,509,45952
-22570,509,45952
-22570,509,45952
-22570,509,45952
-22570,509,45952
-22570,509,45952
-22570,509,45952
-22570,509,45952
-22570,509,45952
-22570,509,45952
-22570,509,45952
-22570,509,45952
-22570,509,45952
-22570,509,45952
-22570,509,45952
-22570,509,45952
-22570,509,45952
-22570,509,45952
-22570,509,45952
-22570,509,45952
-22570,509,45952
-22570,509,45952
-22570,509,45952
-22570,509,45952
-22570,509,45952
-22570,509,45952
-22570,509,45952
-22570,509,45952
-22570,509,45952
-22570,509,45952
-22570,509,45952
-22570,509,45952
-22570,509,45952
-22570,509,45952
-22570,509,45952
-22570,509,45952
-22570,509,45952
-22570,509,45952
-22570,509,45952
-22570,509,45952
-22570,509,45952
-22570,509,45952
-22570,509,45952
-22570,509,45952
-22570,509,45952
-22570,509,45952
-22570,509,45952
-22570,509,45952
-22570,509,45952
-22570,509,45952
-22570,509,45952
-22570,509,45952
-22570,509,45952
-22570,509,45952
-22570,509,45952
-22570,509,45952
-22570,509,45952
-22570,509,45952
-22570,509,45952
-22570,509,45952
-22570,509,45952
-22570,509,45952
-22570,509,45952
-22570,509,45952
-22570,509,45952
-22570,509,45952
-22570,509,45952
-22570,509,45952
-22570,509,45952
-22570,509,45952
-22570,509,45952
-22570,509,45952
-22570,509,45952
-22570,509,45952
-22570,509,45952
-22570,509,45952
-22570,509,45952
-22570,509,45952
-22570,509,45952
-22570,509,45952
-22570,509,45952
-22570,509,45952
-22570,509,45952
-22570,509,45952
-22570,509,45952
-22570,509,45952
-22570,509,45952
-22570,509,45952
-22570,509,45952
-22570,509,45952
-22570,509,45952
-22570,509,45952
-22570,509,45952
-22570,509,45952
-22570,509,45952
-22570,509,45952
-22570,509,45952
-22570,509,45952
-22570,509,45952
-22570,509,45952
-22570,509,45952
-22570,509,45952
-22570,509,45952
-22570,509,45952
-22570,509,45952
-22570,509,45952
-22570,509,45952
-22570,509,45952
-22570,509,45952
-22570,509,45952
-22570,509,45952
-22570,509,45952
-22570,509,45952
-22570,509,45952
-22570,509,45952
-22570,509,45952
-22570,509,45952
-22570,509,45952
-22570,509,45952
-22570,509,45952
-22570,509,45952
-22570,509,45952
-22570,509,45952
-22570,509,45952
-22570,509,45952
-22570,509,45952
-22570,509,45952
-22570,509,45952
-22570,509,45952
-22570,509,45952
-22570,509,45952
-22570,509,45952
-22570,509,45952
-22570,509,45952
-22570,509,45952
-22570,509,45952
-22570,509,45952
-22570,509,45952
-22570,509,45952
-22570,509,45952
-22570,509,45952
-22570,509,45952
-22570,509,45952
-22570,509,45952
-22570,509,45952
-22570,509,45952
-22570,509,45952
-22570,509,45952
-22570,509,45952
-22570,509,45952
-22570,509,45952
-22570,509,45952
-22570,509,45952
-22570,509,45952
-22570,509,45952
-22570,509,45952
-22570,509,45952
-22570,509,45952
-22570,509,45952
-22570,509,45952
-22570,509,45952
-22570,509,45952
-22570,509,45952
-22570,509,45952
-22570,509,45952
-22570,509,45952
-22570,509,45952
-22570,509,45952
-22570,509,45952
-22570,509,45952
-22570,509,45952
-22570,509,45952
-22570,509,45952
-22570,509,45952
-22570,509,45952
-22570,509,45952
-22570,509,45952
-22570,509,45952
-22570,509,45952
-22570,509,45952
-22570,509,45952
-22570,509,45952
-22570,509,45952
-22570,509,45952
-22570,509,45952
-22570,509,45952
-22570,509,45952
-22570,509,45952
-22570,509,45952
-22570,509,45952
-22570,509,45952
-22570,509,45952
-22570,509,45952
-22570,509,45952
-22570,509,45952
-22570,509,45952
-22570,509,45952
-22570,509,45952
-22570,509,45952
-22570,509,45952
-22570,509,45952
-22570,509,45952
-22570,509,45952
-22570,509,45952
-22570,509,45952
-22570,509,45952
-22570,509,45952
-22570,509,45952
-22570,509,45952
-22570,509,45952
-22570,509,45952
-22570,509,45952
-22570,509,45952
-22570,509,45952
-22570,509,45952
-22570,509,45952
-22570,509,45952
-22570,509,45952
-22570,509,45952
-22570,509,45952
-22570,509,45952
-22570,509,45952
-22570,509,45952
-22569,509,45952
-22565,514,45948
-22557,524,45940
-22556,524,45940
-22551,530,45935
-22543,537,45929
-22537,546,45923
-22509,577,45897
-22500,582,45889
-22448,642,45842
-22438,655,45832
-22434,655,45829
-22404,692,45801
-22386,705,45785
-22347,755,45749
-25812,898,53108
-25865,899,53217
-25757,890,52995
-25863,893,53214
-25808,886,53101
-25861,886,53210
-25804,873,53093
-25909,872,53310
-25858,879,53206
-25855,870,53201
-25907,868,53308
-25799,857,53084
-25906,863,53305
-25852,861,53195
-25904,858,53302
-25849,850,53189
-25902,853,53299
-25845,838,53182
-25900,847,53296
-25898,840,53292
-25896,832,53287
-25946,826,53392
-25893,824,53283
-25840,824,53174
-25945,822,53390
-25890,814,53277
-25947,830,53395
-25943,817,53387
-25942,812,53385
-25940,807,53382
-25886,803,53271
-25938,801,53378
-25936,794,53374
-25882,790,53263
-25934,787,53370
-25931,778,53365
-25986,787,53479
-25985,784,53477
-25984,780,53475
-25983,776,53473
-25928,768,53359
-25980,767,53467
-25981,772,53470
-25978,762,53464
-25924,757,53353
-25976,756,53461
-25974,750,53457
-25972,742,53453
-26025,745,53563
-26024,742,53561
-25969,733,53448
-26020,728,53553
-25966,723,53442
-26023,739,53560
-26022,735,53558
-26021,732,53556
-26017,718,53548
-26015,712,53544
-26018,723,53551
-26013,706,53541
-26064,702,53647
-26062,695,53643
-26061,691,53641
-26008,690,53532
-26063,700,53646
-26010,699,53537
-26062,697,53644
-26057,680,53634
-26059,688,53639
-26058,684,53637
-26054,670,53629
-26055,675,53632
-26052,664,53625
-26103,660,53731
-26102,656,53729
-26102,658,53730
-26101,654,53728
-26049,657,53621
-26100,651,53726
-26099,648,53725
-26098,645,53723
-26097,642,53721
-26096,638,53719
-26095,634,53717
-26093,629,53714
-26091,623,53711
-26142,617,53816
-26141,614,53814
-26140,611,53812
-26137,601,53806
-26141,616,53815
-26140,613,53813
-26139,609,53811
-26138,606,53809
-26136,598,53805
-26137,604,53808
-26134,594,53802
-26133,590,53800
-26181,575,53900
-26180,572,53898
-26180,574,53899
-26180,573,53899
-26179,569,53897
-26179,570,53897
-26178,566,53895
-26176,559,53891
-26175,556,53889
-26178,568,53896
-26177,564,53894
-26176,562,53892
-26219,529,53982
-26219,531,53983
-26219,530,53983
-26218,527,53981
-26217,523,53979
-26219,531,53984
-26219,532,53984
-26219,532,53984
-26218,528,53982
-26218,529,53982
-26217,525,53980
-26217,526,53980
-26258,490,54068
-26258,490,54068
-26258,490,54068
-26258,490,54068
-26258,490,54068
-26258,490,54068
-26258,490,54068
-26258,490,54068
-26258,490,54068
-26258,490,54068
-26258,490,54068
-26258,490,54068
13975,-246,-154244
14803,-56,-153594
14435,-146,-153993
14419,-52,-154019
14198,-63,-154198
14157,-136,-154214
14151,-212,-154207
14140,-180,-154217
14096,-104,-154247
14060,-85,-154260
14058,-120,-154257
14029,-195,-154253
14022,-107,-154264
14017,-145,-154260
13984,-240,-154246
13976,-242,-154245
