-22724,-383,46473
-22715,-336,46444
-22711,-320,46434
-22709,-307,46426
-22702,-276,46407
-22693,-231,46380
-22688,-206,46365
-22687,-198,46360
-22680,-164,46340
-22672,-120,46314
-22666,-87,46294
-22666,-85,46293
-22659,-47,46270
-22651,-6,46246
-24910,-407,50766
-24897,-318,50701
-24885,-224,50633
-24873,-103,50552
-23209,-403,46762
-23204,-280,46697
-23248,-259,46707
-23247,-192,46672
-23245,-126,46637
-22820,-785,46729
-22815,-768,46718
-22805,-729,46692
-22802,-715,46683
-22797,-698,46672
-22792,-678,46659
-22781,-634,46630
-22780,-627,46626
-22769,-584,46599
-22775,-607,46613
-22758,-534,46567
-22758,-534,46567
-22753,-511,46553
-22747,-486,46537
-22736,-438,46507
-22734,-429,46501
-22731,-411,46490
-25095,-850,51215
-25056,-771,51130
-25076,-811,51172
-25037,-731,51087
-25018,-692,51044
-24999,-652,51001
-24980,-612,50958
-24961,-572,50915
-24943,-529,50871
-24926,-482,50825
-23155,-713,46896
-23190,-730,46922
-23187,-676,46893
-23183,-621,46863
-23176,-510,46803
-23215,-519,46825
-23211,-461,46794
-22876,-989,46866
-22852,-907,46810
-22861,-933,46829
-22838,-853,46775
-22828,-820,46752
-22843,-866,46784
-22885,-1009,46882
-22901,-1066,46920
-22866,-943,46836
-22824,-798,46739
-22847,-877,46792
-22889,-1015,46887
-22870,-950,46843
-22909,-1079,46932
-22926,-1138,46972
-22893,-1019,46892
-22913,-1082,46936
-22933,-1145,46981
-22917,-1083,46939
-22937,-1145,46983
-22941,-1143,46984
-22962,-1203,47028
-22965,-1199,47027
-25209,-1088,51473
-25285,-1247,51644
-25266,-1208,51601
-25247,-1168,51558
-25228,-1128,51515
-25324,-1327,51730
-25190,-1049,51430
-25305,-1287,51687
-25171,-1009,51387
-25152,-969,51344
-25133,-930,51301
-25114,-890,51258
-23113,-1209,47129
-23136,-1208,47141
-23132,-1160,47114
-23123,-1063,47060
-23154,-1100,47094
-23149,-1049,47066
-23145,-999,47038
-23137,-897,46982
-23170,-924,47012
-23166,-872,46983
-23162,-819,46954
-22951,-1205,47022
-22976,-1267,47070
-22958,-1206,47027
-23001,-1325,47116
-22983,-1262,47072
-22986,-1257,47071
-23027,-1379,47160
-22989,-1250,47068
-23008,-1315,47114
-23011,-1306,47111
-23033,-1362,47155
-23014,-1296,47107
-23053,-1428,47202
-23036,-1351,47150
-23058,-1405,47193
-23039,-1336,47144
-23079,-1472,47242
-23062,-1388,47186
-23105,-1511,47279
-23085,-1440,47228
-23068,-1349,47169
-23105,-1441,47243
-23092,-1386,47204
-25343,-1366,51773
-25400,-1485,51901
-25381,-1446,51858
-25362,-1406,51815
-25457,-1604,52030
-25438,-1565,51987
-25419,-1525,51944
-25476,-1644,52073
-23116,-1421,47239
-25514,-1723,52158
-25495,-1684,52115
-25534,-1763,52201
-23107,-1335,47191
-23102,-1313,47172
-23127,-1345,47206
-23123,-1301,47181
-23140,-1253,47165
-25572,-1842,52287
-25553,-1803,52244
-25591,-1882,52330
-25610,-1922,52373
-25629,-1961,52416
14093,3211,-152767
14098,3200,-152791
14088,3227,-152741
14104,3194,-152812
14082,3248,-152713
14110,3192,-152831
14117,3195,-152848
14123,3202,-152863
14130,3213,-152876
14138,3229,-152887
14145,3250,-152897
14065,3276,-152643
14071,3262,-152669
14077,3253,-152692
14060,3295,-152614
14053,3321,-152581
14045,3354,-152544
14035,3395,-152501
14022,3445,-152453
14003,3508,-152394
14164,10994,-148623
14112,11063,-148533
14060,11138,-148440
14008,11218,-148344
13957,11304,-148245
13905,11396,-148142
13853,11494,-148036
13802,11599,-147925
13750,11709,-147810
13698,11825,-147690
13645,11949,-147566
13593,12037,-147462
13541,12133,-147353
13489,12235,-147240
13436,12345,-147122
13383,12462,-147000
13329,12587,-146871
13275,12719,-146738
13219,12860,-146599
13163,13009,-146454
14230,22358,-141671
14150,22544,-141487
14071,22734,-141301
13991,22927,-141113
13912,23124,-140923
13833,23325,-140729
13754,23530,-140533
13675,23740,-140333
13595,23955,-140131
13516,24175,-139924
13436,24399,-139713
13355,24575,-139529
13274,24756,-139341
13193,24943,-139149
13110,25135,-138952
13023,25333,-138748
12931,25536,-138535
12836,25746,-138313
12735,25962,-138082
12625,26185,-137837
14597,36678,-132733
14490,37024,-132430
14384,37371,-132126
14277,37718,-131822
14171,38065,-131516
14064,38411,-131209
13957,38758,-130900
13849,39105,-130589
13740,39455,-130276
13842,40166,-129818
13949,40331,-129759
14056,40497,-129698
14164,40665,-129636
14274,40834,-129573
14384,41005,-129509
14495,41176,-129442
14608,41350,-129374
13627,39806,-129956
13627,39841,-129930
13735,40003,-129876
13509,40159,-129629
13384,40454,-129332
13254,40750,-129027
13119,41048,-128716
12964,41346,-128382
12794,41643,-128025
13446,43135,-127411
13781,45043,-126208
13902,45213,-126155
14022,45385,-126098
14140,45556,-126039
14257,45727,-125978
14373,45897,-125915
14490,46067,-125852
14608,46235,-125788
12616,41941,-127658
12433,42240,-127282
12244,42541,-126899
12822,43891,-126373
13125,44217,-126376
13273,44378,-126371
13535,44706,-126306
13659,44874,-126259
12050,42844,-126508
12032,43083,-126314
12192,43244,-126330
12906,45265,-125412
12529,45880,-124635
13181,49158,-122672
13319,49577,-122445
13472,49725,-122441
13623,49869,-122432
13770,50012,-122419
13907,50152,-122395
14038,50292,-122364
14166,50430,-122328
14292,50567,-122289
14417,50703,-122248
14540,50838,-122205
12331,46190,-124235
12132,46501,-123829
12503,48824,-122373
12838,49130,-122414
13002,49280,-122432
12631,49521,-121939
13622,54493,-118657
13780,54603,-118671
13937,54710,-118683
14089,54815,-118688
14233,54919,-118686
14373,55021,-118677
11658,48019,-122267
11827,48184,-122288
12218,50153,-121098
12009,50470,-120672
11799,50788,-120244
12454,53677,-118464
12628,53795,-118508
12969,54032,-118577
13135,54150,-118600
13299,54266,-118621
13461,54381,-118640
12730,54636,-117892
13566,58559,-115051
13734,58638,-115090
13901,58714,-115127
14067,58788,-115161
11247,52787,-118180
11419,52923,-118220
12108,53434,-118379
12288,53477,-118493
11856,54112,-117614
11638,54431,-117172
12530,58048,-114788
12704,58137,-114832
12878,58225,-114877
13052,58311,-114922
13224,58395,-114966
13396,58478,-115009
13292,62047,-111570
13471,62101,-111632
13649,62153,-111693
11419,54749,-116726
11899,57099,-115130
11652,57601,-114497
12004,57783,-114618
11449,57731,-114220
12180,57870,-114681
12166,59455,-113257
12038,61638,-111127
12215,61700,-111188
12392,61761,-111250
12570,61820,-111313
12750,61879,-111377
12930,61936,-111442
13111,61992,-111507
12795,65180,-108103
12985,65219,-108182
13175,65257,-108261
10776,57104,-114202
10951,57208,-114259
11222,58044,-113760
10994,58358,-113298
11470,60393,-111864
11002,61010,-110923
11144,61327,-110742
11503,61456,-110904
11682,61516,-110985
11531,63651,-108819
11508,64879,-107575
11688,64925,-107648
11869,64970,-107722
12052,65014,-107796
12235,65056,-107871
12420,65098,-107947
12607,65139,-108024
12077,68095,-104589
12270,68123,-104677
12464,68150,-104767
12661,68177,-104858
10251,60971,-110352
10430,61046,-110428
10767,61318,-110449
10530,61626,-109974
11006,63364,-108697
10522,63971,-107729
10278,64276,-107242
10592,64656,-107114
10959,64746,-107306
11143,64790,-107404
10517,66124,-105593
10848,67447,-104489
10951,67903,-104074
11136,67939,-104159
11322,67974,-104244
11509,68006,-104329
11697,68036,-104415
11886,68066,-104501
12130,70898,-101492
11929,70882,-101390
11730,70865,-101290
11533,70847,-101190
11338,70828,-101092
9682,64410,-106642
9864,64462,-106736
10033,64581,-106753
10017,66730,-104596
9767,67031,-104094
9515,67333,-103590
10577,67837,-103880
10389,67806,-103770
10014,67741,-103553
10013,68713,-102527
11144,70807,-100994
10951,70784,-100897
10759,70760,-100800
10569,70736,-100704
10380,70710,-100609
9998,70663,-100392
10142,70915,-100219
11591,73429,-98173
11386,73421,-98062
11182,73413,-97952
10980,73402,-97842
10780,73390,-97733
10581,73376,-97625
10384,73362,-97518
11044,75792,-94918
10834,75788,-94797
9269,67598,-103125
9083,67559,-103018
9501,69309,-101495
9243,69606,-100976
8985,69901,-100455
9805,70642,-100270
9422,70597,-100029
8661,70493,-99554
9501,71134,-99491
8976,71718,-98435
10188,73347,-97412
9993,73331,-97307
9800,73313,-97204
9409,73283,-96967
9212,73270,-96835
9422,74076,-96042
10625,75784,-94676
10419,75778,-94558
10215,75772,-94440
10012,75765,-94324
9811,75756,-94209
9611,75747,-94095
9413,75736,-93982
10488,77936,-91743
10276,77948,-91608
10066,77958,-91476
9857,77964,-91346
9650,77968,-91219
9914,79815,-88676
8471,70465,-99436
8712,72009,-97905
8448,72298,-97373
8820,73241,-96573
8981,73401,-96508
8043,73170,-96056
7849,73149,-95928
8446,73969,-95432
8177,74250,-94892
7908,74529,-94350
8461,75514,-93582
9215,75725,-93870
8817,75706,-93616
8617,75698,-93474
8217,75679,-93193
8701,76945,-91975
9444,77970,-91093
9240,77968,-90969
9037,77964,-90848
8835,77958,-90727
8634,77951,-90607
8229,77940,-90337
9701,79850,-88526
9491,79881,-88378
9281,79905,-88236
9072,79925,-88095
8866,79942,-87957
8660,79957,-87820
8456,79969,-87686
9325,81477,-85704
9109,81516,-85545
8895,81554,-85388
8683,81590,-85234
8736,83001,-82803
7425,75629,-92638
7228,75611,-92499
7916,76062,-92487
7644,76332,-91938
7370,76600,-91387
7944,77482,-90712
8024,77936,-90186
7618,77924,-89887
7390,78008,-89599
7113,78267,-89040
7428,79320,-87892
7983,79542,-88014
8252,79978,-87553
8050,79985,-87422
7640,79997,-87128
7433,80001,-86966
7021,80002,-86646
8474,81625,-85080
8266,81658,-84929
8059,81690,-84779
7854,81721,-84630
7651,81750,-84483
7449,81778,-84336
7247,81803,-84192
8516,83045,-82635
8299,83087,-82469
8084,83127,-82305
7871,83166,-82143
7660,83204,-81982
7450,83240,-81824
8142,84377,-80000
7919,84426,-79821
7699,84473,-79645
7481,84518,-79471
7544,85618,-77295
6811,77883,-89291
6609,77869,-89143
6834,78522,-88477
6865,79826,-86758
6583,80073,-86188
6198,79967,-86011
5993,79955,-85853
6299,80318,-85615
6909,81014,-85130
6336,81496,-83975
7038,81825,-84014
6830,81843,-83838
6050,81734,-83396
6414,81866,-83487
5762,81969,-82814
6377,82527,-82440
7242,83274,-81666
7035,83307,-81511
6829,83339,-81356
6414,83400,-81010
6204,83429,-80818
6482,83707,-80530
7265,84561,-79298
7050,84603,-79128
6838,84644,-78959
6627,84683,-78792
6417,84720,-78626
6208,84754,-78460
7318,85670,-77106
7094,85721,-76920
6873,85770,-76735
6653,85818,-76553
6435,85865,-76372
6218,85911,-76193
6935,86748,-74680
6705,86805,-74481
6478,86861,-74285
6252,86914,-74090
6320,87777,-72153
5585,81880,-82800
5378,81877,-82631
5795,82992,-81267
5504,83220,-80678
5787,83483,-80436
5212,83445,-80088
4958,83573,-79684
5827,83849,-79838
4750,83583,-79501
5236,84292,-78650
4940,84510,-78055
5786,84820,-78091
5573,84851,-77888
4642,84727,-77458
5148,84912,-77486
5275,85061,-77304
5711,85387,-77000
4670,85488,-76105
6003,85953,-76015
5789,85993,-75837
5576,86032,-75661
5146,86106,-75271
4929,86142,-75058
4712,86177,-74843
6029,86966,-73898
4923,86878,-73615
5807,87015,-73707
5587,87061,-73517
5368,87105,-73328
5151,87148,-73141
4935,87190,-72956
6086,87837,-71945
5855,87894,-71739
5627,87950,-71534
5400,88001,-71331
5175,88051,-71129
4951,88099,-70929
4730,88146,-70732
5699,88712,-69710
5463,88774,-69492
5228,88831,-69274
4996,88886,-69059
4766,88939,-68846
5074,89563,-67344
4834,89623,-67115
4305,85020,-76691
4094,85044,-76493
4367,85697,-75504
4063,85903,-74901
4497,86208,-74634
3641,86326,-73796
3426,86350,-73585
4097,86581,-73634
3789,86779,-73028
3481,86974,-72421
4499,87268,-72546
4146,87195,-72454
4279,87305,-72322
3842,87375,-71878
3521,87578,-71236
3208,87765,-70626
4509,88191,-70535
4128,88192,-70369
4290,88235,-70341
3576,88125,-70135
3848,88317,-69911
3625,88355,-69677
3181,88426,-69212
4537,88991,-68635
4311,89041,-68426
4086,89089,-68219
3863,89137,-68013
3641,89182,-67810
3192,89266,-67356
3326,89355,-67245
4596,89681,-66888
4361,89737,-66660
4127,89792,-66434
3896,89845,-66210
3666,89896,-65988
3438,89946,-65768
3212,89995,-65550
4445,90337,-65032
4201,90398,-64789
3960,90457,-64549
3721,90514,-64311
3485,90570,-64076
3250,90624,-63844
3813,91049,-62766
3565,91111,-62515
3321,91171,-62267
2968,87493,-70993
2742,87512,-70766
2891,87946,-70010
2941,88488,-68907
2280,88533,-68269
2620,88661,-68287
2044,88546,-68021
3003,88977,-67878
2290,88826,-67652
2966,89304,-67108
2354,89317,-66621
2516,89376,-66615
2021,89474,-65984
1577,89457,-65596
2426,89758,-65662
1679,89620,-65337
2987,90042,-65333
2533,90127,-64859
2303,90164,-64602
1758,90069,-64386
2518,90387,-64215
1840,90229,-64083
1843,90472,-63503
3017,90676,-63613
2786,90727,-63384
2557,90777,-63157
2329,90825,-62931
1868,90910,-62438
1633,90945,-62169
3079,91229,-62021
2839,91286,-61778
2601,91341,-61537
1703,91310,-61294
2365,91394,-61299
2131,91445,-61062
1898,91495,-60827
1667,91543,-60594
3180,91711,-60542
2929,91773,-60283
2681,91834,-60027
2436,91892,-59774
2193,91949,-59524
1952,92004,-59276
1712,92058,-59030
2546,92325,-58355
2292,92388,-58089
2041,92449,-57826
1793,92509,-57565
1910,92857,-56221
1652,92926,-55946
1330,89459,-65329
1411,90208,-63735
1054,90333,-63072
857,90272,-62990
595,90259,-62700
1148,90749,-62200
787,90868,-61533
1149,90992,-61616
1250,91123,-61392
417,90973,-60856
113,90982,-60440
527,91361,-60060
1196,91623,-60081
950,91647,-59794
153,91460,-59378
646,91714,-59321
444,91672,-59205
1475,92110,-58786
1239,92160,-58544
881,92139,-58450
1004,92207,-58302
513,92270,-57758
255,92284,-57454
31,92257,-57275
1546,92566,-57308
1302,92622,-57053
1059,92676,-56799
816,92727,-56547
574,92775,-56294
328,92816,-56038
38,92882,-55648
1396,92992,-55673
1143,93056,-55404
892,93119,-55137
643,93178,-54871
395,93233,-54606
147,93285,-54341
1267,93355,-54119
1005,93424,-53836
746,93491,-53556
489,93554,-53278
234,93614,-53001
623,93819,-52047
357,93887,-51756
94,93952,-51467
-175,90936,-60114
-239,91537,-58678
-667,91576,-57924
-103,91917,-57956
-981,91498,-57562
-500,91991,-57250
-276,92287,-56830
-929,92021,-56508
-752,92422,-55870
-1483,92074,-55421
-186,92861,-55461
-1185,92447,-55120
-594,92756,-55249
-455,92864,-55140
-1012,92841,-54479
-104,93328,-54072
-1431,92851,-53778
-360,93364,-53800
-1227,93212,-53240
-895,93397,-53188
-1176,93389,-52849
-821,93528,-52887
-19,93671,-52726
-273,93722,-52450
-531,93766,-52170
-793,93802,-51886
-1059,93829,-51598
-167,94013,-51179
-1615,93842,-50954
-427,94070,-50892
-687,94122,-50605
-950,94166,-50314
-1218,94201,-50019
-21,94218,-50018
-1490,94228,-49720
-291,94286,-49715
-560,94349,-49414
-826,94409,-49115
-1093,94464,-48816
-1363,94510,-48513
-1637,94548,-48206
-670,94583,-48010
-945,94648,-47697
-1218,94708,-47386
-1491,94763,-47075
-1320,94917,-46023
-1600,94977,-45702
-1815,91973,-55033
-1641,92435,-54340
-2314,92501,-52937
-1892,92833,-52989
-2659,92385,-52529
-2365,92796,-52185
-1786,93298,-52117
-2131,93212,-51682
-1889,93585,-51230
-2608,93172,-50871
-3155,92872,-50476
-1915,93815,-50588
-3095,93116,-50047
-1697,94065,-50174
-2587,93645,-49766
-2841,93509,-49609
-1767,94247,-49417
-2578,93869,-49219
-2357,94222,-48725
-2698,94136,-48302
-1915,94577,-47895
-2197,94597,-47580
-2593,94519,-47482
-3274,94117,-47220
-2483,94608,-47260
-1766,94810,-46762
-3140,94497,-46477
-2046,94848,-46444
-2330,94877,-46122
-2619,94897,-45797
-2912,94905,-45464
-1878,95031,-45382
-3231,94870,-45100
-2159,95077,-45059
-2444,95112,-44733
-2732,95138,-44403
-1960,95180,-44089
-3024,95153,-44071
-2243,95232,-43761
-3321,95146,-43729
-2528,95275,-43430
-2814,95304,-43099
-3102,95321,-42766
-2579,95361,-42217
-2862,95393,-41885
-3145,95412,-41553
-3149,95430,-40432
-3511,92741,-50050
-3332,93446,-48779
-4004,93175,-48042
-3834,93367,-47936
-4368,93038,-47601
-3558,93755,-47557
-3398,93933,-47437
-4064,93674,-46707
-4580,93576,-45846
-4858,93410,-45646
-3494,94399,-46034
-4282,93965,-45520
-3976,94320,-45242
-4216,94170,-45132
-4796,93858,-44657
-3546,94800,-44779
-3924,94698,-44265
-4283,94576,-43812
-4660,94443,-43312
-3641,95095,-43359
-3975,95015,-42974
-3391,95323,-42432
-4668,94786,-42132
-4454,94933,-42172
-3688,95298,-42085
-4005,95233,-41712
-4338,95141,-41325
-3430,95416,-41219
-4672,95036,-40936
-3716,95403,-40884
-4009,95357,-40537
-4317,95268,-40175
-3423,95426,-40110
-4630,95137,-39808
-3694,95402,-39790
-4936,94984,-39448
-3963,95352,-39472
-4233,95264,-39148
-4517,95141,-38807
-3622,95321,-38794
-4818,94987,-38448
-3874,95268,-38491
-4130,95192,-38181
-4395,95088,-37859
-4673,94954,-37520
-4008,95057,-37280
-4260,94968,-36970
-4521,94852,-36648
-4794,94709,-36311
-4365,94710,-35817
-4623,94587,-35492
-4893,94437,-35153
-4707,94307,-34376
-5226,93261,-45193
-5308,93732,-43793
-4991,94099,-43527
-5687,93571,-43301
-6050,93401,-42845
-5009,94292,-42896
-5499,93950,-42668
-6001,93781,-41813
-5663,94132,-41605
-5026,94635,-41673
-5307,94472,-41447
-6465,93594,-41054
-6159,93942,-40754
-5752,94290,-40747
-5354,94740,-40095
-6274,94051,-39773
-5890,94378,-39677
-5690,94528,-39659
-5257,94827,-39743
-5244,94819,-39086
-6362,94060,-38785
-5884,94411,-38288
-6359,94067,-38083
-5121,94819,-38088
-6217,94166,-37850
-5425,94640,-37726
-5878,94391,-37581
-5732,94449,-37363
-4969,94788,-37162
-5269,94607,-36802
-6369,93984,-36559
-5571,94414,-36440
-5874,94209,-36076
-5086,94533,-35954
-6179,93991,-35711
-6437,93821,-35529
-5384,94340,-35592
-5683,94136,-35228
-5985,93921,-34860
-5179,94256,-34797
-6292,93696,-34488
-5477,94054,-34429
-5779,93844,-34057
-4974,94152,-34036
-6086,93625,-33681
-5258,93970,-33676
-6398,93396,-33299
-5560,93765,-33300
-5867,93551,-32919
-5045,93863,-32950
-6178,93328,-32533
-5330,93683,-32586
-6495,93095,-32143
-5634,93477,-32202
-5946,93259,-31812
-5393,93389,-31529
-6262,93032,-31417
-5698,93182,-31142
-6013,92959,-30743
-6334,92727,-30340
-5750,92881,-30119
-6069,92655,-29711
-6394,92419,-29299
-6116,92355,-28711
-6819,93400,-40602
-6634,93715,-39923
-7129,93426,-38969
-6718,93769,-38979
-7456,93186,-38543
-7148,93460,-38200
-6763,93765,-38116
-7188,93432,-37346
-7672,93052,-37069
-6880,93647,-36976
-7990,92789,-36650
-7604,93084,-36584
-7206,93380,-36544
-6791,93685,-36551
-6700,93711,-36119
-7617,93016,-35787
-7352,93152,-35248
-8027,92643,-35031
-7617,92939,-35032
-7191,93245,-35076
-6818,93478,-34897
-8028,92554,-34275
-7150,93190,-34451
-6605,93463,-34111
-8020,92466,-33552
-7583,92775,-33631
-7809,92615,-33565
-6972,93157,-33545
-7260,92925,-33271
-7596,92630,-32817
-6715,93158,-32913
-7037,92912,-32522
-7973,92280,-32209
-7703,92358,-31664
-6816,92853,-31747
-7511,92466,-31585
-8043,92057,-31201
-7143,92603,-31348
-7472,92347,-30946
-6583,92795,-31018
-6909,92549,-30613
-7240,92295,-30205
-6659,92485,-29933
-7574,92035,-29795
-6989,92234,-29521
-7908,91772,-29386
-7324,91975,-29105
-6724,92174,-28883
-7662,91709,-28687
-7059,91919,-28462
-6446,92116,-28290
-7398,91657,-28038
-6780,91867,-27864
-7741,91387,-27611
-7120,91609,-27434
-6486,91806,-27323
-7463,91343,-27001
-6824,91552,-26890
-7811,91070,-26566
-7167,91288,-26452
-7515,91016,-26012
-6855,91230,-25961
-7868,90736,-25570
-7204,90962,-25515
-7558,90686,-25065
-7234,90646,-24614
-7592,90366,-24155
-7618,90059,-23285
-8165,92564,-35271
-8483,92289,-34850
-8641,92023,-33528
-8440,92165,-33517
-8961,91739,-33100
-8436,92071,-32786
-8851,91668,-32022
-8420,91967,-32095
-9113,91457,-31813
-8263,92040,-31915
-9438,91166,-31377
-8840,91558,-31325
-8365,91777,-30800
-8821,91454,-30656
-9261,91145,-30552
-8718,91454,-30283
-9245,91036,-29877
-8146,91782,-30073
-8490,91474,-29602
-8051,91761,-29649
-8757,91266,-29403
-9222,90933,-29230
-9173,90858,-28667
-8589,91193,-28500
-8002,91440,-28269
-9149,90747,-28019
-8937,90877,-28022
-8339,91172,-27854
-8588,91026,-27748
-8086,91113,-27183
-9029,90581,-26952
-8430,90839,-26758
-9383,90256,-26466
-8773,90564,-26335
-8163,90790,-26128
-9127,90272,-25872
-8515,90508,-25692
-8864,90227,-25260
-8225,90450,-25125
-9211,89947,-24831
-8583,90160,-24680
-7915,90403,-24614
-8938,89871,-24239
-8276,90113,-24161
-9291,89583,-23802
-8641,89817,-23706
-7954,90079,-23695
-9003,89521,-23254
-8320,89786,-23233
-9362,89227,-22806
-8689,89486,-22769
-7985,89769,-22816
-9058,89184,-22306
-8355,89473,-22345
-8004,89465,-21982
-8728,89169,-21872
-8378,89164,-21504
-9104,88860,-21399
-8755,88856,-21024
-8391,88867,-20704
-9136,88541,-20542
-8773,88556,-20215
-9159,88238,-19724
-8783,88271,-19442
-9173,87950,-18942
-9178,87673,-18201
-9583,90856,-30130
-9911,90558,-29686
-9671,90613,-29096
-10054,90244,-28465
-9651,90505,-28442
-10386,89940,-28013
-9623,90403,-27816
-10081,90074,-27652
-10059,89966,-27020
-9628,90244,-27073
-10528,89619,-26817
-9539,90205,-26657
-10866,89307,-26356
-10025,89854,-26422
-10496,89518,-26225
-10466,89401,-25621
-10085,89608,-25500
-9474,89958,-25418
-9932,89656,-25306
-10428,89293,-25042
-10908,88945,-24817
-9832,89627,-24924
-10873,88831,-24233
-10543,88966,-23942
-10326,89102,-23965
-9667,89497,-24026
-9919,89325,-23902
-10831,88726,-23674
-10281,88985,-23402
-9642,89296,-23367
-10717,88530,-22647
-10358,88662,-22424
-9719,88934,-22361
-10201,88689,-22227
-10723,88315,-21916
-10073,88641,-21920
-9424,88883,-21847
-9787,88583,-21392
-10797,87996,-20963
-10148,88285,-20941
-9477,88550,-20931
-10506,87987,-20493
-10737,87879,-20455
-9846,88243,-20467
-9517,88224,-20062
-10213,87936,-20006
-10577,87631,-19550
-9893,87910,-19587
-9547,87914,-19232
-10267,87597,-19116
-9931,87592,-18746
-10637,87285,-18649
-9567,87621,-18441
-10312,87272,-18263
-9960,87291,-17941
-9576,87340,-17692
-10348,86964,-17447
-9976,87002,-17182
-9571,87064,-16993
-10372,86665,-16679
-9977,86720,-16475
-10381,86374,-15959
-9966,86455,-15804
-10379,86102,-15277
-10365,85850,-14631
-11002,88970,-25194
-11344,88650,-24726
-11475,88308,-23590
-11320,88366,-23421
-11821,87982,-23115
-11281,88256,-22856
-10998,88306,-22409
-11233,88151,-22321
-11733,87782,-22037
-11949,87640,-22001
-11686,87663,-21503
-11104,87943,-21353
-11630,87549,-21000
-11448,87623,-20908
-12139,87172,-20683
-11167,87643,-20447
-12087,87054,-20174
-11492,87353,-20071
-12027,86946,-19691
-11238,87330,-19522
-11900,86938,-19424
-10938,87327,-19096
-11612,86971,-18999
-11882,86764,-18804
-11273,87062,-18725
-11005,86974,-18185
-11677,86655,-18113
-10690,86954,-17785
-11371,86665,-17724
-12055,86287,-17584
-11064,86636,-17311
-11809,86242,-17032
-10733,86638,-16958
-11436,86321,-16840
-11115,86314,-16473
-11806,86006,-16373
-10764,86330,-16181
-11494,85992,-15993
-11152,85997,-15687
-11869,85671,-15516
-10781,86032,-15449
-11536,85666,-15199
-11176,85692,-14945
-11918,85337,-14714
-10787,85752,-14755
-11569,85353,-14445
-11191,85404,-14239
-10783,85491,-14096
-11591,85058,-13728
-11195,85135,-13568
-10767,85250,-13474
-11603,84782,-13040
-11188,84886,-12930
-11605,84525,-12385
-11168,84653,-12328
-11592,84282,-11773
-11567,84059,-11198
-12298,87307,-21518
-12417,86946,-20444
-12769,86601,-19955
-12545,86554,-19347
-12883,86234,-18912
-12489,86442,-18858
-13240,85881,-18414
-12425,86341,-18395
-12953,85933,-18022
-12352,86249,-17963
-12893,85830,-17556
-12270,86166,-17563
-13351,85518,-17396
-12823,85730,-17123
-13360,85305,-16716
-12118,85981,-16727
-12803,85553,-16535
-12659,85569,-16340
-13294,85205,-16281
-12499,85607,-16191
-13220,85117,-15873
-12561,85311,-15363
-12349,85428,-15371
-13256,84861,-15128
-13050,84975,-15134
-12242,85351,-15042
-12946,84931,-14820
-12297,85009,-14233
-13004,84641,-14018
-11957,85017,-13950
-12885,84606,-13751
-12673,84682,-13750
-12343,84682,-13453
-11987,84715,-13215
-12725,84349,-12957
-12380,84374,-12705
-12007,84431,-12513
-13105,84017,-12464
-12769,84034,-12198
-12407,84083,-11992
-12017,84166,-11846
-13156,83696,-11696
-12804,83736,-11475
-12424,83810,-11314
-12012,83915,-11223
-13197,83392,-10962
-12828,83455,-10788
-12428,83550,-10680
-11996,83683,-10636
-12839,83188,-10142
-12421,83310,-10080
-11969,83471,-10083
-12840,82940,-9530
-12402,83090,-9514
-12372,82890,-8983
-12831,82712,-8951
-12809,82504,-8407
-12774,82314,-7902
-13712,85158,-16890
-13817,84794,-15910
-13766,84673,-15436
-14181,84426,-15395
-13697,84582,-15021
-13620,84503,-14632
-14284,84069,-14438
-14174,84043,-14157
-14652,83695,-13911
-13441,84384,-13932
-14101,83962,-13764
-13711,84169,-13726
-13392,84252,-13462
-14020,83892,-13397
-14583,83417,-12895
-13830,83782,-12755
-13442,83960,-12700
-14506,83344,-12524
-14164,83470,-12356
-14419,83278,-12188
-13835,83565,-12138
-13421,83782,-12158
-14218,83178,-11599
-13883,83285,-11402
-13540,83359,-11197
-14279,82880,-10831
-13959,82967,-10594
-13588,83049,-10453
-13228,83102,-10267
-14325,82613,-10121
-13976,82707,-9948
-13624,82751,-9750
-13247,82828,-9610
-14018,82402,-9236
-13651,82470,-9082
-13256,82572,-8986
-14409,82054,-8727
-14051,82114,-8558
-13667,82207,-8446
-13255,82336,-8395
-14075,81844,-7912
-13674,81964,-7844
-13242,82120,-7838
-13215,81921,-7324
-14090,81594,-7299
-13669,81740,-7277
-13170,81738,-6858
-13649,81532,-6755
-14092,81362,-6723
-13611,81339,-6280
-14077,81144,-6195
-13559,81166,-5843
-14046,80943,-5711
-14002,80761,-5264
-13944,80601,-4852
-14753,83348,-12983
-15125,82968,-12450
-14992,82790,-11655
-15222,82629,-11554
-14908,82717,-11318
-15597,82242,-11016
-14614,82767,-11016
-14815,82657,-11006
-15397,82153,-10448
-14607,82578,-10457
-15688,81899,-10165
-15309,82090,-10132
-15214,82041,-9840
-15067,82070,-9696
-14726,82201,-9542
-14998,81982,-9330
-15804,81521,-9256
-14498,82156,-9059
-15713,81468,-8960
-14768,81944,-8860
-15613,81429,-8688
-15522,81379,-8394
-15172,81524,-8277
-15389,81389,-8218
-14449,81759,-8039
-15209,81276,-7625
-15036,81346,-7559
-14844,81403,-7522
-14480,81483,-7383
-15617,80851,-7036
-14881,81122,-6856
-14501,81226,-6761
-15650,80615,-6409
-15279,80759,-6334
-14908,80859,-6227
-14509,80987,-6176
-15573,80546,-6088
-15310,80489,-5699
-14500,80759,-5643
-14921,80613,-5637
-14476,80550,-5150
-15326,80235,-5106
-14917,80377,-5099
-14439,80360,-4693
-14898,80159,-4599
-15324,79992,-4564
-14388,80191,-4272
-14866,79961,-4134
-15309,79769,-4059
-14322,80043,-3887
-14820,79784,-3706
-15281,79565,-3589
-14760,79627,-3312
-15240,79380,-3153
-14687,79492,-2953
-15186,79214,-2751
-15119,79070,-2384
-15035,78947,-2058
-15813,76895,258
-16188,76453,759
-16067,81505,-9621
-16155,81172,-8799
-16537,80773,-8249
-16212,80893,-8079
-16117,80851,-7803
-16013,80821,-7552
-16620,80452,-7456
-15778,80796,-7128
-15974,80688,-7121
-16616,80268,-6924
-16999,80046,-6907
-16514,80233,-6673
-16404,80211,-6445
-16162,80208,-6058
-16416,80002,-5878
-16056,80183,-5821
-16899,79618,-5572
-16785,79606,-5364
-16078,79958,-5227
-15703,80121,-5181
-16533,79623,-5017
-16841,79320,-4674
-16087,79753,-4673
-16476,79520,-4646
-15720,79858,-4587
-16488,79307,-4087
-16105,79482,-4078
-15721,79608,-4040
-16108,79225,-3527
-15709,79377,-3529
-16569,78959,-3336
-15685,79165,-3053
-16487,78844,-3025
-16100,78987,-3011
-15649,78974,-2612
-16079,78768,-2530
-16481,78599,-2504
-15600,78802,-2204
-16047,78569,-2082
-16463,78373,-2018
-15536,78652,-1834
-16000,78390,-1672
-16433,78167,-1567
-15452,78519,-1509
-15935,78231,-1304
-15351,78406,-1223
-16383,77980,-1162
-15850,78091,-982
-16313,77813,-801
-15750,77972,-696
-16226,77664,-481
-16125,77537,-194
-16990,76980,113
-17382,76758,190
-16474,77103,277
-16903,76815,436
-17307,76566,545
-16808,76671,731
-17223,76394,872
-17131,76242,1172
-16537,76014,1231
-17533,75976,1298
-17444,75817,1602
-16870,75579,1685
-16254,75338,1720
-17192,75149,2126
-16602,74896,2192
-16934,74458,2645
-16666,73744,3162
-17071,79733,-6151
-17005,79642,-5804
-17443,79319,-5607
-17505,79015,-4887
-17382,79020,-4711
-17271,79006,-4501
-17870,78595,-4348
-17152,79005,-4314
-16889,79043,-4007
-17919,78303,-3667
-17744,78403,-3653
-17247,78644,-3513
-16879,78862,-3512
-17627,78399,-3464
-17503,78408,-3297
-17232,78465,-3031
-16874,78653,-3004
-17257,78200,-2440
-17632,77971,-2400
-17840,77815,-2316
-17555,77885,-2102
-17023,78172,-2066
-16853,78213,-2008
-17242,78004,-1964
-16837,77980,-1518
-17613,77545,-1411
-16800,77767,-1077
-17188,77589,-1047
-17568,77361,-991
-17420,77395,-891
-16740,77573,-683
-17133,77368,-627
-16662,77397,-331
-17067,77166,-238
-17447,76968,-199
-16573,77240,-12
-18902,75950,48
-18761,75985,144
-17731,76623,148
-18614,76032,221
-18303,76166,325
-18141,76247,359
-18510,75960,454
-17688,76353,608
-18069,76090,706
-17615,76155,967
-18509,75605,1052
-18017,75863,1127
-18375,75612,1180
-18744,75307,1296
-17913,75746,1378
-18293,75465,1493
-17834,75561,1712
-18700,75050,1747
-18591,74983,1958
-17746,75396,2020
-18280,75116,2053
-18125,75149,2115
-18503,74852,2246
-18039,74978,2426
-17503,74722,2554
-18323,74563,2822
-18523,74386,2931
-17804,74299,2971
-17254,74024,3086
-18095,73880,3376
-17564,73595,3514
-16997,73302,3616
-17863,73170,3930
-17316,72865,4057
-17624,72433,4484
-17060,72108,4599
-17921,72006,4899
-17378,71667,5040
-17684,71232,5467
-17438,70428,6037
-18277,77877,-3134
-18090,77790,-2629
-18312,77597,-2492
-17969,77797,-2461
-18650,77162,-1981
-18407,77178,-1658
-18278,77191,-1517
-18659,76890,-1396
-18142,77217,-1399
-17981,77296,-1358
-17850,77309,-1220
-18969,76448,-917
-18673,76561,-771
-18536,76585,-656
-18392,76621,-561
-17891,76892,-498
-18086,76734,-428
-18260,76624,-422
-18946,76183,-401
-17826,76721,-124
-19236,75736,50
-19196,75483,520
-19115,75347,833
-18971,75392,913
-19477,75032,962
-18823,75450,976
-19429,74794,1401
-19315,74752,1588
-19170,74808,1653
-19019,74876,1703
-19701,74339,1834
-18959,74662,2094
-19645,74116,2244
-19503,74166,2314
-19354,74231,2362
-19201,74309,2394
-18879,74503,2413
-18792,74366,2702
-19159,74027,2855
-18698,74249,2967
-19682,73585,3010
-19530,73661,3043
-19049,73964,3054
-19374,73749,3061
-18982,73760,3417
-19352,73404,3590
-18719,73456,3651
-18885,73656,3663
-19214,73433,3677
-19545,73197,3709
-18376,73464,3770
-19171,73163,4115
-18649,73052,4154
-19379,72909,4288
-18894,72441,4296
-18152,72749,4333
-18431,72332,4726
-19060,71441,4907
-19200,72147,4983
-18702,71918,5110
-18209,71582,5302
-18968,71508,5488
-18486,71163,5696
-17980,70801,5882
-18756,70748,6079
-18266,70375,6286
-17743,69985,6466
-18542,69954,6680
-18037,69546,6885
-18322,69112,7292
-17800,68669,7493
-18093,68225,7911
-19916,73657,2675
-19853,73446,3052
-20121,72982,3479
-19857,73012,3685
-19703,73099,3704
-20054,72785,3831
-20323,72318,4255
-19544,72790,4305
-19713,72654,4343
-20030,72448,4342
-19874,72545,4349
-20252,72135,4586
-19526,72262,4820
-19883,72116,4966
-20045,71998,4983
-20203,71891,4988
-19736,72184,5009
-20522,71664,5012
-19655,71518,5281
-20451,71495,5326
-19482,71655,5431
-20046,71533,5553
-19222,70457,5509
-20217,71456,5609
-20377,71340,5624
-19777,70780,5724
-20177,70765,6017
-19380,69490,6102
-19898,70053,6161
-20040,70676,6319
-19512,70604,6311
-19020,70336,6457
-19789,70112,6756
-19536,68539,6687
-19282,69926,6832
-18810,69536,7064
-19073,69121,7442
-18597,68682,7688
-19332,68706,7816
-18862,68256,8073
-18376,67786,8318
-19122,67834,8451
-18649,67352,8715
-18147,66856,8954
-18912,66923,9098
-18429,66412,9362
-18699,65974,9756
-18479,64986,10420
-20723,71019,5756
-20651,70863,6054
-20369,70787,6149
-20551,70794,6251
-20925,70383,6487
-20303,70007,6467
-20499,70012,6607
-20017,69335,6593
-20690,70036,6738
-20850,70238,6766
-20427,69258,6911
-20626,69247,7057
-20134,68625,7020
-21125,69753,7200
-20820,69255,7195
-20550,68519,7350
-19688,67603,7263
-20751,68493,7502
-20249,67924,7443
-20337,69132,7629
-19817,69023,7645
-20670,67790,7784
-20362,67232,7861
-19833,66681,7819
-20089,68529,8081
-19589,68292,8186
-19976,65773,8369
-19380,67415,8823
-20627,67544,8946
-20114,67377,8991
-19635,66999,9193
-20381,66877,9426
-19170,66498,9475
-19888,66585,9559
-19426,66076,9848
-18961,65541,10140
-19679,65657,10218
-19218,65112,10518
-19930,65242,10584
-18748,64543,10816
-19472,64687,10892
-19008,64106,11201
-19263,63674,11580
-18794,63060,11895
-19053,62618,12281
-20948,68485,7646
-21134,68732,8050
-20874,67749,7942
-21074,67726,8091
-20788,67070,8213
-21404,68247,8478
-20472,66547,8272
-20995,67014,8376
-21197,66976,8531
-20904,66358,8638
-20579,65870,8674
-21113,66289,8806
-21318,66236,8967
-20115,64878,8910
-21015,65655,9051
-21413,67189,9340
-20684,65201,9072
-21228,65572,9226
-20787,64539,9466
-20288,64087,9515
-20910,65884,10288
-20404,65671,10357
-20495,63393,10182
-20667,65171,10789
-20179,64830,10946
-19723,64266,11261
-19972,63849,11627
-20687,63917,11737
-20219,63435,11989
-19516,63246,11954
-20464,63023,12348
-19766,62822,12324
-20013,62402,12690
-19307,62182,12661
-19558,61750,13036
-19806,61323,13407
-19095,61074,13380
-19348,60633,13762
-21436,65505,9394
-21125,64960,9458
-21679,66701,9765
-21339,64864,9639
-21550,64783,9812
-21232,64274,9862
-20889,63885,9856
-21449,64164,10048
-21661,64070,10226
-21338,63595,10262
-20989,63237,10242
-21685,65576,10654
-21556,63472,10452
-21771,63365,10635
-21442,62923,10658
-21946,65087,11076
-21128,62695,10702
-20702,62705,10839
-21280,62190,11186
-21187,64177,11643
-20903,62025,11473
-21950,63917,11981
-20945,63416,12165
-21105,61350,12099
-21456,62422,13012
-20258,61986,13052
-20963,62111,13132
-20500,61573,13411
-20741,61162,13766
-20052,60900,13774
-20295,60480,14136
-19598,60197,14139
-20535,60064,14495
-19845,59765,14511
-20089,59339,14878
-19387,59025,14885
-19636,58585,15263
-19881,58150,15636
-21662,62788,10854
-21879,62668,11041
-21545,62258,11051
-21767,62111,11251
-21986,61978,11444
-21694,61721,11535
-21431,61688,11663
-21894,61503,11694
-22090,61296,11843
-22207,63428,12399
-21850,61204,12027
-21578,61191,12125
-22052,60979,12193
-22002,60692,12505
-21725,60697,12582
-21307,60681,12720
-22208,62211,13322
-21872,60206,13037
-21216,61610,13557
-22461,61722,13736
-21509,60017,13334
-21718,60615,14396
-21231,60250,14543
-20774,59653,14850
-21479,59750,14963
-21010,59244,15201
-20330,58917,15241
-20568,58499,15599
-20804,58086,15953
-20123,57720,16003
-20362,57295,16366
-19670,56912,16407
-20598,56876,16724
-19914,56474,16780
-20154,56041,17148
-22250,60764,12349
-22207,60459,12680
-22408,60237,12844
-22153,60184,12975
-22360,59944,13156
-22563,59715,13328
-22305,59680,13442
-22020,59718,13487
-22514,59433,13629
-22718,59196,13806
-22456,59178,13904
-22167,59233,13935
-21711,59359,13941
-22459,60457,14675
-22315,58751,14379
-22706,59970,15085
-21967,57980,14994
-21970,58757,15794
-21490,58335,15969
-21733,57836,16384
-21037,57676,16304
-21269,57270,16650
-20831,56460,17077
-21062,56049,17426
-20390,55613,17511
-21291,55643,17771
-20624,55191,17868
-19943,54737,17945
-20855,54774,18221
-20181,54301,18313
-20415,53871,18675
-22667,58924,14098
-22874,58681,14282
-22607,58680,14364
-22820,58419,14563
-23029,58169,14753
-22759,58185,14820
-22462,58272,14820
-22974,57917,15025
-23184,57660,15220
-22596,57769,15231
-22910,57692,15272
-23127,57419,15483
-22704,57222,15587
-23062,57204,15721
-22700,58656,16041
-22811,56682,15935
-22942,58170,16446
-22218,56570,16057
-22213,56846,17205
-22932,56804,17418
-21738,56366,17408
-21976,55867,17818
-21517,55240,18113
-21083,54362,18569
-21309,53955,18913
-20647,53447,19032
-21533,53552,19253
-20876,53029,19384
-20204,52505,19495
-21101,52616,19731
-20437,52073,19857
-20666,51648,20213
-23340,57155,15685
-23280,56923,15938
-23185,56664,16110
-23495,56653,16145
-23419,56403,16358
-22917,56146,16281
-23294,56108,16467
-23648,56153,16598
-23529,55839,16720
-23023,55616,16624
-23403,55558,16822
-23130,55090,16964
-22461,55096,17141
-23167,56322,17815
-22696,53588,18234
-22444,54882,18626
-23150,54902,18801
-21976,54340,18860
-22207,53844,19262
-21754,53153,19587
-21324,52208,20072
-21544,51805,20408
-21761,51406,20740
-20892,51229,20564
-21115,50814,20907
-21334,50406,21246
-20455,50223,21053
-20681,49796,21407
-20904,49376,21754
-23760,55582,16965
-23640,55281,17079
-23513,55012,17173
-23873,55015,17328
-23237,54569,17302
-23751,54727,17435
-23622,54471,17523
-23985,54453,17690
-23344,54052,17637
-23862,54179,17789
-23732,53935,17869
-23451,53539,17970
-23558,53031,18301
-23380,54421,19193
-22925,52044,19338
-22663,52863,20055
-23358,52946,20197
-22200,52259,20318
-22425,51765,20715
-21977,51011,21068
-21551,50003,21580
-21765,49605,21909
-21124,48962,22096
-21341,48554,22433
-20692,47898,22611
-20912,47477,22956
-24098,53897,18048
-23973,53635,18140
-23842,53404,18213
-24211,53346,18403
-24085,53097,18489
-23952,52877,18555
-24324,52799,18756
-23665,52528,18630
-24196,52563,18835
-24062,52355,18894
-23773,52028,18956
-23878,51535,19275
-23582,52468,20584
-23146,50463,20453
-23554,50937,21605
-22870,50790,21496
-22412,50126,21787
-22631,49636,22177
-21978,49211,22235
-22188,48822,22556
-21555,48151,22765
-21766,47754,23092
-21976,47362,23415
-21130,47063,23296
-21344,46656,23631
-21555,46254,23961
-20918,45538,24167
-24437,52256,19108
-24308,52034,19178
-24173,51837,19231
-24550,51717,19457
-24420,51507,19520
-24283,51324,19565
-23982,51050,19584
-24663,51182,19803
-24532,50985,19858
-24391,50819,19890
-24085,50568,19891
-24497,50318,20208
-24189,50091,20196
-23773,50462,21986
-23360,48843,21580
-23742,48871,23023
-23065,48669,22946
-22613,47947,23262
-22828,47458,23646
-22183,46974,23734
-22389,46589,24050
-21764,45858,24286
-21972,45465,24607
-21133,45125,24505
-21345,44718,24838
-21555,44316,25166
-24776,50654,20145
-24641,50470,20188
-24886,50132,20479
-24749,49963,20510
-24604,49822,20524
-24293,49617,20499
-24996,49618,20805
-24857,49459,20830
-24711,49329,20837
-24397,49147,20800
-24818,48837,21149
-24501,48680,21099
-23568,47177,22720
-23958,48395,23398
-23254,46490,24403
-22807,45715,24743
-23017,45231,25120
-22178,45075,24923
-22382,44689,25236
-21763,43916,25489
-21968,43523,25807
-21135,43151,25719
-21346,42741,26050
-21554,42337,26376
-25107,49103,21129
-24966,48956,21148
-25218,48592,21450
-25076,48456,21463
-24927,48348,21459
-24606,48212,21397
-25330,48085,21770
-25186,47960,21777
-25035,47862,21767
-24712,47746,21694
-25144,47379,22073
-24818,47282,21989
-23770,45459,23873
-23920,46754,24449
-24131,46282,24819
-22584,44308,25545
-23433,44274,25864
-22991,43447,26226
-22171,43134,26121
-22372,42751,26431
-21760,41939,26697
-21963,41548,27012
-21340,40700,27280
-25441,47582,22088
-25296,47467,22089
-25553,47083,22404
-25406,46978,22399
-24924,46822,22283
-25253,46900,22378
-25665,46588,22718
-25517,46493,22707
-25030,46366,22575
-25362,46424,22680
-25135,45913,22864
-25471,45952,22981
-23964,43696,25040
-24089,44596,25881
-24295,44129,26245
-23197,42968,26596
-22571,42372,26738
-22769,41997,27041
-22163,41161,27324
-22362,40780,27632
-21546,40297,27603
-21750,39901,27922
-25777,46096,23030
-25628,46011,23014
-25890,45608,23340
-25239,45466,23146
-25739,45532,23319
-25581,45483,23281
-25344,45022,23428
-26002,45123,23649
-25849,45059,23620
-25688,45021,23572
-25448,44580,23708
-24150,41886,26222
-24248,42402,27317
-23603,42024,27326
-23167,41150,27708
-23367,40678,28071
-22558,40404,27935
-22753,40032,28235
-21950,39511,28236
-22148,39127,28545
-22344,38747,28851
-21526,38174,28858
-21727,37780,29175
-26112,44645,23950
-25795,44562,23863
-25957,44591,23915
-25552,44142,23987
-26219,44174,24246
-25902,44107,24151
-26065,44127,24207
-25657,43706,24264
-26008,43656,24436
-26170,43669,24496
-25762,43274,24540
-24449,41940,27674
-23763,39746,28795
-22946,39664,28533
-22538,38373,29152
-22730,38003,29453
-21925,37391,29487
-22121,37009,29794
-26323,43709,24538
-26111,43210,24718
-26425,43249,24827
-26272,43217,24781
-25864,42845,24812
-26212,42768,24997
-26525,42795,25111
-26373,42769,25062
-25965,42421,25082
-26312,42332,25272
-26064,42002,25348
-24328,40031,27417
-24397,40175,28764
-24592,39720,29118
-23335,38830,29194
-23529,38365,29553
-22920,37638,29752
-23107,37278,30045
-22315,36633,30101
-22506,36262,30404
-21697,35608,30441
-21893,35223,30755
-26471,42326,25340
-26623,42345,25392
-26409,41901,25543
-26568,41889,25615
-26718,41901,25669
-26160,41588,25610
-26503,41476,25810
-26661,41458,25884
-26811,41464,25941
-26253,41181,25867
-26594,41058,26071
-26344,40779,26119
-24496,38135,28627
-24536,37926,30208
-23913,37450,30262
-23483,36456,30692
-22694,35896,30701
-22880,35535,30994
-22087,34843,31064
-22277,34470,31366
-26751,41034,26148
-26900,41034,26208
-26682,40647,26327
-26838,40617,26406
-26986,40611,26469
-26432,40384,26367
-26768,40241,26579
-26923,40206,26660
-27069,40195,26725
-26517,39994,26610
-26851,39842,26826
-26599,39612,26846
-24726,37478,30555
-23672,35996,31046
-23064,35178,31284
-23247,34825,31571
-22465,34103,31664
-22650,33740,31958
-21854,33013,32033
-27004,39802,26909
-27149,39785,26980
-26931,39448,27069
-27082,39404,27158
-27226,39382,27231
-26676,39241,27071
-27006,39066,27307
-27157,39015,27400
-26750,38877,27292
-27077,38692,27536
-26832,38522,27532
-24655,36206,29852
-24667,35658,31647
-24046,35088,31744
-23615,34019,32205
-22834,33383,32248
-23016,33030,32535
-22045,32636,32338
-22233,32266,32638
-27300,38987,27477
-27227,38635,27633
-27369,38603,27712
-27145,38327,27758
-27293,38266,27857
-27429,38233,27935
-26923,38175,27793
-27211,37967,27976
-27353,37907,28072
-27479,37879,28144
-27013,37832,28049
-27290,37621,28225
-27099,37495,28302
-24807,34243,31084
-24854,35216,31989
-23800,33566,32552
-23197,32681,32819
-23376,32336,33100
-22419,31902,32933
-22602,31543,33224
-22004,30422,33605
-27403,37563,28275
-27519,37541,28340
-27363,37291,28470
-27553,37218,28531
-27465,37241,28511
-27184,37162,28550
-27426,36975,28702
-27600,36915,28750
-27518,36933,28736
-27262,36837,28791
-27478,36676,28920
-27563,36640,28948
-27329,36529,29018
-24781,33310,33109
-24164,32672,33237
-23735,31542,33722
-22784,31189,33512
-22964,30839,33796
-22190,30055,33903
-22374,29694,34195
-27640,36626,28959
-27672,36349,29156
-27521,36391,29125
-27601,36360,29148
-27381,36241,29227
-27700,36083,29344
-27557,36121,29318
-27632,36093,29338
-27423,35973,29420
-27724,35823,29527
-27587,35861,29501
-27659,35834,29521
-27457,35717,29601
-27746,35568,29706
-27615,35607,29681
-27683,35579,29700
-27488,35468,29777
-27517,35223,29950
-24952,32250,32323
-24964,32867,33446
-23916,31091,34062
-23142,30493,34076
-23319,30147,34354
-22556,29337,34484
-27765,35318,29881
-27640,35358,29856
-27706,35330,29875
-27782,35073,30051
-27663,35113,30028
-27726,35084,30046
-27544,34982,30119
-27797,34833,30218
-27684,34872,30196
-27744,34844,30213
-27569,34745,30285
-27810,34597,30381
-27703,34636,30360
-27760,34608,30377
-27592,34512,30448
-27820,34366,30541
-27720,34404,30521
-27773,34377,30537
-27611,34287,30603
-24886,30903,34579
-24275,30202,34735
-23495,29806,34629
-22737,28982,34768
-22915,28633,35049
-22156,27867,35144
-27826,34144,30692
-27732,34181,30673
-27782,34154,30689
-27629,34067,30754
-27830,33928,30838
-27743,33963,30822
-27790,33937,30836
-27644,33851,30902
-27832,33715,30982
-27752,33748,30968
-27795,33724,30981
-27657,33639,31047
-27833,33505,31123
-27758,33538,31110
-27798,33515,31122
-27669,33430,31189
-27834,33298,31262
-27763,33332,31249
-27799,33309,31260
-27679,33225,31328
-27766,33130,31385
-27687,33024,31464
-25091,30232,33567
-25064,30467,34910
-23849,29021,35238
-23092,28288,35326
-23267,27948,35600
-22339,27507,35434
-22520,27152,35719
-27833,33094,31399
-27800,33107,31395
-27767,32932,31518
-27833,32892,31534
-27800,32907,31529
-27683,32830,31576
-27767,32736,31649
-27832,32692,31667
-27799,32709,31661
-27670,32641,31672
-27755,32546,31756
-27797,32515,31788
-27830,32493,31798
-27655,32457,31764
-27736,32361,31847
-27777,32327,31879
-27818,32297,31907
-27639,32277,31854
-27717,32178,31936
-27757,32139,31969
-27797,32107,31997
-27621,32100,31942
-27697,31996,32024
-27736,31953,32057
-27603,31925,32028
-27584,31753,32112
-24026,28579,35571
-23441,27611,35872
-23613,27278,36140
-22699,26804,35999
-22875,26461,36276
-27775,31919,32085
-27677,31814,32110
-27715,31770,32143
-27754,31734,32172
-27657,31636,32195
-27694,31589,32229
-27732,31549,32259
-27565,31583,32195
-27637,31458,32278
-27673,31408,32314
-27546,31412,32277
-27711,31366,32345
-27617,31282,32362
-27653,31229,32398
-27527,31243,32357
-27689,31184,32431
-27596,31107,32445
-27632,31051,32482
-27508,31074,32437
-27668,31003,32516
-27577,30933,32527
-27489,30907,32517
-27612,30874,32566
-27647,30823,32601
-27557,30760,32609
-27471,30740,32596
-27591,30698,32649
-27537,30587,32691
-27452,30574,32675
-25225,28158,34821
-24980,28461,36052
-25155,28032,36377
-24376,27706,36230
-23051,26123,36549
-22315,25384,36630
-22495,25038,36910
-27626,30644,32686
-27571,30523,32732
-27605,30466,32770
-27517,30417,32772
-27434,30409,32754
-27550,30352,32812
-27583,30294,32849
-27496,30252,32848
-27414,30250,32827
-27528,30184,32889
-27560,30123,32927
-27474,30089,32923
-27393,30097,32897
-27506,30019,32965
-27538,29956,33003
-27452,29930,32994
-27371,29944,32966
-27483,29858,33037
-27514,29792,33076
-27430,29773,33064
-27350,29793,33034
-27460,29698,33109
-27491,29630,33149
-27330,29643,33102
-27408,29617,33135
-27438,29539,33180
-27468,29467,33222
-27309,29493,33169
-27386,29461,33205
-27288,29344,33236
-23959,26515,36735
-24133,26085,37059
-23224,25790,36818
-23396,25461,37085
-22672,24698,37186
-27415,29380,33251
-27445,29306,33295
-27364,29306,33274
-27393,29222,33322
-27268,29196,33303
-27422,29145,33367
-27343,29152,33344
-27371,29065,33393
-27247,29048,33370
-27400,28985,33438
-27321,28998,33413
-27349,28909,33463
-27227,28901,33437
-27377,28826,33510
-27300,28845,33482
-27327,28753,33533
-27207,28755,33503
-27279,28693,33551
-27355,28668,33581
-27305,28599,33603
-27187,28609,33569
-27258,28541,33619
-27333,28511,33652
-27284,28445,33672
-27167,28464,33635
-27237,28391,33687
-27311,28355,33722
-27262,28292,33741
-27147,28320,33700
-27216,28241,33755
-27127,28177,33765
-25065,26006,37514
-23566,25137,37348
-23735,24816,37608
-22848,24364,37457
-23022,24036,37724
-27289,28199,33792
-27241,28140,33810
-27195,28092,33822
-27267,28044,33862
-27108,28034,33830
-27220,27988,33879
-27174,27944,33889
-27245,27891,33931
-27088,27892,33894
-27199,27838,33947
-27154,27797,33956
-27223,27738,34000
-27069,27751,33958
-27178,27688,34014
-27134,27650,34022
-27202,27586,34069
-27050,27611,34022
-27157,27539,34081
-27113,27505,34088
-27180,27435,34137
-27031,27471,34085
-27136,27391,34148
-27093,27360,34154
-27159,27284,34205
-27012,27332,34148
-27115,27244,34215
-27073,27216,34219
-26993,27194,34211
-27095,27098,34281
-27053,27073,34284
-26974,27058,34273
-26974,27058,34273
-25344,26014,36097
-25235,25589,37829
-24477,25242,37698
-24075,24084,38181
-23193,23712,37988
-23364,23393,38249
-22484,23019,38047
-22660,22689,38317
-27138,27135,34273
-27117,26986,34340
-27074,26953,34347
-27033,26931,34348
-27096,26839,34406
-27054,26809,34412
-27014,26790,34412
-27076,26692,34472
-27034,26665,34477
-26994,26649,34476
-27054,26549,34537
-27014,26524,34540
-26975,26511,34539
-27032,26410,34598
-26992,26389,34600
-26954,26378,34597
-27010,26272,34658
-26971,26254,34659
-26933,26246,34655
-26933,26246,34655
-26988,26136,34718
-26950,26121,34718
-26875,26066,34780
-24245,23674,38492
-23532,23078,38506
-22835,22364,38583
-26967,26000,34777
-26929,25988,34776
-26945,25866,34836
-26908,25857,34833
-26908,25857,34833
-26924,25733,34894
-26903,25602,34952
-26882,25471,35009
-26882,25471,35009
-26827,25278,35143
-26772,25075,35279
-25454,23851,37372
-25152,23607,38935
-23699,22768,38759
-23864,22462,39009
-23007,22045,38845
-23177,21731,39103
-26801,24893,35317
-26775,24512,35489
-26720,24305,35628
-26664,24088,35771
-25319,23207,39239
-24582,22869,39103
-23345,21423,39356
-22664,20790,39389
-26693,23925,35799
-26666,23548,35967
-26611,23327,36112
-26555,23097,36260
-24197,21764,39558
-24365,21374,39856
-23512,21119,39605
-23676,20819,39851
-22837,20476,39648
-23007,20168,39902
-26584,22952,36278
-26556,22581,36443
-26501,22346,36593
-25546,21716,38613
-25247,21307,40295
-23840,20523,40095
-24003,20231,40336
-23176,19865,40152
-26445,22101,36747
-26473,21976,36756
-26444,21610,36916
-25407,20929,40584
-24697,20607,40444
-23342,19567,40399
-23507,19273,40643
-22855,18716,40643
-26389,21361,37072
-26332,21103,37231
-26360,20997,37231
-26331,20637,37387
-24330,19567,40864
-24496,19197,41151
-23671,18984,40883
-23833,18699,41121
-23025,18418,40891
-23192,18125,41136
-26275,20376,37547
-26219,20105,37712
-26246,20019,37701
-25616,19631,39804
-25343,19130,41583
-23994,18417,41356
-23358,17837,41378
-26216,19666,37853
-26161,19392,38018
-26104,19110,38186
-26131,19043,38167
-25491,18781,41851
-24823,18471,41716
-24154,18138,41589
-23522,17554,41616
-23685,17275,41850
-23063,16809,41811
-26101,18699,38313
-26046,18415,38482
-24477,17508,42098
-23846,17000,42082
-23230,16527,42050
-26016,18075,38625
-25989,18123,38653
-25986,17738,38767
-25672,17624,40938
-24641,17159,42373
-24006,16729,42312
-24164,16461,42539
-23395,16251,42286
-23558,15979,42518
-25931,17446,38939
-25900,17113,39078
-25875,17147,39112
-25435,17095,42786
-25571,16776,43033
-24962,16475,42912
-24322,16197,42763
-23720,15711,42747
-25870,16786,39214
-25816,16487,39387
-25786,16166,39520
-25760,16182,39562
-24641,15603,43252
-23880,15447,42973
-24039,15187,43196
-23291,15090,42887
-23456,14825,43117
-25755,15850,39650
-25701,15545,39824
-25716,15721,42004
-24801,15277,43514
-24197,14931,43417
-24353,14678,43636
-23618,14565,43343
-23779,14309,43566
-25671,15236,39951
-25647,15236,40001
-25641,14933,40074
-25521,15231,43886
-25640,14951,44104
-25100,14656,44009
-24508,14429,43852
-23939,14057,43787
-25588,14624,40249
-25559,14328,40369
-25533,14301,40430
-24816,13880,44311
-24097,13808,44004
-24253,13564,44219
-23542,13578,43866
-23704,13330,44086
-25527,14045,40480
-25471,13699,40672
-25737,13955,42980
-24961,13592,44542
-24408,13324,44429
-24560,13090,44634
-23864,13086,44302
-24023,12847,44515
-25438,13417,40782
-25410,13336,40869
-25403,13148,40884
-25590,13574,44858
-25675,13356,45027
-25225,13055,44973
-24705,12865,44830
-24179,12613,44723
-23817,12291,44736
-25346,12771,41090
-25311,12509,41189
-25286,12385,41299
-24981,12389,45231
-24332,12385,44925
-24483,12162,45123
-23975,12062,44942
-24130,11840,45144
-25277,12253,41284
-25218,11867,41493
-25676,12423,43790
-25608,12190,45659
-25657,12043,45774
-25110,12142,45433
-24628,11947,45314
-24766,11743,45496
-24283,11622,45340
-24433,11411,45532
-25184,11618,41585
-25157,11470,41705
-25149,11376,41673
-25344,11686,45807
-24896,11548,45669
-24579,11207,45718
-24716,11014,45894
-24106,11234,45490
-24259,11026,45682
-25090,10982,41884
-25056,10748,41968
-25607,11039,44514
-25579,11105,46277
-25610,11005,46359
-25141,11144,46018
-25255,10937,46192
-24846,10830,46061
-24968,10657,46219
-24409,10823,45870
-24553,10626,46051
-25022,10522,42050
-25029,10579,42097
-24963,10122,42261
-25399,10641,46442
-25083,10494,46369
-24690,10440,46224
-24819,10262,46387
-24940,10094,46542
-24395,10297,46180
-24540,10101,46361
-24929,9904,42338
-24896,9693,42411
-24902,9715,42475
-25528,9825,45138
-25542,10283,46756
-25561,10220,46813
-25271,10199,46636
-25327,10094,46730
-25415,9914,46893
-25053,9936,46689
-25153,9796,46818
-25218,9704,46907
-24676,9915,46532
-24803,9739,46694
-24923,9573,46847
-24836,9289,42623
-24803,9088,42692
-25505,9673,47120
-25520,9625,47167
-25317,9534,47067
-25357,9452,47142
-25410,9322,47262
-25030,9425,46984
-25116,9306,47096
-25176,9220,47179
-24672,9432,46822
-24798,9259,46982
-24912,9103,47126
-24770,8895,42757
-24775,8881,42836
-25440,8795,45660
-25468,9139,47441
-25481,9097,47483
-25226,9145,47252
-25269,9080,47316
-25335,8958,47434
-25357,8902,47487
-25386,8812,47576
-25010,8969,47250
-25087,8862,47351
-25143,8781,47429
-25190,8711,47497
-24900,8661,47387
-24711,8490,42968
-24679,8307,43028
-24646,8132,43085
-24651,8082,43179
-25438,8646,47742
-25451,8604,47784
-25230,8650,47558
-25264,8597,47611
-25291,8554,47657
-25326,8476,47739
-25339,8435,47781
-25365,8353,47863
-24990,8539,47501
-25060,8443,47591
-25113,8367,47665
-25158,8301,47730
-25196,8244,47787
-24588,7728,43294
-24556,7562,43346
-25352,7950,46087
-25418,8189,48029
-25431,8149,48069
-25227,8196,47837
-25252,8157,47879
-25270,8126,47915
-25284,8101,47947
-25311,8034,48020
-25324,7993,48062
-25350,7911,48145
-25032,8030,47826
-25082,7959,47896
-25125,7897,47958
-25161,7844,48011
-25189,7801,48058
-25212,7764,48098
-25229,7734,48134
-24524,7404,43394
-24529,7322,43502
-25283,7276,46435
-25399,7755,48299
-25411,7718,48336
-25243,7709,48166
-25257,7683,48198
-25270,7657,48230
-25297,7590,48303
-25309,7551,48342
-25333,7476,48416
-25379,7326,48562
-25390,7289,48598
-25091,7499,48180
-25125,7449,48232
-25152,7407,48278
-25174,7371,48318
-25190,7342,48352
-25204,7316,48385
-25217,7290,48417
-25231,7264,48448
-25243,7241,48477
-24467,7003,43601
-24436,6856,43644
-24405,6718,43683
-24409,6604,43805
-25256,7218,48505
-25279,7158,48570
-25291,7120,48606
-25314,7045,48679
-25360,6895,48825
-25371,6858,48862
-25117,7013,48497
-25137,6978,48537
-25152,6951,48569
-25165,6926,48600
-25177,6903,48629
-25190,6879,48658
-25202,6856,48686
-25214,6833,48714
-25226,6810,48742
-25238,6787,48770
-24350,6327,43884
-24320,6202,43917
-24290,6085,43947
-25233,6752,46718
-25262,6726,48835
-25273,6688,48871
-25296,6613,48944
-25341,6464,49087
-25351,6429,49121
-25112,6566,48778
-25125,6542,48808
-25137,6518,48837
-25150,6494,48866
-25162,6471,48895
-25174,6447,48923
-25186,6423,48952
-25198,6400,48980
-25210,6376,49008
-25223,6353,49036
-24297,5948,44078
-24239,5717,44137
-24211,5615,44160
-25191,6261,46987
-25246,6291,49101
-25257,6253,49137
-25279,6180,49208
-25320,6038,49342
-25331,6003,49376
-25099,6134,49045
-25111,6109,49074
-25123,6085,49104
-25136,6061,49133
-25148,6036,49162
-25160,6012,49190
-25172,5988,49219
-25184,5964,49247
-25196,5940,49275
-25208,5917,49303
-25229,5859,49363
-24182,5522,44179
-24191,5363,44320
-24137,5179,44357
-25153,5804,47236
-25123,5378,47473
-25240,5824,49397
-25260,5752,49464
-25301,5610,49599
-25311,5574,49633
-25087,5699,49313
-25099,5674,49342
-25111,5649,49372
-25123,5624,49401
-25136,5599,49430
-25147,5576,49457
-25158,5554,49483
-25169,5532,49509
-25180,5510,49535
-25191,5488,49561
-25212,5430,49621
-25222,5394,49655
-24110,5100,44370
-24083,5029,44380
-24094,4853,44528
-24043,4713,44545
-25098,4966,47705
-25242,5322,49722
-25282,5180,49855
-25292,5147,49886
-25076,5262,49581
-25087,5238,49609
-25098,5215,49636
-25110,5192,49663
-25121,5169,49689
-25132,5146,49716
-25143,5124,49742
-25153,5101,49768
-25164,5078,49795
-25175,5056,49821
-25196,4997,49880
-25206,4961,49914
-24017,4651,44551
-23990,4605,44547
-24005,4417,44702
-23955,4303,44708
-23929,4263,44702
-23901,4224,44694
-25073,4553,47936
-25225,4891,49980
-25259,4769,50094
-25267,4739,50123
-25063,4831,49841
-25074,4807,49869
-25085,4783,49896
-25096,4760,49923
-25107,4736,49950
-25118,4713,49977
-25129,4690,50003
-25139,4666,50029
-25150,4643,50055
-25160,4622,50080
-25178,4573,50131
-25186,4542,50160
-25203,4482,50217
-23922,4014,44862
-23869,3930,44851
-23842,3892,44844
-23815,3855,44836
-25048,4145,48163
-25236,4362,50329
-25244,4332,50357
-25051,4397,50103
-25062,4372,50131
-25073,4348,50158
-25083,4326,50183
-25094,4305,50208
-25103,4286,50230
-25112,4267,50253
-25121,4249,50274
-25130,4231,50296
-25139,4212,50318
-25156,4164,50368
-25165,4134,50396
-25181,4075,50452
-25039,3977,50353
-23838,3643,45005
-23785,3566,44990
-23758,3530,44982
-23754,3449,45020
-25019,3751,48377
-25212,3962,50559
-25219,3936,50584
-25048,3958,50376
-25057,3939,50399
-25067,3920,50421
-25076,3902,50444
-25085,3883,50466
-25094,3865,50487
-25103,3847,50509
-25112,3829,50530
-25121,3812,50551
-25138,3766,50599
-25146,3739,50626
-25161,3691,50675
-25190,3598,50769
-25197,3575,50793
-25041,3666,50550
-25050,3646,50573
-25059,3627,50595
-25068,3609,50617
-25077,3590,50639
-25085,3572,50661
-25094,3554,50682
-25103,3536,50703
-23756,3285,45141
-23703,3213,45124
-23695,3141,45153
-23696,3052,45200
-23676,2939,45271
-24991,3355,48592
-25111,3521,50723
-25118,3506,50741
-25133,3469,50783
-25141,3447,50807
-25156,3403,50852
-25186,3317,50943
-25055,3415,50720
-25193,3296,50965
-25064,3396,50743
-25073,3378,50764
-25081,3363,50784
-25088,3347,50803
-25096,3332,50822
-25104,3317,50841
-25111,3302,50860
-25119,3287,50879
-25126,3273,50897
-25141,3238,50938
-25149,3218,50960
-25164,3179,51003
-25075,3215,50866
-25083,3200,50886
-25195,3101,51089
-25091,3184,50905
-25098,3169,50924
-25106,3154,50943
-25113,3139,50962
-25121,3124,50981
-25128,3109,50999
-25135,3095,51017
-23638,2841,45283
-23639,2753,45329
-23640,2664,45375
-23598,2605,45396
-24964,2957,48808
-25202,3082,51111
-25142,3080,51036
-25157,3046,51075
-25165,3027,51097
-25180,2988,51140
-25094,3024,51005
-25102,3009,51025
-25207,2924,51216
-25109,2993,51044
-25214,2908,51235
-25117,2978,51063
-25124,2963,51081
-25131,2948,51100
-25139,2934,51118
-25146,2919,51136
-25153,2905,51154
-25159,2893,51171
-25173,2865,51206
-25179,2849,51225
-25193,2818,51263
-25115,2836,51143
-25219,2756,51337
-25122,2821,51162
-25226,2740,51356
-25129,2808,51179
-25136,2795,51196
-25142,2783,51212
-25149,2772,51229
-25155,2760,51245
-25162,2748,51261
-25168,2737,51277
-25174,2725,51293
-25187,2698,51327
-25194,2683,51346
-25207,2652,51383
-25133,2667,51268
-25140,2655,51285
-25146,2643,51301
-23584,2463,45455
-23585,2376,45500
-23586,2289,45545
-23531,2268,45532
-23534,2097,45621
-24937,2561,49021
-25233,2591,51456
-25239,2576,51474
-25153,2631,51318
-25159,2619,51334
-25165,2607,51350
-25172,2596,51366
-25178,2584,51381
-25184,2573,51397
-25190,2561,51413
-25203,2535,51446
-25209,2520,51465
-25222,2489,51501
-25152,2506,51388
-25246,2440,51566
-25158,2493,51405
-25252,2428,51582
-25165,2482,51421
-25171,2470,51437
-25177,2458,51453
-25183,2446,51469
-25189,2435,51484
-25195,2425,51499
-25201,2417,51513
-25207,2408,51527
-25218,2387,51556
-25224,2375,51573
-25236,2352,51605
-25260,2305,51668
-25266,2294,51683
-25171,2355,51502
-25177,2346,51517
-25183,2337,51531
-25189,2328,51546
-25195,2319,51560
-25201,2310,51574
-25206,2301,51588
-25212,2293,51601
-25218,2284,51615
-25223,2275,51629
-25235,2255,51658
-25240,2244,51674
-25252,2221,51705
-25191,2227,51604
-25196,2218,51619
-25202,2209,51633
-23535,2011,45666
-23536,1925,45710
-23484,1913,45693
-23486,1744,45782
-23488,1659,45826
-24907,2177,49226
-24878,1794,49429
-25275,2175,51766
-25281,2164,51782
-25208,2200,51647
-25213,2191,51661
-25219,2182,51674
-25225,2173,51688
-25230,2165,51701
-25235,2156,51715
-25241,2148,51728
-25252,2128,51757
-25258,2119,51771
-25269,2102,51798
-25291,2069,51853
-25297,2061,51866
-25211,2105,51703
-25217,2099,51715
-25222,2092,51728
-25228,2086,51741
-25233,2079,51753
-25239,2073,51765
-25244,2066,51778
-25249,2060,51790
-25260,2048,51813
-25254,2054,51802
-25270,2033,51839
-25276,2025,51852
-25287,2009,51879
-25233,2017,51784
-25308,1977,51932
-25238,2010,51797
-25314,1969,51945
-25244,2004,51809
-25249,1997,51822
-25260,1985,51846
-25254,1991,51834
-25265,1978,51858
-25270,1972,51870
-25275,1966,51881
-25280,1960,51893
-25290,1946,51918
-25296,1938,51931
-25306,1922,51957
-25257,1937,51863
-25262,1932,51874
-25328,1900,52004
-25278,1919,51907
-25333,1894,52016
-25267,1928,51885
-25272,1923,51896
-25283,1915,51918
-25293,1906,51939
-25288,1910,51929
-25298,1902,51950
-25303,1898,51961
-25313,1888,51983
-25283,1894,51924
-25318,1883,51994
-25288,1889,51935
-25329,1873,52017
-25293,1885,51946
-25298,1881,51957
-25303,1876,51967
-25313,1868,51988
-25308,1872,51978
-25350,1853,52063
-25323,1859,52009
-25318,1863,51999
-25310,1854,51983
-25315,1850,51994
-25355,1848,52074
-25327,1855,52019
-25325,1841,52015
-25343,1841,52052
-25320,1846,52005
-25337,1846,52041
-25329,1837,52026
-25339,1829,52046
-25334,1833,52036
-25353,1831,52075
-25344,1825,52057
-25337,1815,52043
-25374,1812,52119
-25342,1811,52054
-25353,1816,52077
-25348,1821,52067
-25379,1807,52130
-25363,1808,52098
-25356,1799,52084
-25351,1803,52074
-25368,1803,52109
-25346,1807,52064
-25361,1795,52094
-25378,1793,52130
-25370,1786,52114
-25365,1790,52104
-25364,1776,52103
-25379,1779,52134
-25374,1782,52124
-23489,1574,45870
-23439,1572,45849
-23442,1405,45936
-23444,1322,45980
-23445,1238,46024
-23398,1246,45999
-24849,1413,49632
-25369,1772,52113
-25398,1775,52173
-25403,1770,52184
-25373,1768,52123
-25388,1770,52154
-25378,1764,52133
-25387,1756,52152
-25393,1765,52165
-25403,1756,52186
-25382,1760,52143
-25405,1741,52190
-25396,1748,52172
-25391,1752,52162
-25400,1744,52181
-25423,1738,52227
-25396,1733,52172
-25391,1737,52162
-25405,1726,52191
-25414,1732,52210
-25400,1729,52182
-25419,1728,52221
-25427,1733,52238
-25409,1722,52201
-25418,1714,52220
-25413,1718,52210
-25428,1719,52241
-25431,1703,52247
-25422,1710,52229
-25426,1706,52238
-25418,1698,52222
-25452,1697,52292
-25447,1701,52282
-25423,1695,52231
-25440,1695,52266
-25436,1683,52259
-25427,1691,52241
-25431,1687,52250
-25444,1690,52277
-25453,1682,52296
-25440,1679,52268
-25444,1676,52277
-25448,1672,52286
-25452,1668,52295
-25472,1664,52336
-25445,1659,52281
-25476,1660,52345
-25456,1665,52304
-25454,1652,52300
-25470,1653,52333
-25465,1657,52323
-25449,1656,52291
-25479,1644,52352
-25458,1648,52309
-25462,1645,52318
-25470,1637,52335
-25466,1641,52327
-25501,1624,52399
-25474,1634,52344
-25482,1627,52361
-25478,1630,52353
-25496,1628,52390
-25491,1619,52379
-25485,1610,52367
-25481,1613,52359
-25472,1620,52341
-25489,1606,52376
-25504,1607,52407
-25476,1617,52350
-25495,1615,52389
-25497,1599,52393
-25493,1603,52385
-25521,1591,52444
-25500,1596,52401
-25504,1592,52410
-25508,1589,52418
-25525,1587,52453
-25521,1578,52445
-25499,1581,52400
-25516,1582,52435
-25503,1578,52409
-25507,1574,52418
-25515,1568,52434
-25511,1571,52426
-25529,1570,52463
-25527,1558,52459
-25523,1561,52451
-25519,1564,52443
-25550,1550,52507
-25534,1551,52475
-25530,1554,52467
-25545,1554,52498
-25542,1544,52492
-25526,1542,52460
-25546,1540,52500
-25530,1539,52468
-25542,1529,52493
-25538,1532,52485
-25554,1533,52518
-25534,1536,52477
-25545,1526,52501
-25553,1519,52516
-25570,1518,52552
-25549,1523,52509
-25560,1513,52532
-25556,1516,52524
-25574,1514,52561
-25554,1504,52520
-25565,1494,52543
-25571,1503,52556
-25567,1506,52548
-25561,1497,52536
-25579,1495,52573
-25557,1500,52528
-25595,1481,52606
-25572,1488,52559
-25568,1491,52551
-25579,1481,52574
-25575,1484,52566
-25582,1478,52581
-25598,1477,52615
-25586,1475,52589
-25581,1465,52579
-25597,1465,52612
-25593,1469,52604
-25588,1458,52594
-25584,1461,52587
-25595,1452,52609
-25602,1446,52624
-25591,1455,52602
-25605,1443,52631
-25604,1458,52629
-25598,1449,52617
-25619,1444,52661
-25623,1441,52668
-25612,1437,52646
-25619,1431,52661
-25608,1440,52639
-25608,1426,52639
-25622,1428,52668
-25611,1423,52646
-25615,1420,52653
-25630,1421,52684
-25625,1411,52675
-25618,1417,52661
-25628,1408,52682
-25644,1407,52715
-25621,1414,52668
-25638,1399,52703
-25631,1405,52689
-25648,1390,52724
-25647,1404,52722
-25634,1402,52696
-25644,1393,52717
-25655,1384,52739
-25635,1387,52698
-25645,1378,52719
-25638,1384,52705
-25648,1375,52726
-25641,1381,52712
-25651,1372,52733
-25654,1370,52740
-25668,1371,52769
-25672,1368,52776
-25657,1367,52746
-25670,1356,52773
-25663,1362,52759
-25660,1364,52753
-25673,1353,52780
-25662,1348,52758
-25680,1346,52795
-23401,1081,46085
-23403,999,46128
-23405,916,46171
-23359,926,46146
-24830,1081,49812
-25668,1342,52771
-25665,1345,52765
-25693,1334,52823
-25674,1337,52784
-25671,1339,52778
-25677,1334,52791
-25699,1315,52836
-25680,1331,52797
-25696,1331,52830
-25689,1324,52816
-25686,1326,52810
-25683,1329,52804
-25695,1318,52830
-25689,1309,52817
-25705,1309,52850
-25718,1297,52877
-25695,1303,52830
-25692,1306,52824
-25704,1296,52849
-25721,1294,52884
-25701,1298,52843
-25698,1301,52837
-25710,1291,52861
-25707,1293,52855
-25715,1286,52873
-25712,1288,52867
-25724,1278,52892
-25721,1280,52886
-25728,1260,52901
-25725,1262,52895
-25722,1265,52889
-25719,1267,52883
-25716,1270,52877
-25730,1272,52906
-25742,1261,52931
-25733,1255,52913
-25730,1257,52907
-25745,1258,52938
-25736,1252,52919
-25750,1240,52948
-25747,1243,52942
-25741,1248,52930
-25738,1250,52924
-25755,1235,52961
-25749,1226,52948
-25767,1224,52985
-25746,1228,52942
-25757,1219,52965
-25770,1221,52992
-25762,1214,52976
-25743,1231,52937
-25754,1221,52960
-25751,1223,52954
-25759,1217,52971
-25767,1210,52987
-25775,1202,53004
-25772,1205,52998
-25764,1212,52982
-25780,1197,53016
-25770,1192,52996
-25776,1187,53007
-25786,1178,53028
-25781,1183,53018
-25794,1185,53045
-25773,1189,53002
-25783,1180,53023
-25778,1185,53013
-25793,1172,53044
-25791,1187,53040
-25788,1176,53034
-25790,1174,53039
-25798,1167,53055
-25806,1160,53072
-25800,1165,53060
-25798,1153,53056
-25800,1150,53061
-25816,1150,53094
-25802,1148,53066
-25818,1148,53099
-25805,1146,53071
-25812,1140,53086
-25807,1144,53076
-25819,1134,53101
-25814,1138,53091
-25809,1142,53081
-25826,1127,53116
-25816,1136,53096
-25823,1130,53111
-25831,1123,53127
-25825,1114,53115
-25827,1112,53120
-25843,1111,53153
-25836,1104,53139
-25834,1106,53135
-25829,1110,53125
-25840,1114,53148
-25831,1108,53130
-25838,1102,53144
-25849,1092,53167
-25842,1098,53153
-25840,1100,53149
-25856,1086,53182
-25851,1090,53172
-25844,1096,53158
-25854,1073,53179
-25852,1075,53175
-25865,1077,53202
-25856,1071,53184
-25867,1075,53207
-25862,1065,53197
-25860,1067,53193
-25858,1069,53189
-25868,1060,53210
-25866,1062,53206
-25864,1064,53202
-25870,1058,53215
-25877,1052,53228
-25875,1054,53224
-25890,1040,53256
-25881,1048,53238
-25879,1036,53234
-25892,1038,53261
-25883,1032,53243
-25881,1034,53239
-25889,1027,53255
-25887,1029,53251
-25885,1030,53247
-25891,1025,53260
-25902,1015,53284
-25900,1017,53280
-25896,1020,53272
-25894,1022,53268
-25892,1024,53264
-25906,1011,53293
-25914,1004,53310
-25912,992,53306
-25910,993,53302
-25908,995,53298
-25906,997,53294
-25919,986,53321
-25917,987,53317
-25916,1002,53315
-25915,989,53314
-25913,990,53310
-25922,982,53329
-25920,984,53325
-25928,977,53340
-25926,979,53336
-25941,965,53368
-25939,967,53364
-25931,974,53348
-25937,955,53361
-25935,956,53357
-25938,953,53364
-25933,958,53354
-25942,950,53372
-25940,952,53368
-25948,945,53385
-25945,947,53379
-25943,949,53375
-25957,937,53404
-25953,940,53396
-25946,946,53382
-25951,942,53393
-25965,929,53422
-25963,930,53419
-25962,917,53416
-25965,915,53423
-25960,919,53413
-25971,909,53436
-25968,912,53430
-25966,913,53426
-25963,916,53420
-25972,908,53439
-25969,911,53433
-23362,763,46231
-23364,681,46274
-23365,601,46316
-23320,608,46292
-23323,447,46376
-24823,824,49959
-24825,627,50077
-24834,464,50182
-22570,509,45952
-22570,509,45952
-22570,509,45952
-22570,509,45952
-22570,509,45952
-22570,509,45952
-22570,509,45952
-22570,509,45952
-22570,509,45952
-22570,509,45952
-22570,509,45952
-22570,509,45952
-22570,509,45952
-22570,509,45952
-22570,509,45952
-22570,509,45952
-22570,509,45952
-22570,509,45952
-22570,509,45952
-22570,509,45952
-22570,509,45952
-22570,509,45952
-22570,509,45952
-22570,509,45952
-22570,509,45952
-22570,509,45952
-22570,509,45952
-22570,509,45952
-22570,509,45952
-22570,509,45952
-22570,509,45952
-22570,509,45952
-22570,509,45952
-22570,509,45952
-22570,509,45952
-22570,509,45952
-22570,509,45952
-22570,509,45952
-22570,509,45952
-22570,509,45952
-22570,509,45952
-22570,509,45952
-22570,509,45952
-22570,509,45952
-22570,509,45952
-22570,509,45952
-22570,509,45952
-22570,509,45952
-22570,509,45952
-22570,509,45952
-22570,509,45952
-22570,509,45952
-22570,509,45952
-22570,509,45952
-22570,509,45952
-22570,509,45952
-22570,509,45952
-22570,509,45952
-22570,509,45952
-22570,509,45952
-22570,509,45952
-22570,509,45952
-22570,509,45952
-22570,509,45952
-22570,509,45952
-22570,509,45952
-22570,509,45952
-22570,509,45952
-22570,509,45952
-22570,509,45952
-22570,509,45952
-22570,509,45952
-22570,509,45952
-22570,509,45952
-22570,509,45952
-22570,509,45952
-22570,509,45952
-22570,509,45952
-22570,509,45952
-22570,509,45952
-22570,509,45952
-22570,509,45952
-22570,509,45952
-22570,509,45952
-22570,509,45952
-22570,509,45952
-22570,509,45952
-22570,509,45952
-22570,509,45952
-22570,509,45952
-22570,509,45952
-22570,509,45952
-22570,509,45952
-22570,509,45952
-22570,509,45952
-22570,509,45952
-22570,509,45952
-22570,509,45952
-22570,509,45952
-22570,509,45952
-22570,509,45952
-22570,509,45952
-22570,509,45952
-22570,509,45952
-22570,509,45952
-22570,509,45952
-22570,509,45952
-22570,509,45952
-22570,509,45952
-22570,509,45952
-22570,509,45952
-22570,509,45952
-22570,509,45952
-22570,509,45952
-22570,509,45952
-22570,509,45952
-22570,509,45952
-22570,509,45952
-22570,509,45952
-22570,509,45952
-22570,509,45952
-22570,509,45952
-22570,509,45952
-22570,509,45952
-22570,509,45952
-22570,509,45952
-22570,509,45952
-22570,509,45952
-22570,509,45952
-22570,509,45952
-22570,509,45952
-22570,509,45952
-22570,509,45952
-22570,509,45952
-22570,509,45952
-22570,509,45952
-22570,509,45952
-22570,509,45952
-22570,509,45952
-22570,509,45952
-22570,509,45952
-22570,509,45952
-22570,509,45952
-22570,509,45952
-22570,509,45952
-22570,509,45952
-22570,509,45952
-22570,509,45952
-22570,509,45952
-22570,509,45952
-22570,509,45952
-22570,509,45952
-22570,509,45952
-22570,509,45952
-22570,509,45952
-22570,509,45952
-22570,509,45952
-22570,509,45952
-22570,509,45952
-22570,509,45952
-22570,509,45952
-22570,509,45952
-22570,509,45952
-22570,509,45952
-22570,509,45952
-22570,509,45952
-22570,509,45952
-22570,509,45952
-22570,509,45952
-22570,509,45952
-22570,509,45952
-22570,509,45952
-22570,509,45952
-22570,509,45952
-22570,509,45952
-22570,509,45952
-22570,509,45952
-22570,509,45952
-22570,509,45952
-22570,509,45952
-22570,509,45952
-22570,509,45952
-22570,509,45952
-22570,509,45952
-22570,509,45952
-22570,509,45952
-22570,509,45952
-22570,509,45952
-22570,509,45952
-22570,509,45952
-22570,509,45952
-22570,509,45952
-22570,509,45952
-22570,509,45952
-22570,509,45952
-22570,509,45952
-22570,509,45952
-22570,509,45952
-22570,509,45952
-22570,509,45952
-22570,509,45952
-22570,509,45952
-22570,509,45952
-22570,509,45952
-22570,509,45952
-22570,509,45952
-22570,509,45952
-22570,509,45952
-22570,509,45952
-22570,509,45952
-22570,509,45952
-22570,509,45952
-22570,509,45952
-22570,509,45952
-22570,509,45952
-22570,509,45952
-22570,509,45952
-22570,509,45952
-22570,509,45952
-22570,509,45952
-22570,509,45952
-22570,509,45952
-22570,509,45952
-22570,509,45952
-22570,509,45952
-22570,509,45952
-22570,509,45952
-22570,509,45952
-22570,509,45952
-22570,509,45952
-22570,509,45952
-22570,509,45952
-22570,509,45952
-22570,509,45952
-22570,509,45952
-22570,509,45952
-22570,509,45952
-22570,509,45952
-22570,509,45952
-22570,509,45952
-22570,509,45952
-22570,509,45952
-22570,509,45952
-22570,509,45952
-22570,509,45952
-22570,509,45952
-22570,509,45952
-22570,509,45952
-22570,509,45952
-22570,509,45952
-22570,509,45952
-22570,509,45952
-22570,509,45952
-22570,509,45952
-22570,509,45952
-22570,509,45952
-22570,509,45952
-22570,509,45952
-22570,509,45952
-22570,509,45952
-22570,509,45952
-22570,509,45952
-22570,509,45952
-22570,509,45952
-22570,509,45952
-22570,509,45952
-22570,509,45952
-22570,509,45952
-22570,509,45952
-22570,509,45952
-22570,509,45952
-22570,509,45952
-22570,509,45952
-22570,509,45952
-22570,509,45952
-22570,509,45952
-22570,509,45952
-22570,509,45952
-22570,509,45952
-22570,509,45952
-22570,509,45952
-22570,509,45952
-22570,509,45952
-22570,509,45952
-22570,509,45952
-22570,509,45952
-22570,509,45952
-22570,509,45952
-22570,509,45952
-22570,509,45952
-22570,509,45952
-22570,509,45952
-22570,509,45952
-22570,509,45952
-22570,509,45952
-22570,509,45952
-22570,509,45952
-22570,509,45952
-22570,509,45952
-22570,509,45952
-22570,509,45952
-22570,509,45952
-22570,509,45952
-22570,509,45952
-22570,509,45952
-22570,509,45952
-22570,509,45952
-22570,509,45952
-22570,509,45952
-22570,509,45952
-22570,509,45952
-22570,509,45952
-22570,509,45952
-22570,509,45952
-22570,509,45952
-22570,509,45952
-22570,509,45952
-22570,509,45952
-22570,509,45952
-22570,509,45952
-22570,509,45952
-22570,509,45952
-22570,509,45952
-22570,509,45952
-22570,509,45952
-22570,509,45952
-22570,509,45952
-22570,509,45952
-22570,509,45952
-22570,509,45952
-22570,509,45952
-22570,509,45952
-22570,509,45952
-22570,509,45952
-22570,509,45952
-22570,509,45952
-22570,509,45952
-22570,509,45952
-22570,509,45952
-22570,509,45952
-22570,509,45952
-22570,509,45952
-22570,509,45952
-22570,509,45952
-22570,509,45952
-22570,509,45952
-22570,509,45952
-22570,509,45952
-22570,509,45952
-22570,509,45952
-22570,509,45952
-22570,509,45952
-22570,509,45952
-22570,509,45952
-22570,509,45952
-22570,509,45952
-22570,509,45952
-22570,509,45952
-22570,509,45952
-22570,509,45952
-22570,509,45952
-22570,509,45952
-22570,509,45952
-22570,509,45952
-22570,509,45952
-22570,509,45952
-22570,509,45952
-22570,509,45952
-22570,509,45952
-22570,509,45952
-22570,509,45952
-22570,509,45952
-22570,509,45952
-22570,509,45952
-22570,509,45952
-22570,509,45952
-22570,509,45952
-22570,509,45952
-22570,509,45952
-22570,509,45952
-22570,509,45952
-22570,509,45952
-22570,509,45952
-22570,509,45952
-22570,509,45952
-22570,509,45952
-22570,509,45952
-22570,509,45952
-22570,509,45952
-22570,509,45952
-22570,509,45952
-22570,509,45952
-22570,509,45952
-22570,509,45952
-22570,509,45952
-22570,509,45952
-22570,509,45952
-22570,509,45952
-22570,509,45952
-22570,509,45952
-22570,509,45952
-22570,509,45952
-22570,509,45952
-22570,509,45952
-22570,509,45952
-22570,509,45952
-22570,509,45952
-22570,509,45952
-22570,509,45952
-22570,509,45952
-22570,509,45952
-22570,509,45952
-22570,509,45952
-22570,509,45952
-22570,509,45952
-22570,509,45952
-22570,509,45952
-22570,509,45952
-22570,509,45952
-22570,509,45952
-22570,509,45952
-22570,509,45952
-22570,509,45952
-22570,509,45952
-22570,509,45952
-22570,509,45952
-22570,509,45952
-22570,509,45952
-22570,509,45952
-22570,509,45952
-22570,509,45952
-22570,509,45952
-22570,509,45952
-22570,509,45952
-22570,509,45952
-22570,509,45952
-22570,509,45952
-22570,509,45952
-22570,509,45952
-22570,509,45952
-22570,509,45952
-22570,509,45952
-22570,509,45952
-22570,509,45952
-22570,509,45952
-22570,509,45952
-22570,509,45952
-22570,509,45952
-22570,509,45952
-22570,509,45952
-22570,509,45952
-22570,509,45952
-22570,509,45952
-22570,509,45952
-22570,509,45952
-22570,509,45952
-22570,509,45952
-22570,509,45952
-22570,509,45952
-22570,509,45952
-22570,509,45952
-22570,509,45952
-22570,509,45952
-22570,509,45952
-22570,509,45952
-22570,509,45952
-22570,509,45952
-22570,509,45952
-22570,509,45952
-22570,509,45952
-22570,509,45952
-22570,509,45952
-22570,509,45952
-22570,509,45952
-22570,509,45952
-22570,509,45952
-22570,509,45952
-22570,509,45952
-22570,509,45952
-22570,509,45952
-22570,509,45952
-22570,509,45952
-22570,509,45952
-22570,509,45952
-22570,509,45952
-22570,509,45952
-22570,509,45952
-22570,509,45952
-22570,509,45952
-22570,509,45952
-22570,509,45952
-22570,509,45952
-22570,509,45952
-22570,509,45952
-22570,509,45952
-22570,509,45952
-22570,509,45952
-22570,509,45952
-22570,509,45952
-22570,509,45952
-22570,509,45952
-22570,509,45952
-22570,509,45952
-22570,509,45952
-22570,509,45952
-22570,509,45952
-22570,509,45952
-22570,509,45952
-22570,509,45952
-22570,509,45952
-22570,509,45952
-22570,509,45952
-22570,509,45952
-22570,509,45952
-22570,509,45952
-22570,509,45952
-22570,509,45952
-22570,509,45952
-22570,509,45952
-22570,509,45952
-22570,509,45952
-22570,509,45952
-22570,509,45952
-22570,509,45952
-22570,509,45952
-22570,509,45952
-22570,509,45952
-22570,509,45952
-22570,509,45952
-22570,509,45952
-22570,509,45952
-22570,509,45952
-22570,509,45952
-22570,509,45952
-22570,509,45952
-22570,509,45952
-22570,509,45952
-22570,509,45952
-22570,509,45952
-22570,509,45952
-22570,509,45952
-22570,509,45952
-22570,509,45952
-22570,509,45952
-22570,509,45952
-22570,509,45952
-22570,509,45952
-22570,509,45952
-22570,509,45952
-22570,509,45952
-22570,509,45952
-22570,509,45952
-22570,509,45952
-22570,509,45952
-22570,509,45952
-22570,509,45952
-22570,509,45952
-22570,509,45952
-22570,509,45952
-22570,509,45952
-22570,509,45952
-22570,509,45952
-22570,509,45952
-22570,509,45952
-22570,509,45952
-22570,509,45952
-22570,509,45952
-22570,509,45952
-22570,509,45952
-22570,509,45952
-22570,509,45952
-22570,509,45952
-22570,509,45952
-22570,509,45952
-22570,509,45952
-22570,509,45952
-22570,509,45952
-22570,509,45952
-22570,509,45952
-22570,509,45952
-22570,509,45952
-22570,509,45952
-22570,509,45952
-22570,509,45952
-22570,509,45952
-22570,509,45952
-22570,509,45952
-22570,509,45952
-22570,509,45952
-22570,509,45952
-22570,509,45952
-22570,509,45952
-22570,509,45952
-22570,509,45952
-22570,509,45952
-22570,509,45952
-22570,509,45952
-22570,509,45952
-22570,509,45952
-22570,509,45952
-22570,509,45952
-22570,509,45952
-22570,509,45952
-22570,509,45952
-22570,509,45952
-22570,509,45952
-22570,509,45952
-22570,509,45952
-22570,509,45952
-22570,509,45952
-22570,509,45952
-22570,509,45952
-22570,509,45952
-22570,509,45952
-22570,509,45952
-22570,509,45952
-22570,509,45952
-22570,509,45952
-22570,509,45952
-22570,509,45952
-22570,509,45952
-22570,509,45952
-22570,509,45952
-22570,509,45952
-22570,509,45952
-22570,509,45952
-22570,509,45952
-22570,509,45952
-22570,509,45952
-22570,509,45952
-22570,509,45952
-22570,509,45952
-22570,509,45952
-22570,509,45952
-22570,509,45952
-22570,509,45952
-22570,509,45952
-22570,509,45952
-22570,509,45952
-22570,509,45952
-22570,509,45952
-22570,509,45952
-22570,509,45952
-22570,509,45952
-22570,509,45952
-22570,509,45952
-22570,509,45952
-22570,509,45952
-22570,509,45952
-22570,509,45952
-22570,509,45952
-22570,509,45952
-22570,509,45952
-22570,509,45952
-22570,509,45952
-22570,509,45952
-22570,509,45952
-22570,509,45952
-22570,509,45952
-22570,509,45952
-22570,509,45952
-22570,509,45952
-22570,509,45952
-22570,509,45952
-22570,509,45952
-22571,502,45956
-22575,472,45973
-22579,443,45989
-22583,418,46003
-25974,907,53442
-25982,899,53459
-25977,904,53449
-25978,902,53452
-25988,893,53473
-25992,876,53482
-25989,878,53476
-25989,892,53476
-26000,869,53499
-25996,872,53491
-25993,875,53485
-25990,877,53479
-25987,880,53473
-25998,870,53496
-25997,871,53494
-25994,873,53488
-26004,865,53508
-26013,857,53527
-26007,862,53515
-26002,866,53505
-26014,855,53530
-26016,839,53535
-26014,841,53532
-26026,831,53556
-26022,834,53548
-26021,835,53546
-26018,837,53540
-26017,838,53538
-26023,833,53551
-26019,836,53543
-26032,825,53570
-26029,827,53564
-26028,829,53562
-26024,832,53554
-26037,820,53581
-26038,819,53584
-26043,801,53594
-26042,802,53592
-26046,798,53601
-26045,799,53599
-26044,800,53597
-26055,790,53620
-26054,791,53618
-26049,795,53608
-26048,796,53606
-26047,797,53604
-26062,783,53635
-26057,788,53625
-26051,793,53613
-26050,794,53611
-26063,782,53638
-26070,762,53653
-26069,763,53651
-26074,758,53662
-26073,759,53660
-26072,760,53658
-26071,761,53656
-26080,752,53676
-26079,753,53674
-26077,755,53670
-26076,756,53668
-26075,757,53666
-26074,757,53664
-26087,746,53691
-26086,747,53689
-26082,750,53681
-26102,719,53723
-26097,723,53713
-26096,724,53711
-26106,715,53732
-26105,716,53730
-26101,719,53722
-26100,720,53720
-26099,721,53718
-26098,721,53716
-26112,709,53745
-26111,710,53743
-26103,717,53727
-26102,718,53725
-26097,722,53715
-26107,713,53736
-26124,684,53772
-26123,685,53770
-26133,676,53791
-26128,680,53781
-26127,681,53779
-26126,682,53777
-26125,683,53775
-26131,677,53788
-26129,679,53784
-26128,680,53782
-26126,682,53778
-26124,683,53774
-26136,673,53799
-26130,678,53787
-26135,673,53798
-26151,645,53831
-26157,640,53844
-26154,642,53838
-26153,643,53836
-26152,644,53834
-26151,645,53832
-26150,646,53830
-26161,636,53853
-26158,639,53847
-26156,640,53843
-26155,641,53841
-26153,643,53837
-26152,644,53835
-26160,637,53852
-26154,642,53840
-26182,603,53899
-26180,604,53895
-26179,605,53893
-26178,606,53891
-26185,600,53906
-26183,601,53902
-26182,602,53900
-26181,603,53898
-26180,604,53896
-26179,605,53894
-26178,606,53892
-26177,607,53890
-26185,599,53907
-26180,604,53897
-26177,606,53891
-26207,565,53954
-26206,566,53952
-26205,567,53950
-26206,566,53953
-26206,566,53953
-26205,567,53951
-26204,568,53949
-26209,563,53960
-26208,564,53958
-26207,565,53956
-26207,565,53956
-26206,566,53954
-26205,567,53952
-26204,567,53950
-26209,563,53961
-26232,528,54009
-26234,526,54014
-26234,526,54014
-26233,527,54012
-26233,527,54012
-26232,528,54010
-26232,528,54010
-26232,528,54010
-26233,527,54013
-26232,528,54011
-26232,528,54011
-26232,528,54011
-26232,528,54011
-26231,529,54009
-26231,529,54009
-26258,490,54068
-26258,490,54068
-26258,490,54068
-26258,490,54068
-26258,490,54068
-26258,490,54068
-26258,490,54068
-26258,490,54068
-26258,490,54068
-26258,490,54068
-26258,490,54068
-26258,490,54068
-26258,490,54068
-26258,490,54068
-26258,490,54068
-26258,490,54068
-23325,380,46411
-23326,313,46447
-23281,292,46437
-23284,159,46507
-23285,93,46542
-23287,26,46577
-23242,5,46567
-24844,303,50285
-24853,158,50380
-24863,25,50467
-22590,367,46031
-22595,334,46050
-22600,302,46068
-22603,284,46078
-22610,238,46105
-22616,201,46125
-22622,167,46145
-22623,156,46152
-22631,113,46176
-22637,74,46199
-22644,37,46221
-22644,33,46223
13974,-156,-154226
13973,-212,-154236
13973,-227,-154237
13973,-221,-154238
13973,-232,-154239
13973,-229,-154239
13973,-231,-154239
13973,-231,-154239
13973,-232,-154239
13973,-232,-154239
13973,-227,-154239
13973,-232,-154240
13973,-174,-154229
13973,-189,-154232
13972,-212,-154233
13973,-202,-154234
13972,-221,-154235
13971,-189,-154224
13971,-202,-154229
13970,-174,-154218
