-22710,-314,46430
-22721,-340,46449
-22702,-257,46397
-22732,-351,46459
-22690,-213,46369
-22713,-277,46412
-22683,-169,46344
-22695,-198,46364
-22670,-108,46306
-22676,-116,46313
-22665,-77,46288
-22744,-327,46451
-22726,-264,46410
-22764,-383,46489
-22707,-196,46368
-22658,-29,46261
-22689,-125,46323
-22672,-50,46277
-24932,-355,50757
-24980,-418,50841
-24964,-375,50801
-22880,-390,46551
-24922,-259,50690
-24973,-321,50775
-24957,-277,50734
-24913,-149,50616
-24967,-220,50707
-22919,-338,46544
-24950,-174,50664
-24905,-19,50532
-24962,-101,50630
-24945,-44,50580
-22962,-266,46528
-23052,-387,46644
-23009,-144,46489
-23103,-246,46599
-23177,-304,46675
-23162,-65,46535
-23240,-100,46603
-23291,-174,46683
-24284,-287,48180
13958,53,-154113
13956,97,-154090
13960,12,-154134
13950,199,-154034
13953,146,-154063
-22815,-751,46709
-22794,-673,46657
-22772,-591,46604
-22751,-503,46548
-22731,-411,46490
-22800,-628,46637
-22780,-562,46592
-22760,-492,46546
-22821,-690,46679
-22740,-418,46498
-22842,-747,46720
-22770,-487,46548
-22751,-421,46504
-22790,-548,46589
-22810,-605,46629
-22833,-649,46662
-22859,-670,46687
-22787,-418,46519
-25108,-868,51243
-25087,-822,51196
-25093,-842,51210
-25091,-833,51205
-25075,-804,51170
-25104,-857,51233
-25071,-788,51159
-22814,-431,46539
-25057,-767,51130
-25039,-730,51090
-25075,-797,51167
-22889,-668,46702
-25055,-753,51121
-25058,-762,51129
-25021,-692,51049
-25041,-726,51091
-25039,-715,51083
-25025,-687,51052
-25004,-654,51009
-24987,-613,50967
-25024,-673,51043
-25010,-645,51011
-24970,-569,50924
-25011,-627,51001
-24996,-598,50968
-24956,-520,50879
-24983,-545,50922
-24999,-575,50956
-22845,-421,46550
-24943,-446,50822
-24988,-511,50905
-22924,-643,46707
-24973,-469,50865
-22986,-790,46820
-22962,-598,46704
-23028,-701,46798
-23005,-506,46680
-23073,-592,46767
-23123,-463,46728
-23224,-690,46918
-23253,-456,46811
-24242,-592,48323
13947,258,-154000
13944,322,-153963
13940,392,-153921
13937,467,-153874
-22837,-824,46759
-22860,-893,46807
-22882,-958,46853
-22905,-1018,46897
-22928,-1074,46939
-22951,-1125,46979
-22863,-799,46758
-22975,-1171,47017
-22888,-832,46788
-23001,-1202,47049
-22917,-841,46808
-25254,-1178,51573
-25272,-1216,51613
-25285,-1238,51641
-25308,-1290,51694
-25218,-1104,51492
-25243,-1151,51547
-25290,-1253,51653
-25294,-1258,51661
-25318,-1308,51716
-25252,-1169,51567
-25209,-1081,51471
-25302,-1273,51679
-25236,-1134,51530
-25236,-1141,51532
-25260,-1187,51585
-25219,-1100,51493
-25311,-1293,51699
-25200,-1066,51452
-25203,-1065,51456
-25226,-1116,51509
-25277,-1222,51623
-25186,-1030,51419
-25269,-1204,51604
-25183,-1029,51412
-25176,-1010,51395
-25153,-961,51344
-25193,-1045,51433
-25147,-954,51331
-25111,-879,51251
-25159,-974,51357
-25165,-991,51371
-25170,-996,51381
-25125,-904,51281
-25129,-917,51291
-25137,-926,51307
-25142,-939,51319
-25120,-892,51270
-22949,-828,46820
-23067,-1160,47068
-23106,-1090,47056
-23150,-997,47034
-23197,-884,47003
-24162,-1184,48602
-24201,-896,48466
13932,550,-153822
13928,639,-153765
-23031,-1209,47070
-25351,-1377,51790
-25344,-1364,51775
-25326,-1328,51734
-25397,-1477,51895
-25384,-1446,51864
-25361,-1399,51813
-25344,-1365,51774
-25368,-1412,51827
-25415,-1515,51935
-25328,-1328,51737
-25378,-1435,51851
-25380,-1440,51855
-25335,-1342,51753
-25362,-1403,51814
-25433,-1552,51975
-25417,-1516,51938
-25395,-1470,51889
-25401,-1481,51901
-25450,-1585,52013
-25434,-1550,51976
-25412,-1505,51927
-25462,-1612,52041
-25451,-1590,52016
-25429,-1541,51965
-25479,-1647,52079
-25467,-1620,52050
-25446,-1576,52003
-25469,-1627,52056
-25496,-1682,52117
-25487,-1664,52096
-25483,-1654,52087
-25513,-1718,52155
-25516,-1724,52161
-25500,-1689,52124
-25523,-1739,52177
-25505,-1702,52136
-25530,-1753,52193
-25533,-1758,52198
-25541,-1777,52217
-24113,-1622,48814
-24134,-1421,48716
13923,736,-153701
13918,841,-153632
13912,955,-153555
-25549,-1793,52236
-25547,-1789,52231
-25559,-1814,52257
-25564,-1824,52269
-25566,-1828,52273
-25576,-1851,52297
-25581,-1859,52306
-25582,-1862,52310
-25594,-1889,52338
-25597,-1895,52344
-25612,-1926,52378
-25599,-1897,52347
-25614,-1930,52382
-25615,-1932,52384
-25630,-1964,52418
-25631,-1966,52420
-25632,-1966,52421
-24093,-2036,49033
-24094,-1951,48987
-24096,-1865,48939
-24101,-1765,48885
-24123,-2473,49301
-24131,-2500,49321
-24110,-2412,49258
-24117,-2444,49280
-24139,-2525,49340
-24105,-2377,49235
-24100,-2340,49210
-24097,-2298,49184
-24094,-2253,49156
-24092,-2197,49123
-24092,-2118,49079
-24146,-2550,49360
-24154,-2575,49379
-24162,-2601,49398
-24170,-2626,49417
-24178,-2651,49436
-24186,-2676,49455
-24194,-2701,49474
-24202,-2726,49494
-24209,-2751,49513
-24217,-2776,49532
-24225,-2801,49551
-24233,-2826,49570
-24241,-2851,49589
-24249,-2876,49608
-24257,-2901,49628
-24265,-2926,49647
-24272,-2952,49666
-24280,-2977,49685
-24288,-3002,49704
-24296,-3027,49723
-24304,-3052,49742
-24312,-3077,49762
-24320,-3102,49781
-24327,-3127,49800
-24335,-3152,49819
-24343,-3177,49838
-24351,-3202,49857
-24359,-3227,49876
-24367,-3252,49896
-24375,-3278,49915
-24383,-3303,49934
-24390,-3328,49953
-24398,-3353,49972
-24406,-3378,49991
13946,3678,-152242
13978,3586,-152324
13911,3781,-152152
13872,3894,-152054
13831,4017,-151949
13788,4151,-151835
13742,4294,-151714
13694,4447,-151586
13644,4610,-151450
13591,4783,-151306
13536,4967,-151154
13479,5161,-150993
13419,5367,-150823
13356,5584,-150644
13290,5813,-150454
13222,6055,-150255
13150,6310,-150044
13075,6579,-149822
12995,6862,-149588
12907,7160,-149336
13106,13166,-146302
13047,13332,-146145
12988,13506,-145980
12927,13690,-145809
12862,13884,-145628
12793,14088,-145436
12719,14301,-145235
12640,14525,-145022
12553,14760,-144795
12457,15005,-144550
12350,15261,-144288
12234,15529,-144008
12110,15809,-143711
11980,16100,-143397
11844,16405,-143068
11703,16722,-142724
11557,17052,-142365
11404,17395,-141988
11245,17753,-141595
11079,18126,-141184
12504,26414,-137575
12373,26650,-137297
12233,26892,-137004
12087,27141,-136698
11937,27397,-136383
11784,27659,-136058
11628,27929,-135723
11469,28207,-135378
11306,28493,-135023
11139,28787,-134657
10969,29091,-134281
10796,29404,-133895
10619,29726,-133498
10439,30059,-133091
10254,30402,-132672
10066,30756,-132241
9873,31120,-131797
9675,31497,-131340
9472,31885,-130868
9264,32286,-130383
11854,43149,-126112
11656,43456,-125711
11455,43766,-125303
11252,44079,-124890
11046,44393,-124470
10838,44710,-124044
10628,45032,-123614
10981,47348,-122180
11521,47445,-122585
11320,47686,-122225
10416,45357,-123178
10201,45687,-122735
9983,46021,-122286
9956,46321,-122035
10128,46493,-122060
10470,46837,-122110
10641,47008,-122134
10811,47178,-122157
10993,49427,-120603
11160,51746,-118937
9763,46361,-121829
9539,46705,-121365
9312,47055,-120893
10028,49717,-119517
10205,51917,-117963
10380,52069,-117997
10554,52219,-118032
10901,52509,-118105
9082,47411,-120413
8848,47773,-119923
8610,48142,-119425
8833,49946,-118254
9351,50739,-118117
8953,50758,-117738
9135,50932,-117770
9496,51272,-117833
9675,51438,-117865
10029,51761,-117930
9603,54041,-115734
10455,55001,-115694
10753,55703,-115366
10072,56663,-113979
10425,56888,-114089
8367,48517,-118916
8120,48898,-118396
7868,49284,-117863
8210,50036,-117610
8398,50221,-117643
8403,52160,-116145
8898,55066,-114277
8997,55918,-113665
9179,56050,-113716
9539,56305,-113819
9717,56427,-113872
9895,56547,-113925
10302,59304,-111892
9835,59918,-110958
9894,60814,-110202
7611,49677,-117319
7607,53634,-114242
7874,55038,-113369
8444,55499,-113516
8630,55642,-113565
8231,55558,-113276
9132,57986,-112045
8398,58998,-110536
8628,60188,-109694
8994,60380,-109836
9175,60472,-109908
9356,60561,-109981
9536,60648,-110054
9812,62550,-108529
9146,64190,-106425
9319,64301,-106457
9291,65496,-105266
7349,53985,-113719
7083,54351,-113177
7680,54874,-113321
7909,56480,-112224
7300,59402,-109199
7880,59764,-109411
8069,59877,-109482
8443,60088,-109623
7557,60525,-108453
8619,61545,-108468
7857,62526,-106914
7840,63788,-105727
8029,63862,-105819
8401,63998,-106000
8586,64063,-106091
8770,64125,-106182
8953,64186,-106274
8068,64738,-105014
8711,67478,-102806
8338,67391,-102595
8411,67991,-102033
8752,68233,-102052
6940,58882,-109314
6496,58858,-108919
7103,59273,-109129
7368,60378,-108412
6677,63278,-105177
7267,63548,-105452
7459,63631,-105543
6787,63865,-104730
6818,64837,-103838
7278,65687,-103416
7201,67084,-101954
7393,67141,-102062
7774,67248,-102277
8151,67346,-102489
7963,67299,-102384
7492,67640,-101636
8091,70404,-99201
7709,70338,-98966
7518,70301,-98848
8204,70781,-98877
7658,71436,-97720
6391,61042,-106931
5852,62860,-104804
6476,63181,-105085
6205,63460,-104584
6016,66698,-101299
6616,66902,-101629
6813,66965,-101738
6175,66975,-101164
6681,68563,-99983
6039,68604,-99378
7325,70262,-98729
7132,70222,-98610
6742,70138,-98371
6546,70093,-98251
6149,69997,-98009
6905,70323,-98309
7461,73103,-95672
7648,73156,-95763
7071,73047,-95413
6875,73018,-95284
6679,72986,-95154
6482,72954,-95025
6897,74542,-93518
7094,75349,-92708
6832,75571,-92220
5149,66352,-100820
5809,66623,-101186
5296,66813,-100510
5408,67396,-100034
5545,69810,-97674
5948,69947,-97888
5325,69772,-97510
5105,69701,-97375
6073,71218,-96621
5238,71978,-95036
6313,72804,-95052
6085,72884,-94765
5885,72847,-94634
5481,72766,-94371
5273,72720,-94235
5467,73658,-93333
5724,75087,-91865
6435,75526,-91942
6236,75502,-91803
6036,75476,-91664
5835,75449,-91524
5431,75390,-91244
6542,77381,-89715
6141,77339,-89430
6206,77837,-88846
5802,77800,-88549
5599,77779,-88400
5992,79273,-86774
4402,69443,-96937
4561,70857,-95603
4097,71572,-94341
4897,72392,-94251
4613,72544,-93799
4379,72472,-93644
4237,74739,-90890
4417,74972,-90797
5227,75358,-91103
4804,75278,-90808
4584,75229,-90654
4856,75894,-90109
5137,77195,-88743
5396,77758,-88251
5192,77735,-88102
4776,77680,-87798
4561,77646,-87640
4114,77558,-87310
4233,77944,-86937
4546,79144,-85674
5583,79928,-85538
5389,79875,-85443
5172,79897,-85223
4965,79879,-85065
4758,79860,-84907
4547,79837,-84745
5444,81038,-83885
4963,81863,-82295
4545,81837,-81961
4332,81819,-81792
4641,82183,-81548
4893,82662,-81054
3621,72193,-93129
3683,73903,-91272
3885,75043,-90161
3633,74961,-89980
2810,74641,-89380
2822,75535,-88340
3562,76876,-87584
2766,76576,-87013
3882,77505,-87138
3130,77288,-86574
2857,77192,-86366
3577,77637,-86646
2864,78813,-84316
4110,79774,-84409
3883,79734,-84235
3412,79635,-83870
3162,79571,-83675
3601,79829,-83812
3947,80943,-82650
4115,81795,-81619
3893,81766,-81441
3432,81692,-81073
3194,81645,-80881
2956,81563,-80728
3338,82609,-79666
4332,83595,-79138
3905,83589,-78770
3683,83577,-78581
3456,83557,-78389
3223,83531,-78192
4329,84107,-78304
3872,84201,-77775
3669,85084,-76095
3225,85102,-75681
2996,85102,-75467
3738,85362,-75653
3047,85863,-74164
3134,86495,-73072
1978,76825,-85684
1814,78920,-82811
2348,79305,-83031
1485,78835,-82464
2055,79187,-82793
2702,80000,-82557
2142,80568,-81079
2686,81519,-80471
2416,81436,-80250
1538,81106,-79516
1786,82089,-78513
2284,83153,-77672
2738,83452,-77786
2480,83393,-77569
1927,83228,-77101
1634,83121,-76849
2710,84132,-76734
2762,85096,-75250
1579,84569,-74646
2521,85079,-75029
2000,84988,-74559
1722,84917,-74307
2043,85443,-73869
2981,86381,-73152
2517,86389,-72704
2278,86384,-72472
2028,86367,-72231
1766,86334,-71977
2197,87292,-70687
2519,87514,-70561
2278,87532,-70299
1791,87523,-69811
1530,87498,-69551
1892,88431,-68107
1557,88548,-67509
1131,78778,-82034
1229,80974,-79254
268,80534,-78427
838,80988,-78664
1392,82154,-77864
104,81611,-76696
706,82735,-76037
385,82591,-75752
625,83598,-74677
830,83931,-74503
1131,84724,-73766
822,84606,-73482
834,85752,-71687
1206,86219,-71429
909,86139,-71137
1328,86510,-71091
292,85944,-70524
49,86697,-68814
1257,87457,-69276
972,87398,-68983
371,87235,-68364
586,87426,-68349
58,87135,-68039
1317,88512,-67301
1029,88499,-66956
746,88446,-66657
451,88377,-66346
146,88294,-66022
1250,89250,-65691
809,89428,-64767
233,89320,-64145
386,89520,-63974
587,89969,-63320
24,90169,-62069
-608,82116,-74861
-160,82823,-74567
-137,84198,-72596
-468,84044,-72290
-1301,83959,-71042
-156,84873,-71538
-1168,84440,-70538
-159,85472,-70586
-23,85834,-70208
-1003,85442,-69232
-1339,85294,-68899
-964,85928,-68481
-580,86914,-67371
-905,86796,-67030
-1197,86638,-66814
-747,87510,-65987
-180,88209,-65643
-487,88090,-65345
-810,87978,-64999
-1464,87742,-64295
-70,89242,-63814
-384,89149,-63471
-706,89043,-63119
-963,88878,-62990
-1359,88817,-62402
-593,90007,-61381
-915,89905,-61021
-1243,89794,-60654
-106,90586,-60980
-591,90332,-60712
-791,90786,-59414
-1444,90578,-58671
-824,91107,-58673
-1567,91554,-56394
-1488,83543,-71346
-2377,84804,-67874
-2204,85759,-66611
-2744,85800,-65564
-1901,86414,-65983
-2241,86276,-65624
-1797,86767,-65524
-1796,87617,-63937
-2253,87586,-63166
-2815,87212,-62835
-1554,88214,-63229
-2639,87486,-62641
-1689,88698,-62039
-2358,88447,-61300
-2698,88314,-60925
-2369,88821,-60537
-1754,89459,-60399
-1573,89679,-60284
-2240,89437,-59535
-2578,89310,-59155
-1778,90464,-58291
-2555,89961,-57868
-2114,90345,-57908
-2453,90223,-57523
-1607,90985,-57523
-3136,89965,-56742
-1636,91300,-56805
-2313,91067,-56024
-2655,90944,-55629
-2998,90816,-55231
-2647,91526,-54407
-2496,91743,-54236
-2320,91945,-54140
-3189,91489,-53425
-3080,92290,-51907
-3290,85823,-64515
-3281,86731,-62865
-3163,87066,-62458
-4233,86597,-61294
-4255,87038,-60409
-3739,87884,-59770
-3489,88101,-59829
-4094,87731,-59375
-4372,87522,-59240
-3322,88365,-59630
-3263,89043,-58384
-3611,88902,-57991
-3194,89343,-57908
-4352,88625,-57085
-4411,89001,-56201
-3482,89830,-56346
-4183,89545,-55541
-4537,89396,-55133
-4030,89789,-55341
-3366,90395,-55396
-3344,90685,-54830
-4042,90409,-54018
-4395,90265,-53606
-4184,90767,-52973
-3538,91357,-53016
-3888,91220,-52603
-4241,91079,-52188
-3360,92129,-51700
-3692,91986,-51344
-4067,91857,-50861
-4423,91714,-50438
-4781,91568,-50012
-3843,92596,-49697
-4227,92466,-49192
-4741,92376,-48322
-4608,92862,-47508
-5185,87253,-58168
-4676,88452,-56788
-5038,88296,-56380
-5477,88177,-55736
-5792,87984,-55490
-5221,89073,-54412
-5619,88932,-53890
-5986,88771,-53469
-5508,89521,-52883
-5108,89965,-52773
-4872,90167,-52832
-5468,89811,-52353
-6093,89454,-51808
-4953,90784,-51347
-5312,90633,-50923
-5716,90494,-50372
-5004,91088,-50584
-6036,90322,-50067
-5141,91417,-49583
-5865,91109,-48718
-6229,90952,-48283
-5826,91372,-48226
-4949,92175,-48326
-5312,92024,-47889
-5677,91869,-47450
-6042,91712,-47009
-5098,92752,-46713
-5831,92447,-45819
-6196,92283,-45375
-5790,92678,-45349
-5375,93060,-45357
-5957,92943,-44290
-6114,93191,-43253
-6145,87806,-55131
-7109,88268,-52181
-6589,88709,-52346
-7341,88693,-50794
-6565,89333,-51073
-6938,89167,-50639
-6609,89946,-49663
-6401,90163,-49635
-7705,89138,-49062
-6967,89778,-49261
-7515,89669,-48320
-6560,90781,-47948
-6964,90630,-47406
-7334,90464,-46964
-7839,90053,-46759
-7707,90293,-46512
-6773,91388,-46128
-6642,91618,-45899
-7138,91219,-45687
-7392,91018,-45565
-7865,90865,-44805
-6559,92116,-44932
-6920,91943,-44489
-7640,91584,-43607
-7423,91793,-43631
-6680,92603,-43393
-7039,92426,-42946
-7396,92245,-42502
-6790,92835,-42481
-7751,92059,-42058
-6771,93044,-41940
-7480,92666,-41046
-6814,93235,-41218
-7826,92464,-40607
-7688,92802,-39772
-7503,92980,-39723
-7429,93119,-39313
-8100,92687,-37705
-7938,92829,-37565
-8078,88649,-49312
-7892,89498,-47874
-9035,88947,-46523
-8883,89198,-46300
-8804,89462,-45876
-8445,89930,-45633
-8816,89740,-45186
-8671,90243,-44327
-8229,90679,-44364
-8744,90513,-43469
-9320,90087,-43034
-8181,91177,-43248
-7998,91396,-43167
-8713,91005,-42286
-9453,90347,-41970
-9068,90798,-41848
-8164,91869,-41438
-8454,91667,-41177
-8920,91251,-41006
-8799,91457,-40742
-9479,91011,-39882
-8166,92252,-40174
-8502,92032,-39745
-8821,91807,-39363
-9570,91157,-38899
-9163,91567,-38899
-9489,91322,-38481
-8165,92525,-38869
-8489,92286,-38448
-8811,92041,-38032
-9129,91788,-37619
-9381,91571,-37438
-8403,92442,-37343
-8732,92170,-36879
-9046,91905,-36469
-9360,91637,-36058
-8394,92437,-35912
-8621,92254,-35818
-9023,91896,-35086
-9251,91711,-34987
-9567,91436,-34572
-8831,91978,-34317
-9117,91732,-34008
-9257,91482,-32761
-9937,89124,-43833
-9827,89638,-42816
-9683,89876,-42589
-10293,89417,-42050
-10763,89174,-41253
-10116,90123,-40542
-9688,90583,-40558
-10462,89878,-40108
-10735,89631,-39911
-10155,90335,-39718
-9815,90775,-39455
-10812,90006,-38184
-10490,90414,-37852
-10770,90165,-37598
-10134,90809,-37650
-10457,90544,-37235
-10131,90905,-36931
-9761,91264,-36798
-10077,90996,-36387
-10715,90447,-35561
-9879,91190,-35637
-9675,91367,-35646
-11037,90164,-35143
-10645,90521,-35075
-10308,90817,-34819
-10626,90537,-34404
-9883,91158,-34156
-10360,90750,-33892
-10200,90877,-33739
-10836,90305,-32904
-9752,91168,-33168
-9616,91240,-32927
-10069,90882,-32748
-10387,90594,-32327
-10826,90247,-32204
-9602,91166,-32245
-10706,90304,-31905
-10243,90587,-31390
-9683,90971,-31222
-10564,90295,-30961
-10201,90542,-30816
-10886,90000,-30532
-10086,90579,-30506
-10734,89986,-29635
-10107,90431,-29712
-10567,89959,-28799
-10784,89802,-28747
-10531,89880,-28216
-10959,89317,-26734
-11493,89083,-38803
-11474,89280,-38113
-11145,89730,-37759
-11523,89432,-37180
-12159,88865,-36466
-11435,89704,-35975
-11766,89412,-35549
-11329,89848,-35597
-11190,90004,-35343
-12235,89017,-34628
-12015,89279,-33873
-11858,89431,-33682
-12347,88973,-33444
-11267,89962,-33566
-11141,90065,-33280
-11590,89666,-33143
-11847,89434,-32967
-11156,90013,-32483
-12369,88932,-31836
-11800,89412,-31634
-11622,89551,-31536
-12125,89105,-31206
-11348,89714,-31055
-11671,89411,-30626
-11285,89703,-30554
-11209,89703,-30101
-12095,88985,-29838
-12322,88796,-29760
-11858,89096,-29232
-11059,89687,-29198
-11744,89143,-28919
-12186,88786,-28794
-11385,89385,-28761
-11713,89078,-28321
-11225,89352,-27911
-12373,88452,-27435
-11555,89045,-27467
-12207,88553,-27310
-11887,88733,-27019
-11053,89325,-27109
-12219,88417,-26570
-11372,89035,-26708
-11721,88704,-26205
-12055,88387,-25750
-11542,88679,-25436
-11388,88742,-25267
-11962,88248,-24695
-12217,88039,-24515
-12026,88006,-23793
-11814,88148,-23822
-12241,87548,-22389
-12488,88772,-34499
-12775,88500,-34253
-13361,88022,-32135
-12906,88459,-32200
-12574,88751,-31857
-12907,88436,-31422
-13417,87965,-31139
-12478,88765,-30685
-13551,87777,-29878
-12866,88384,-30041
-13115,88159,-29904
-13453,87833,-29463
-12651,88482,-29323
-13102,88021,-28469
-13364,87788,-28284
-13658,87515,-27994
-12572,88403,-28158
-12848,88155,-27912
-13183,87834,-27466
-12706,88134,-26988
-13051,87798,-26501
-13732,87245,-26285
-13376,87489,-26089
-13714,87161,-25635
-12669,87944,-25720
-12888,87777,-25666
-13224,87453,-25212
-12391,88066,-25294
-13529,87170,-24868
-12727,87744,-24837
-13133,87327,-24146
-12555,87713,-24053
-13403,87091,-23917
-12894,87385,-23590
-13233,87055,-23126
-12709,87348,-22855
-13595,86693,-22592
-12547,87423,-22718
-13051,87015,-22385
-12511,87321,-22164
-13393,86681,-21914
-13201,86649,-21210
-12667,86939,-20967
-13547,86310,-20732
-13134,86589,-20763
-12995,86627,-20551
-13088,86305,-19575
-13474,85904,-18974
-13508,85661,-18200
-13926,87455,-30096
-14486,86825,-28113
-14313,86966,-27949
-14193,87031,-27615
-14000,87183,-27543
-13865,87173,-26548
-15046,86157,-26164
-14202,86846,-26110
-14547,86508,-25650
-14835,86241,-25395
-14364,86538,-24835
-14745,86152,-24254
-13902,86794,-24296
-14359,86427,-24146
-15094,85806,-23786
-14244,86460,-23834
-13743,86760,-23455
-14862,85877,-23149
-14007,86531,-23252
-14429,86089,-22522
-13916,86386,-22192
-14986,85588,-22037
-14775,85747,-22052
-14260,86047,-21723
-14484,85877,-21656
-13737,86344,-21442
-14054,86043,-21059
-14953,85360,-20777
-14427,85662,-20493
-13893,85968,-20253
-14958,85205,-20083
-14775,85317,-20015
-14241,85625,-19774
-14514,85387,-19539
-13692,85938,-19585
-14042,85591,-19100
-14939,84930,-18809
-13715,85725,-18849
-14392,85242,-18615
-14742,84891,-18128
-14179,85201,-17993
-14532,84847,-17502
-13952,85171,-17418
-14885,84491,-17009
-14293,84838,-16971
-13930,85014,-16839
-14665,84455,-16422
-14432,84435,-15878
-14350,84362,-15495
-15210,85865,-24852
-15605,85461,-24245
-15477,85416,-23214
-16164,84738,-22356
-15286,85431,-22428
-15640,85079,-21952
-16104,84699,-21830
-15361,85207,-21479
-16116,84560,-21071
-15829,84699,-20622
-15302,85010,-20300
-16186,84339,-20138
-15610,84719,-19964
-15857,84515,-19835
-15475,84616,-19053
-15829,84260,-18568
-15433,84526,-18523
-15290,84578,-18323
-16233,83831,-17917
-14972,84718,-18038
-15999,83864,-17340
-15448,84180,-17149
-15906,83834,-16974
-15802,83820,-16649
-15427,84030,-16556
-15240,84132,-16511
-15022,84094,-15915
-15952,83407,-15503
-15379,83732,-15407
-15881,83332,-15082
-14871,83944,-15109
-15737,83367,-14898
-15151,83704,-14854
-15511,83336,-14341
-14908,83689,-14356
-14770,83707,-14164
-15871,82966,-13827
-15634,82945,-13319
-15448,83043,-13284
-15386,82945,-12859
-15191,83055,-12851
-15998,82571,-12799
-15614,82406,-11556
-15867,82207,-11385
-16721,83991,-20496
-16755,83677,-18960
-16995,83481,-18869
-16366,83937,-18847
-17277,83226,-18649
-16727,83570,-18349
-16352,83810,-18207
-16904,83167,-17072
-17390,82770,-16860
-16355,83500,-16839
-17269,82794,-16564
-16847,83098,-16577
-16854,82924,-15879
-16517,83090,-15642
-16376,83124,-15440
-17441,82383,-15317
-16877,82719,-15134
-17339,82368,-14973
-16311,83040,-14996
-17033,82297,-13975
-16844,82403,-13929
-16457,82629,-13876
-16334,82630,-13626
-17397,81920,-13460
-16819,82257,-13362
-16233,82593,-13313
-17311,81677,-12437
-16959,81841,-12280
-16363,82195,-12279
-16785,81920,-12198
-16120,82190,-11808
-16728,81817,-11758
-16027,82147,-11493
-16488,81810,-11282
-17238,81211,-10790
-16856,81428,-10755
-16609,81439,-10320
-16036,81754,-10287
-17226,81044,-10226
-16346,81465,-9941
-16980,81053,-9788
-16607,81251,-9741
-16455,81095,-9047
-17093,80682,-8869
-16822,80715,-8535
-16872,80440,-7828
-17830,82438,-16820
-17882,82213,-15945
-18384,81641,-15009
-18025,81848,-14787
-17809,82002,-14802
-17470,81991,-13883
-17974,81581,-13592
-17828,81623,-13394
-18346,81193,-13069
-18654,80901,-12754
-17548,81499,-12328
-18504,80763,-11895
-18085,81043,-11920
-18317,80869,-11835
-17916,81114,-11807
-17324,81461,-11760
-17777,80942,-10971
-18059,80689,-10714
-17462,81052,-10710
-18425,80298,-10192
-17830,80666,-10185
-18236,80209,-9534
-17690,80506,-9404
-17350,80663,-9257
-17960,80267,-9172
-17717,80271,-8729
-18322,79873,-8649
-17462,80287,-8337
-18126,79798,-8059
-17178,80345,-8046
-17826,79890,-7810
-17563,79919,-7464
-18186,79491,-7286
-17287,79970,-7163
-17926,79518,-6935
-17279,79789,-6635
-17729,79444,-6406
-18017,79161,-6097
-17738,79230,-5826
-17671,79138,-5476
-18050,78489,-4351
-18934,80826,-13228
-18764,80910,-13084
-19468,79993,-11487
-18875,80367,-11370
-19265,79931,-10775
-19608,79562,-10326
-18791,80103,-10314
-19017,79933,-10240
-18682,80077,-10011
-19379,79529,-9720
-18557,79881,-9140
-19245,79333,-8832
-19504,79096,-8635
-18915,79483,-8621
-19252,79112,-8164
-18678,79478,-8134
-18437,79478,-7684
-19035,79075,-7611
-18792,79076,-7166
-19385,78669,-7098
-19102,78743,-6780
-18545,79084,-6758
-18284,79115,-6411
-18894,78683,-6249
-19489,78264,-6139
-18638,78709,-5890
-19241,78275,-5736
-18373,78754,-5571
-18948,78370,-5495
-18725,78345,-5049
-19331,77890,-4860
-18255,78547,-4823
-18454,78407,-4769
-19073,77934,-4532
-18169,78489,-4536
-19336,77662,-4265
-18804,77993,-4248
-19146,77577,-3736
-18869,77654,-3492
-18751,77654,-3308
-18580,77753,-3291
-18412,77845,-3261
-19203,77231,-2988
-18748,77202,-2221
-18953,77019,-2113
-19043,76562,-1245
-19519,75288,495
-19868,75002,582
-19793,74842,928
-19725,74660,1297
-19974,79146,-9797
-19837,78944,-8868
-20450,78283,-8165
-19858,78685,-8118
-20380,78181,-7704
-19682,78567,-7391
-19971,78261,-7076
-20378,77955,-7024
-20316,77845,-6565
-19793,78148,-6386
-20099,77799,-5996
-19831,77852,-5630
-20411,77423,-5577
-19509,78005,-5470
-19919,77447,-4724
-20293,77175,-4694
-20486,77025,-4661
-19668,77475,-4355
-20245,77026,-4231
-19892,77264,-4209
-19740,77099,-3526
-20312,76631,-3375
-19476,77155,-3238
-19693,76948,-3095
-20057,76675,-3042
-20242,76527,-3002
-19523,76805,-2499
-20101,76304,-2277
-19244,76901,-2286
-19832,76377,-2023
-20010,76237,-1992
-19190,76762,-1895
-19555,76471,-1807
-19854,76040,-1340
-19571,76153,-1158
-19277,76290,-1015
-20144,75608,-885
-19862,75719,-701
-19560,75880,-594
-19297,75924,-342
-20144,75284,-255
-19854,75413,-109
-19552,75563,-6
-20542,74835,30
-20417,74847,180
-21242,74207,209
-21077,74331,212
-20128,74974,325
-20965,74300,425
-20395,74533,751
-20099,74677,859
-20769,74143,955
-20950,73967,1031
-20660,74091,1175
-20365,74233,1283
-20143,74136,1682
-20629,73787,1705
-20327,73947,1780
-20018,74131,1824
-20985,73456,1842
-19921,74041,2070
-20894,73340,2127
-20593,73499,2203
-20857,73049,2624
-20551,73228,2672
-20237,73430,2689
-20408,73283,2737
-20112,73430,2821
-20815,72776,3093
-20450,72739,3523
-20769,72519,3534
-20296,72825,3543
-20665,72445,3747
-20476,72228,4242
-20654,72056,4322
-20898,77418,-6584
-20876,76962,-5267
-21075,76796,-5232
-21308,76553,-5072
-20738,76996,-5083
-20811,76581,-4150
-21121,76149,-3671
-21677,75686,-3636
-21319,75968,-3608
-20838,76248,-3391
-20740,76200,-3101
-20620,76204,-2898
-21172,75738,-2798
-21465,75301,-2335
-21157,75477,-2180
-20661,75818,-2104
-20552,75788,-1870
-20398,75874,-1813
-20949,75385,-1649
-21128,75231,-1614
-20418,75516,-1105
-20292,75532,-951
-20966,75009,-915
-20828,75056,-801
-20698,75083,-660
-21241,74571,-475
-20696,74738,-5
-21704,73940,43
-22065,73613,126
-21512,73764,640
-22062,73233,832
-21783,73314,1075
-21952,73180,1081
-21312,73613,1179
-21500,73414,1278
-21215,73523,1454
-21768,72967,1705
-21190,73202,2020
-21535,72899,2105
-21746,72626,2299
-22080,72371,2314
-21454,72752,2440
-21194,72772,2694
-22012,72173,2722
-21422,72441,2965
-21752,72190,2996
-21121,72598,3043
-21686,71987,3384
-21080,72322,3512
-21399,72097,3520
-21648,71690,3879
-21343,71867,3930
-21033,72063,3953
-21600,71431,4321
-20978,71819,4359
-21295,71605,4368
-20911,71621,4708
-21241,71358,4775
-21558,71145,4782
-20655,71639,4923
-20857,71384,5100
-21184,71129,5158
-21504,70896,5190
-21449,70663,5576
-20834,71057,5594
-21156,70810,5644
-21061,70722,5863
-21390,70448,5942
-21014,70483,6254
-21404,70014,6557
-21266,70069,6612
-21195,69916,6904
-21666,75409,-2950
-22015,74821,-2266
-21711,74974,-2052
-21493,74901,-1521
-21776,74457,-1071
-21440,74706,-1042
-22332,73957,-961
-22181,74024,-848
-22068,73982,-587
-21787,74063,-315
-21469,74267,-230
-22625,73091,272
-22396,72995,791
-22638,72643,1082
-22336,72778,1266
-22900,72232,1447
-22323,72412,1929
-22190,72429,2078
-22703,72019,2097
-22595,71952,2360
-23163,71379,2576
-23061,71285,2881
-22573,71597,2981
-22418,71681,3034
-21984,71846,3279
-22998,71054,3344
-22843,71132,3408
-22364,71437,3495
-22249,71387,3699
-21963,71487,3854
-22640,70940,3957
-22815,70790,3993
-22214,71072,4219
-21911,71233,4296
-22636,70512,4616
-22478,70609,4637
-22169,70793,4687
-21869,70951,4762
-21794,70772,5092
-22438,70309,5128
-22131,70488,5175
-22369,70108,5490
-21768,70432,5605
-22082,70219,5608
-21985,70121,5842
-21713,70197,5994
-22345,69753,6022
-21657,69979,6362
-21979,69729,6411
-22295,69498,6436
-22178,69478,6579
-21598,69778,6710
-21924,69508,6782
-21867,69304,7133
-22191,69036,7202
-21470,69423,7345
-21652,69230,7451
-21807,69117,7464
-21372,69352,7537
-22135,68830,7555
-22077,68639,7888
-21515,68570,8029
-21672,68783,8058
-22013,68462,8198
-21895,68454,8315
-21650,67761,8492
-23417,70533,3662
-23085,70320,4417
-23281,70096,4534
-23458,69938,4567
-23661,69694,4702
-22855,70205,4842
-23048,69989,4959
-23316,69513,5381
-22702,69843,5543
-23551,69148,5666
-22900,69603,5692
-23065,69481,5699
-23275,69200,5891
-22657,69556,6002
-22566,69430,6270
-23544,68717,6315
-22921,69085,6417
-23271,68765,6530
-23159,68706,6726
-23499,68417,6796
-22560,69028,6853
-22874,68813,6854
-22764,68761,7035
-22510,68787,7248
-23140,68338,7272
-22371,68844,7303
-22777,68314,7667
-23093,68080,7689
-22964,68102,7787
-22404,68355,7978
-22566,68219,8014
-22726,68088,8043
-22346,68160,8311
-22995,67610,8465
-23164,67451,8525
-22284,67980,8624
-22759,67600,8710
-22615,67680,8734
-22942,67398,8822
-22217,67812,8913
-22094,67398,8993
-21782,66963,8950
-22554,67497,9048
-22489,67326,9340
-21943,67279,9328
-22951,66988,9390
-22825,67012,9471
-21911,66176,9403
-22278,66290,9619
-22761,66838,9766
-22038,65400,9850
-22480,66310,10175
-22160,64634,10287
-22208,65722,10614
-23898,68865,5701
-23834,68616,6143
-24129,68046,6662
-23817,68215,6757
-23768,67929,7220
-23476,68053,7342
-24358,67237,7597
-24203,67321,7641
-23723,67643,7678
-23419,67823,7733
-24080,67294,7809
-23361,67602,8109
-23993,67152,8104
-23683,67351,8139
-23313,67359,8508
-23947,66881,8542
-23680,66952,8719
-23583,66875,8931
-23890,66659,8922
-23211,66916,9243
-23364,66809,9247
-23534,66648,9310
-23155,66715,9580
-23942,66097,9681
-23804,66157,9734
-23562,66173,9952
-23426,66230,10004
-23142,66380,10054
-23752,65942,10090
-23034,66350,10193
-23367,66038,10319
-22456,65203,10235
-22747,65822,10599
-23759,65540,10644
-23327,65736,10686
-23640,65548,10745
-22279,63878,10716
-23580,65367,11047
-23015,65330,11024
-22627,64137,10836
-23473,64846,11169
-23283,64836,11450
-22396,63131,11141
-22735,64743,11458
-22791,63089,11422
-22999,64252,11880
-22510,62393,11561
-22467,64109,11917
-22718,62451,13233
-24587,66438,8507
-24344,66389,8835
-24219,66387,8970
-24570,66052,9080
-24173,66131,9388
-24817,65650,9398
-24099,65977,9689
-24447,65633,9818
-24610,65499,9837
-24399,65392,10216
-24305,65302,10436
-24023,65446,10518
-24201,65253,10611
-24673,64890,10645
-23969,65242,10855
-24622,64661,11020
-24512,64635,11170
-24242,64742,11284
-23956,64911,11324
-23853,64870,11477
-24460,64419,11520
-24186,64549,11603
-23616,63970,11645
-24147,64247,11972
-24460,64045,12035
-23753,63107,12110
-24403,63863,12341
-23819,63844,12301
-23262,63761,12301
-22950,62059,12001
-22622,61664,11978
-24297,63320,12461
-24088,63345,12728
-23885,62254,12567
-23525,63269,12722
-22985,63131,12754
-22733,60944,12391
-23105,61047,12571
-23244,62641,13172
-22841,60232,12799
-23502,62151,13589
-23227,61475,14062
-22962,60748,14561
-25048,64875,10271
-24942,64815,10472
-24876,64625,10812
-25279,64111,11122
-24898,64156,11452
-25140,63764,11758
-24846,63940,11810
-25310,63605,11806
-24717,63974,11887
-25508,63358,11950
-25123,63430,12243
-24718,63595,12407
-25068,63224,12579
-24921,63319,12591
-25403,62913,12682
-24679,63355,12776
-24440,62409,12937
-24972,62747,13261
-25127,62669,13287
-24014,61414,13019
-24579,61512,13404
-24628,62342,13583
-24052,62280,13565
-23257,60052,13133
-24140,60587,13466
-22985,59628,13277
-24899,61837,14013
-24316,61784,13987
-23761,61661,14006
-23406,59085,13693
-23148,59084,13786
-23481,60988,14475
-23309,58544,14284
-24278,60677,14839
-23735,60500,14887
-23988,60012,15299
-23461,59776,15380
-23710,59291,15788
-23198,58999,15900
-25738,62614,12764
-25347,62711,13015
-25677,62418,13095
-25291,62516,13339
-25965,61877,13557
-25665,62072,13583
-25571,61999,13777
-25307,61865,13881
-25162,61527,13877
-25513,61815,14085
-24713,60631,13866
-24262,59771,13908
-25927,61243,14468
-25455,60898,14362
-25793,61295,14522
-25343,60335,14479
-24843,59763,14321
-24382,58967,14344
-24845,60787,14831
-23630,58336,14392
-24970,58909,14771
-25109,60285,15251
-24498,58175,14775
-24536,60184,15253
-23470,58008,14778
-23852,57595,15075
-23631,57476,15268
-25052,59193,16081
-24492,59034,16116
-23957,58806,16193
-24073,56857,15751
-23792,56947,15754
-24745,58544,16524
-24204,58321,16596
-23685,58033,16707
-23927,57550,17106
-23422,57204,17248
-24169,57068,17505
-26193,61149,14336
-26042,61251,14345
-25599,59949,14836
-26419,60428,15099
-26157,60231,15221
-25715,60309,15299
-25517,59170,15071
-26391,60025,15508
-25737,59017,15304
-25093,58069,15215
-25990,59793,15731
-24608,57396,15194
-25684,58030,15653
-25211,57242,15651
-24746,56705,15667
-25910,58767,16520
-25311,58696,16497
-24921,56119,16205
-23953,56422,16235
-24295,56127,16420
-24114,55899,16714
-25251,57559,17342
-24698,57349,17402
-24516,55402,17082
-24274,55378,17189
-24945,56861,17806
-24411,56585,17903
-23898,56243,18040
-24135,55762,18435
-23635,55360,18603
-24371,55282,18829
-24100,54403,19386
-26644,59714,15849
-26343,58986,15820
-25871,58101,15766
-26651,58281,16337
-26521,57771,16409
-26001,57200,16223
-25845,56912,16227
-25324,56427,16078
-26179,58254,16947
-26825,58222,17042
-26125,56314,16671
-25438,55635,16507
-25995,55820,16782
-25095,55537,16738
-25619,55031,17062
-26096,57186,17751
-25505,57064,17753
-25269,54959,17266
-26360,56677,18172
-24432,54862,17654
-24737,54684,17734
-24550,54270,18035
-25441,55882,18613
-24894,55618,18700
-24955,53975,18373
-25690,55390,19019
-24667,53682,18411
-25136,55134,19098
-24608,54802,19222
-24332,53926,19775
-25081,53841,20008
-23838,53464,19971
-24563,53448,20164
-24292,52513,20743
-26691,56583,16989
-26893,56594,17146
-26244,55444,17108
-26850,55423,17552
-26139,54749,17328
-26358,54588,17540
-26999,56694,18242
-25799,54430,17611
-25444,54385,17790
-25979,53834,18156
-25618,53815,18310
-26274,55564,18991
-26535,55053,19407
-25791,53250,18821
-24784,53100,18784
-24901,52523,19154
-25622,54160,19895
-25154,52585,19398
-25018,51951,19522
-25868,53665,20295
-25318,53358,20401
-24795,52971,20552
-24519,52038,21128
-25260,52007,21328
-24029,51517,21351
-24746,51558,21511
-24476,50563,22113
-27117,54961,17929
-27001,54285,18104
-26341,53864,17985
-26486,53795,17998
-26676,53163,18572
-26579,53075,18703
-26160,53242,18696
-27168,55115,19451
-26340,52652,19229
-25963,52690,19325
-26447,53888,20241
-26520,52065,19753
-26135,52131,19825
-26703,53380,20653
-25135,51385,19887
-25253,50824,20249
-25347,51163,20432
-25797,52379,21188
-25371,50266,20608
-26037,51888,21583
-25493,51522,21716
-24974,51078,21895
-24699,50085,22492
-25430,50117,22660
-24921,49608,22871
-24213,49507,22743
-24650,48557,23494
-27326,53369,18689
-27146,53169,18643
-26867,52534,19141
-27338,52212,19275
-26819,52288,19413
-27550,51918,19486
-27057,51910,19705
-27329,53495,20670
-27056,51511,20109
-27245,51292,20258
-26699,51482,20272
-26289,51534,20283
-26418,50893,20687
-26879,50902,20787
-26611,52167,21503
-26547,50259,21087
-27480,51832,21901
-25489,49712,20960
-26861,51662,21909
-25606,49164,21308
-25537,49695,21478
-25722,48623,21646
-25962,50549,22493
-26765,50398,22776
-26197,50061,22884
-25658,49636,23043
-25144,49132,23249
-25589,48178,24005
-24868,48083,23868
-25085,47610,24241
-24387,47447,24144
-27577,51410,20000
-27871,50812,20485
-27804,50626,20703
-27291,50742,20794
-27429,50682,20801
-27043,50295,21268
-27608,50081,21334
-27518,49987,21465
-26677,49630,21485
-27175,49635,21683
-26807,49008,21880
-25837,48088,21982
-27622,50124,23140
-27010,49896,23178
-25953,47556,22316
-25720,48191,22534
-26116,48669,23811
-26908,48581,24060
-26346,48184,24196
-25812,47700,24383
-25303,47137,24614
-24814,46505,24884
-25027,46036,25253
-25239,45567,25620
-24551,45343,25553
-28020,49859,21385
-28166,49744,21437
-27780,49489,21859
-28226,49109,22050
-27738,49246,22121
-27303,48986,22090
-27948,48907,22374
-26935,48393,22269
-27426,48347,22490
-27056,47791,22645
-27545,47720,22880
-26069,47029,22648
-27174,47198,23015
-26186,46506,22978
-27752,48371,24387
-26302,45987,23306
-25897,46649,23602
-27147,48083,24454
-26259,46741,25138
-26483,46259,25515
-25738,46191,25359
-25955,45717,25729
-25452,45098,25987
-24968,44411,26282
-25175,43947,26643
-24705,43201,26967
-28443,48706,22357
-28423,48374,22701
-28068,48251,22796
-27872,47883,23097
-28177,47595,23198
-28612,47654,23337
-27657,47106,23258
-27287,46616,23375
-27764,46503,23629
-27395,46045,23725
-26416,45474,23629
-26527,44968,23948
-26635,44468,24262
-27040,46715,25353
-27864,46576,25653
-26067,45069,24683
-27273,46221,25749
-26391,44767,26478
-26610,44289,26858
-25875,44162,26721
-26088,43692,27093
-25382,43483,27005
-25589,43019,27372
-25110,42279,27688
-28703,47699,23248
-28281,46953,23590
-28887,46635,24002
-28377,46325,23969
-27995,46492,24078
-28700,46329,24275
-27867,45910,23991
-28468,45709,24339
-27500,45483,24069
-27965,45330,24341
-27602,44929,24407
-28104,45072,25065
-27700,44384,24740
-26739,43978,24567
-26840,43495,24866
-26229,43447,25776
-27162,44802,26675
-27390,44311,27066
-26514,42749,27840
-26003,42090,28105
-25313,41819,28050
-25515,41360,28411
-24847,41023,28394
-28998,45560,24639
-28551,45110,24697
-28059,44760,24685
-28770,44981,25228
-28622,44531,25042
-28150,44199,25022
-27795,43847,25067
-28233,43651,25352
-27886,43318,25389
-26938,43019,25161
-28200,43620,26073
-27034,42548,25452
-27957,44740,26928
-27127,42083,25739
-26383,41780,26888
-27273,42844,28005
-27489,42365,28382
-26728,42276,28213
-26210,41626,28470
-25717,40902,28770
-25243,40112,29105
-25440,39659,29459
-24980,38816,29821
-29081,44540,25241
-28684,43969,25376
-29136,43575,25798
-28737,43422,25700
-28308,43117,25676
-28818,43612,26180
-27973,42800,25703
-28783,42891,26012
-28375,42597,25991
-28051,42295,26011
-28121,41805,26307
-27217,41625,26021
-27304,41175,26296
-28280,42137,27086
-27387,40733,26569
-28031,42869,28201
-26527,40068,28025
-27367,40855,29330
-26627,40695,29201
-26836,40227,29569
-26121,39985,29487
-26324,39526,29846
-25638,39206,29813
-25835,38754,30166
-25367,37919,30520
-29168,42662,26316
-28820,42376,26313
-28430,42097,26288
-28846,41882,26594
-29183,41795,26799
-28477,41613,26571
-28847,42218,27132
-28181,41331,26591
-28862,41409,26859
-28514,41147,26841
-28232,40874,26862
-28274,40432,27121
-27467,40298,26839
-27543,39872,27102
-28341,40625,28101
-27612,39457,27357
-28085,40967,29472
-27567,40391,29693
-26659,38316,29171
-26731,38606,30567
-26230,37849,30872
-25560,37472,30868
-25753,37025,31215
-25106,36588,31246
-28870,40954,27111
-29179,40980,27238
-28543,40698,27099
-28872,40513,27352
-28563,40265,27343
-29163,40206,27647
-28870,40085,27583
-28308,40006,27367
-28857,40799,28085
-28575,39849,27575
-28334,39596,27602
-28580,39448,27795
-28352,39201,27825
-27671,39057,27600
-27722,38672,27831
-27762,38305,28045
-28379,39086,29115
-28120,39036,30740
-27441,38840,30652
-27628,38391,31000
-26934,38146,30926
-26429,37396,31225
-25946,36579,31562
-25484,35704,31932
-28864,39670,27804
-29135,39474,28026
-28854,39268,28017
-28578,39063,28003
-28840,38878,28220
-28363,38820,28036
-29096,38780,28377
-28572,38689,28203
-28823,38500,28414
-28367,38454,28236
-28562,38327,28394
-28845,39354,29038
-28364,38103,28425
-27793,37953,28248
-28547,37978,28574
-28353,37771,28597
-27816,37617,28436
-27832,37297,28611
-27841,36990,28776
-26774,36534,30315
-27499,36794,31967
-26825,36487,31931
-27015,36036,32277
-26334,35683,32257
-26529,35231,32605
-25673,35263,32274
-25863,34819,32616
-25224,34335,32670
-28803,38133,28601
-29052,38115,28708
-28779,37778,28777
-28528,37643,28743
-29000,37474,29013
-28338,37449,28762
-28753,37432,28946
-28508,37315,28906
-28320,37136,28919
-28726,37093,29111
-28486,36994,29066
-28301,36833,29069
-28699,36758,29272
-27843,36696,28930
-28462,36681,29219
-28813,37885,29987
-28279,36536,29213
-27854,36418,29101
-28257,36246,29353
-28394,37523,30125
-27873,36150,29290
-27888,35888,29473
-28136,37072,31998
-27673,36354,32301
-26874,34721,31464
-26052,34374,32957
-25595,33449,33346
-25780,33007,33683
-28944,36859,29300
-28670,36429,29426
-28437,36377,29364
-28884,36267,29573
-28639,36111,29571
-28410,36079,29505
-28234,35961,29490
-28606,35799,29712
-28383,35785,29642
-28817,35707,29821
-28210,35681,29624
-28573,35494,29849
-27902,35631,29652
-28355,35494,29776
-28189,35407,29763
-28326,35208,29906
-27912,35380,29827
-28191,35145,29944
-28761,36383,30931
-27920,35135,29997
-28192,34882,30121
-27926,34894,30163
-28384,35936,31130
-27931,34657,30326
-28122,35102,33236
-27539,34725,33272
-27697,34303,33588
-26904,34341,33286
-27080,33907,33617
-26433,33485,33640
-26617,33046,33976
-25966,32566,34020
-25328,31988,34116
-28538,35196,29982
-28747,35168,30055
-28503,34903,30111
-28307,34930,30053
-28673,34649,30278
-28466,34617,30236
-28305,34663,30233
-28192,34623,30296
-28445,34343,30391
-28302,34399,30409
-28597,34149,30487
-28192,34367,30467
-27935,34422,30487
-28435,34081,30563
-28296,34145,30577
-28188,34120,30630
-27937,34194,30642
-28288,33896,30740
-28184,33878,30789
-27937,33971,30793
-28178,33639,30946
-28692,34851,31872
-27937,33751,30941
-27936,33534,31087
-27935,33319,31230
-28351,34320,32125
-26959,32879,32614
-26963,32190,34623
-26151,32126,34357
-25690,31114,34781
-28424,33821,30734
-28561,33671,30770
-28414,33562,30904
-28280,33650,30901
-28271,33407,31060
-28541,33201,31079
-28404,33304,31072
-28172,33404,31099
-28263,33165,31218
-28394,33048,31240
-28165,33172,31250
-28255,32924,31375
-28384,32792,31406
-27933,33104,31371
-28158,32941,31400
-28247,32683,31531
-27931,32891,31510
-28151,32712,31549
-27929,32681,31647
-28144,32483,31698
-27925,32473,31781
-28608,33298,32810
-27921,32268,31914
-28292,32696,33106
-28080,33130,34455
-27559,32648,34561
-27696,32250,34856
-27125,31773,34937
-26512,31255,35019
-26681,30829,35339
-25871,30679,35113
-26052,30244,35443
-25420,29601,35568
-28521,32733,31384
-28375,32538,31572
-28502,32269,31687
-28239,32444,31686
-28365,32284,31736
-28232,32206,31840
-28138,32255,31845
-28357,32031,31901
-28484,31808,31986
-28225,31969,31994
-28132,32028,31992
-28348,31779,32064
-27917,32065,32046
-28126,31802,32138
-28217,31733,32147
-27897,31867,32143
-28340,31527,32226
-28120,31577,32283
-28211,31496,32299
-27873,31672,32234
-27850,31478,32325
-28114,31353,32428
-27826,31285,32415
-27803,31093,32505
-27781,30902,32595
-28507,31727,33740
-27032,31000,33764
-28012,31159,35655
-26998,29999,35960
-26229,29813,35769
-25773,28740,36219
-28467,31350,32283
-28331,31277,32388
-28204,31261,32451
-28323,31028,32548
-28448,30901,32571
-28099,31132,32554
-28197,31026,32602
-28314,30784,32704
-28072,30916,32654
-28182,30796,32734
-28044,30701,32753
-28304,30543,32858
-27758,30713,32683
-28151,30577,32833
-28015,30494,32847
-27735,30525,32772
-28119,30359,32930
-27986,30288,32940
-27711,30343,32855
-28088,30143,33027
-27957,30083,33032
-27686,30162,32938
-27662,29982,33020
-28209,31064,34073
-27638,29806,33099
-27613,29634,33176
-27553,30572,35830
-27088,29104,34909
-27666,30202,36102
-27145,29595,36261
-26561,28973,36400
-25949,28313,36543
-28428,30461,32852
-28279,30308,32980
-28408,30023,33130
-28245,30077,33083
-28057,29929,33124
-28211,29848,33186
-27929,29880,33125
-28027,29716,33220
-28177,29621,33287
-27900,29677,33216
-27996,29506,33313
-28143,29397,33387
-27871,29482,33302
-27588,29462,33253
-27964,29302,33403
-27842,29289,33387
-28109,29179,33481
-27563,29291,33329
-27933,29099,33492
-27812,29096,33472
-27539,29121,33405
-27902,28898,33580
-28388,30145,34658
-27783,28905,33557
-27514,28952,33481
-27490,28784,33556
-27466,28617,33630
-27442,28451,33705
-28107,29424,35027
-27918,29189,36835
-26717,28563,36706
-26119,27891,36860
-26283,27476,37172
-25500,27183,37018
-28307,29081,33648
-28074,28963,33576
-28040,28748,33670
-27871,28698,33668
-27754,28715,33641
-28006,28535,33763
-27840,28499,33756
-27726,28526,33724
-27972,28323,33855
-27809,28301,33843
-27697,28338,33807
-27939,28113,33948
-27418,28286,33779
-27669,28152,33890
-27779,28105,33929
-27394,28122,33852
-27641,27966,33972
-27749,27910,34015
-27371,27959,33926
-27613,27782,34054
-27347,27796,33998
-27585,27599,34135
-27324,27635,34071
-27301,27474,34143
-28255,28552,35567
-27278,27315,34215
-27508,28465,37092
-27123,27207,36038
-27599,28122,37340
-27006,27767,37298
-27135,27385,37580
-26588,26670,37773
-25843,26341,37653
-28201,28109,34179
-27906,27904,34039
-27873,27696,34130
-27719,27716,34101
-27840,27490,34220
-27689,27524,34186
-27558,27417,34216
-27806,27289,34308
-27659,27333,34270
-27530,27237,34296
-27772,27093,34392
-27630,27144,34354
-27503,27057,34376
-27255,27157,34286
-27737,26898,34475
-27598,26962,34432
-27232,26999,34357
-27474,26883,34452
-27567,26781,34510
-27209,26842,34427
-27445,26713,34526
-27536,26601,34588
-27187,26688,34496
-27417,26543,34599
-27162,26539,34561
-27988,27779,35964
-27138,26392,34626
-27115,26245,34690
-27797,27183,38011
-26730,26278,38064
-26007,25930,37962
-26164,25526,38264
-25574,24762,38453
-28089,27112,34718
-27703,26705,34558
-27669,26513,34640
-27506,26423,34664
-27636,26323,34722
-27388,26374,34672
-27475,26246,34741
-27602,26134,34803
-27360,26207,34745
-27445,26071,34817
-27569,25947,34883
-27973,26090,35264
-27332,26041,34817
-27091,26100,34754
-27414,25897,34892
-27536,25761,34963
-27304,25877,34888
-27068,25956,34816
-27385,25724,34966
-27276,25714,34959
-27044,25814,34879
-27355,25553,35040
-28112,26948,36470
-27021,25673,34940
-27248,25552,35029
-26998,25533,35001
-27221,25393,35098
-26975,25394,35062
-26953,25257,35121
-26930,25121,35180
-27853,26136,36885
-27117,25333,37129
-27427,26346,38335
-27495,26035,38558
-26983,25528,38618
-26314,25130,38559
-27503,25577,35042
-27470,25394,35120
-27325,25384,35113
-27438,25214,35198
-27296,25216,35185
-27194,25234,35166
-27406,25035,35274
-27267,25051,35256
-27167,25078,35233
-27374,24859,35350
-27238,24887,35327
-27140,24923,35300
-26908,24986,35239
-27343,24684,35424
-27210,24725,35396
-27114,24770,35366
-26886,24853,35297
-27087,24618,35432
-27182,24565,35465
-26864,24721,35355
-26842,24589,35412
-27061,24468,35496
-26821,24459,35468
-26799,24331,35524
-26799,24331,35524
-27960,25336,37365
-27651,25171,39165
-27087,25180,38872
-26592,24363,39129
-25897,23961,39058
-26048,23573,39349
-27852,25043,35820
-27312,24512,35498
-27281,24341,35571
-27153,24406,35533
-27036,24319,35560
-27126,24249,35601
-27250,24173,35643
-27010,24172,35624
-27098,24093,35667
-27219,24006,35714
-26984,24026,35686
-27071,23940,35733
-27189,23841,35784
-26959,23882,35748
-27043,23787,35798
-27159,23678,35854
-26934,23739,35810
-27016,23637,35863
-26909,23597,35870
-26990,23488,35926
-26884,23457,35931
-26690,23386,35992
-27709,24492,37794
-27309,24243,39544
-27359,23963,39741
-26718,23995,39402
-26192,23194,39633
-25644,22424,39833
-27727,23974,36383
-27130,23516,35922
-27100,23357,35990
-26963,23340,35989
-27071,23199,36057
-26860,23318,35990
-26937,23194,36052
-26836,23181,36049
-27042,23043,36124
-26911,23049,36113
-26811,23044,36107
-27013,22888,36189
-26885,22906,36174
-26787,22909,36165
-26985,22736,36254
-26859,22764,36235
-26764,22776,36222
-26833,22624,36294
-26740,22643,36278
-26716,22512,36334
-27799,23725,38248
-26579,22437,36459
-27061,23445,38195
-26922,23315,39898
-27480,23176,40282
-27001,23005,40122
-26329,22823,39909
-27599,22892,36948
-26956,22584,36318
-26928,22435,36381
-26808,22485,36354
-26900,22287,36444
-26783,22348,36412
-26693,22382,36390
-26873,22140,36506
-26758,22211,36470
-26670,22254,36445
-26733,22076,36527
-26845,21995,36567
-26647,22126,36499
-26624,22000,36553
-26708,21943,36584
-26818,21852,36628
-26602,21875,36606
-26684,21810,36640
-26791,21709,36688
-26579,21751,36659
-26579,21751,36659
-26660,21679,36696
-27550,22823,38702
-26467,21485,36923
-27159,22187,40698
-26576,22116,40435
-26675,21791,40673
-25942,21676,40398
-26080,21315,40669
-26764,21568,36748
-27469,21806,37511
-26636,21550,36751
-26738,21428,36807
-26612,21421,36805
-26711,21290,36865
-26588,21294,36859
-26684,21157,36921
-26564,21167,36913
-26657,21028,36974
-26540,21045,36964
-26630,20900,37026
-26516,20927,37012
-26492,20810,37060
-26466,20844,37100
-26468,20694,37108
-26468,20694,37108
-27622,22089,39130
-26964,21594,39214
-27197,21938,40870
-26828,21204,41098
-26212,20963,40933
-26335,20623,41188
-25708,20201,41139
-26603,20774,37077
-26577,20649,37128
-26550,20526,37179
-27337,20723,38068
-26524,20404,37228
-26498,20283,37278
-26354,20532,37384
-26472,20163,37326
-26446,20044,37375
-26421,19927,37422
-26351,19936,37538
-27377,21145,39599
-27292,21237,41345
-26882,20942,41283
-26528,20008,41642
-26395,19811,37469
-26350,19823,37525
-26370,19696,37516
-26345,19583,37562
-26320,19470,37608
-26296,19359,37653
-26296,19359,37653
-26239,19581,37840
-27434,20463,39992
-26832,19809,40172
-26995,20238,41771
-27025,20019,41921
-26601,19734,41841
-25981,19509,41664
-26106,19178,41914
-27202,19650,38615
-26233,19047,37961
-26231,18955,37938
-26177,18522,38050
-26124,18632,38292
-27195,19495,40468
-27099,19403,42334
-26702,19246,42187
-26738,19026,42340
-26218,18866,42149
-26310,18577,42363
-25767,18109,42365
-27066,18583,39153
-26113,18164,38378
-26112,18093,38345
-26057,17693,38441
-26008,17688,38739
-27237,18866,40822
-26678,18081,41079
-26824,18418,42757
-26847,18229,42884
-26446,18067,42732
-26931,17530,39682
-25992,17239,38746
-25994,17288,38788
-25938,16872,38826
-27004,17882,41303
-26493,17843,42891
-26909,17688,43247
-26559,17442,43172
-26009,17484,42841
-26105,17205,43049
-25892,16755,39177
-25872,16396,39139
-25874,16424,39190
-27037,17293,41630
-26585,17257,43299
-26183,16950,43237
-26652,16738,43653
-26246,16717,43408
-25816,16176,43493
-26796,16492,40200
-25837,16027,39240
-25776,15840,39602
-25752,15567,39522
-25754,15574,39583
-26807,16311,42101
-26514,16414,41941
-26671,16573,43765
-26332,16312,43697
-26723,16108,44080
-26360,16134,43821
-25997,15661,43881
-26657,15453,40714
-25737,15197,39644
-25658,14959,40007
-26838,15758,42410
-26407,15805,44049
-26429,15647,44158
-26061,15441,44043
-26112,15242,44187
-25633,14757,39894
-25635,14742,39965
-25638,14384,40038
-26617,14810,42859
-26352,14836,42749
-26486,15203,44466
-26502,15064,44562
-26149,15064,44316
-26200,14752,44536
-26221,14606,44639
-25827,14459,44478
-26514,14404,41227
-25515,13968,40254
-25541,14100,40398
-25518,13932,40334
-25540,13592,40420
-26645,14305,43142
-26541,14682,44822
-26261,14328,44835
-26280,14196,44928
-25943,14069,44768
-25981,13905,44888
-25399,13205,40600
-25402,13147,40689
-25422,13248,40783
-26191,13368,43492
-26326,13831,45186
-26338,13721,45263
-26009,13761,44993
-26031,13627,45090
-26071,13372,45274
-26368,13364,41732
-25444,12824,40789
-25292,12437,40956
-25283,12364,41041
-25297,12378,41172
-26434,13402,43564
-26463,12945,43822
-26372,13410,45484
-26090,13252,45362
-26125,13026,45527
-26139,12921,45602
-25791,12998,45299
-25857,12722,45505
-26221,12338,42227
-25349,12076,41147
-26175,12639,45808
-26187,12550,45874
-25879,12604,45593
-25899,12491,45678
-26223,12291,46070
-25919,12383,45760
-25954,12180,45913
-25191,11645,41332
-25159,11579,41390
-25252,11329,41502
-25171,11524,41552
-26263,12096,44215
-26033,12023,44164
-25969,12087,45983
-25996,11917,46112
-26008,11839,46172
-25724,11800,45962
-26044,11617,46348
-25766,11600,46118
-25785,11508,46191
-26073,11332,42708
-25089,10864,41700
-25035,10813,41728
-25045,10692,41919
-26292,11687,44450
-26057,11546,46405
-26097,11338,46578
-25803,11421,46260
-25819,11341,46324
-25847,11195,46442
-25859,11129,46496
-25884,11005,46600
-25152,10590,41852
-24987,10105,42056
-24911,10070,42055
-26104,10900,44810
-25884,10802,44768
-25897,10945,46652
-25937,10768,46806
-25951,10710,46858
-25653,10838,46498
-25688,10696,46619
-25993,10538,47012
-25703,10633,46674
-25718,10574,46726
-25731,10520,46774
-25757,10417,46868
-25925,10349,43174
-25051,9885,42182
-24919,9885,42272
-26133,10548,45017
-25770,10366,46915
-25797,10266,47009
-25811,10215,47056
-25854,10064,47199
-25868,10015,47245
-25594,10109,46916
-25623,10012,47009
-25637,9967,47053
-25650,9922,47096
-25664,9877,47140
-25778,9397,43623
-24886,9367,42401
-24951,9210,42496
-24809,9312,42408
-24793,9108,42609
-25960,9827,45345
-25989,9534,45522
-25750,9708,45311
-25910,9866,47384
-25691,9787,47228
-25705,9742,47273
-25733,9650,47362
-25748,9603,47408
-25789,9468,47538
-25803,9422,47582
-25547,9537,47253
-25574,9451,47338
-25587,9408,47381
-25601,9365,47424
-24786,8664,42727
-24852,8563,42796
-24708,8581,42747
-25845,9282,47715
-25615,9321,47467
-25642,9232,47554
-25656,9188,47598
-25682,9102,47682
-25696,9058,47724
-25736,8926,47851
-25749,8882,47892
-25508,9012,47567
-25534,8927,47652
-25548,8884,47694
-25561,8841,47737
-25637,8494,44047
-24669,8363,42929
-25830,8893,45811
-25862,8654,45963
-25633,8751,45789
-25790,8747,48020
-25575,8798,47779
-25600,8715,47860
-25613,8673,47901
-25639,8589,47982
-25651,8548,48021
-25690,8420,48143
-25478,8520,47868
-25704,8377,48184
-25504,8438,47950
-25516,8397,47989
-25529,8357,48029
-25541,8317,48068
-24754,7945,43082
-24686,8008,43030
-24609,7882,43070
-24547,7652,43233
-25719,8098,46212
-25754,7897,46348
-25535,7944,46199
-25743,8247,48307
-25566,8238,48144
-25578,8198,48183
-25603,8117,48260
-25616,8076,48300
-25655,7952,48419
-25455,8070,48147
-25667,7912,48457
-25479,7994,48221
-25491,7956,48258
-25503,7918,48296
-25515,7879,48333
-25503,7660,44438
-24659,7353,43354
-24588,7385,43315
-24510,7241,43363
-25628,7422,46559
-25704,7788,48574
-25540,7801,48409
-25552,7761,48447
-25577,7681,48524
-25589,7642,48562
-25625,7526,48673
-25434,7643,48409
-25637,7486,48710
-25458,7567,48483
-25469,7528,48520
-25674,7363,48826
-25481,7490,48557
-25493,7451,48594
-25518,7373,48670
-25529,7336,48705
-25379,6897,44796
-24566,6787,43614
-24427,6981,43516
-24493,6796,43585
-24414,6639,43637
-25665,7244,46685
-25455,7297,46533
-25552,7261,48777
-25563,7223,48813
-25598,7106,48923
-25414,7213,48671
-25610,7066,48961
-25437,7137,48745
-25449,7099,48782
-25647,6943,49077
-25460,7061,48818
-25471,7025,48852
-25493,6952,48922
-25504,6915,48957
-25526,6840,49029
-24475,6242,43863
-24401,6234,43840
-24310,6355,43777
-24322,6072,43894
-25554,6838,46864
-25591,6672,46983
-25393,6755,46819
-25538,6802,49065
-25573,6685,49175
-25585,6645,49212
-25394,6782,48934
-25415,6711,49002
-25426,6675,49036
-25618,6531,49319
-25437,6639,49071
-25447,6602,49105
-25469,6529,49175
-25480,6492,49210
-25502,6416,49281
-25514,6378,49317
-25372,6358,49188
-25265,6202,45121
-24387,5716,44102
-24313,5699,44083
-24200,5791,44010
-25493,6308,47145
-25527,6153,47255
-25341,6251,47089
-25546,6267,49421
-25556,6231,49456
-25393,6286,49256
-25588,6120,49560
-25404,6250,49291
-25414,6214,49325
-25425,6178,49359
-25447,6104,49429
-25457,6066,49464
-25478,5996,49530
-25488,5961,49563
-25351,5931,49444
-25372,5859,49511
-25161,5571,45417
-24236,5543,44134
-24304,5214,44330
-24230,5199,44309
-24095,5307,44205
-25436,5815,47405
-25469,5660,47515
-25295,5772,47348
-25517,5855,49662
-25527,5822,49693
-25557,5718,49791
-25383,5823,49545
-25393,5787,49580
-25403,5751,49613
-25422,5683,49677
-25432,5649,49709
-25451,5584,49770
-25460,5551,49801
-25488,5453,49894
-25332,5502,49700
-25351,5434,49764
-25360,5401,49795
-25066,5002,45684
-24156,5053,44355
-24225,4740,44544
-24153,4728,44522
-24013,4850,44404
-25386,5350,47652
-25417,5204,47754
-25258,5320,47595
-25226,4906,47823
-25498,5419,49925
-25524,5326,50014
-25369,5368,49825
-25378,5337,49855
-25396,5275,49914
-25405,5243,49943
-25423,5180,50003
-25432,5148,50033
-25457,5058,50119
-25465,5029,50147
-25309,5085,49945
-25326,5024,50002
-25335,4993,50031
-25343,4963,50060
-25352,4932,50089
-24980,4491,45922
-24082,4594,44563
-24151,4289,44749
-24081,4283,44724
-23944,4412,44602
-25342,4923,47880
-25373,4780,47981
-25307,4525,48095
-25194,4513,48037
-25490,4940,50233
-25369,4870,50147
-25378,4839,50176
-25393,4783,50230
-25401,4755,50257
-25425,4670,50338
-25433,4642,50366
-25457,4554,50450
-25284,4678,50179
-25301,4618,50236
-25309,4588,50264
-25318,4558,50293
-25325,4530,50319
-25340,4477,50371
-24902,4018,46143
-24012,4159,44760
-24082,3855,44945
-24013,3855,44917
-23879,3992,44792
-25334,4392,48189
-25271,4140,48303
-25297,4012,48392
-25162,4120,48251
-25347,4450,50397
-25362,4395,50449
-25370,4368,50476
-25393,4285,50556
-25401,4256,50583
-25424,4170,50666
-25260,4273,50413
-25274,4221,50464
-25282,4194,50489
-25289,4168,50514
-25296,4142,50540
-25310,4089,50590
-25318,4062,50616
-24830,3572,46352
-23946,3738,44951
-24008,3452,45122
-23948,3437,45106
-23817,3580,44979
-25234,3759,48507
-25259,3633,48595
-25132,3726,48465
-25332,4009,50668
-25339,3982,50694
-25362,3900,50773
-25369,3872,50799
-25393,3788,50881
-25233,3884,50634
-25246,3832,50684
-25253,3807,50709
-25260,3781,50734
-25267,3755,50758
-25281,3703,50809
-25288,3677,50834
-25303,3624,50884
-25310,3598,50910
-24762,3141,46553
-23883,3325,45137
-23922,3094,45266
-23884,3027,45291
-23756,3176,45161
-25198,3379,48709
-25222,3255,48797
-25100,3336,48675
-25332,3520,50987
-25339,3494,51012
-25361,3426,51083
-25212,3529,50840
-25226,3483,50886
-25234,3461,50910
-25241,3438,50933
-25248,3415,50956
-25263,3369,51003
-25270,3346,51027
-25285,3301,51074
-25292,3281,51095
-25313,3222,51161
-25321,3202,51183
-25343,3141,51250
-25208,3254,51010
-25223,3212,51055
-25230,3192,51077
-25237,3171,51099
-25245,3152,51120
-25258,3117,51161
-24699,2728,46747
-23821,2919,45320
-23837,2745,45406
-23823,2625,45473
-23698,2782,45339
-23761,2523,45500
-25163,3001,48911
-25186,2878,48998
-25067,2953,48878
-25265,3099,51181
-25280,3064,51222
-25287,3046,51242
-25308,2993,51304
-25316,2976,51325
-25216,3047,51151
-25230,3015,51190
-25338,2922,51389
-25237,2999,51209
-25244,2983,51228
-25251,2967,51247
-25265,2935,51286
-25272,2919,51305
-25286,2886,51345
-25293,2870,51364
-25315,2820,51424
-25322,2804,51444
-25227,2877,51273
-25241,2846,51311
-25345,2752,51506
-25247,2830,51329
-25254,2814,51348
-25261,2799,51367
-25275,2767,51405
-25281,2751,51424
-25295,2719,51462
-25302,2703,51482
-25239,2710,51393
-25252,2679,51429
-25259,2664,51448
-24640,2334,46932
-23755,2433,45527
-23764,2231,45651
-23642,2398,45513
-23704,2136,45674
-23674,2132,45644
-25127,2623,49112
-25150,2502,49198
-25034,2572,49081
-25093,2246,49312
-25001,2192,49283
-25323,2654,51541
-25330,2640,51559
-25351,2600,51614
-25265,2648,51466
-25272,2633,51485
-25285,2602,51522
-25292,2587,51541
-25305,2562,51574
-25311,2549,51592
-25331,2511,51644
-25337,2498,51661
-25252,2546,51510
-25358,2459,51715
-25264,2519,51544
-25271,2507,51561
-25277,2495,51577
-25283,2483,51593
-25295,2459,51626
-25301,2447,51643
-25314,2422,51676
-25320,2410,51693
-25339,2373,51744
-25346,2360,51761
-25264,2405,51614
-25366,2321,51813
-25276,2381,51646
-25282,2370,51662
-25288,2358,51678
-25294,2346,51694
-25306,2323,51726
-25312,2311,51742
-25324,2287,51775
-25331,2275,51791
-25349,2238,51841
-25356,2226,51858
-25277,2271,51714
-25289,2248,51746
-25295,2237,51761
-25301,2225,51777
-24587,1962,47108
-23707,1859,45818
-23590,2025,45682
-23596,1843,45756
-23649,1759,45845
-23540,1665,45846
-25114,2129,49395
-25058,1875,49508
-25076,1771,49582
-24970,1813,49484
-25375,2190,51909
-25307,2213,51792
-25318,2190,51824
-25324,2179,51840
-25336,2158,51870
-25342,2149,51885
-25360,2123,51929
-25366,2114,51944
-25385,2086,51989
-25292,2142,51812
-25303,2125,51839
-25309,2117,51853
-25315,2108,51867
-25320,2100,51881
-25332,2083,51909
-25337,2075,51923
-25349,2058,51951
-25355,2049,51965
-25372,2023,52008
-25378,2014,52023
-25308,2045,51893
-25396,1987,52067
-25319,2028,51920
-25324,2020,51933
-25330,2012,51947
-25335,2004,51960
-25346,1987,51987
-25352,1979,52001
-25363,1963,52028
-25369,1954,52042
-25386,1929,52084
-25392,1920,52099
-25325,1953,51971
-25409,1895,52141
-25335,1937,51998
-25341,1929,52011
-25346,1921,52024
-25351,1914,52037
-25368,1895,52074
-25362,1900,52062
-25379,1884,52099
-25385,1878,52111
-25402,1862,52148
-25408,1856,52161
-25344,1884,52039
-25425,1839,52199
-25355,1874,52062
-25360,1869,52074
-25371,1859,52097
-25365,1864,52086
-25382,1848,52120
-25387,1843,52132
-25398,1833,52156
-25403,1828,52168
-25366,1839,52097
-25420,1812,52204
-25426,1806,52216
-25376,1829,52119
-25387,1819,52142
-25381,1824,52130
-25443,1790,52253
-25392,1814,52153
-25408,1799,52187
-25402,1804,52175
-25424,1784,52221
-25389,1798,52152
-25418,1789,52210
-25399,1788,52174
-25409,1778,52195
-25404,1783,52185
-24540,1615,47274
-24496,1284,47432
-23633,1565,45934
-23520,1566,45861
-23597,1412,46001
-23558,1293,46036
-23493,1318,46003
-23447,1304,45961
-25021,1517,49695
-25039,1415,49768
-24938,1436,49684
-25446,1763,52268
-25440,1768,52257
-25414,1774,52206
-25413,1761,52205
-25430,1759,52240
-25424,1764,52228
-25462,1747,52305
-25423,1751,52226
-25428,1747,52237
-25440,1749,52262
-25433,1742,52248
-25445,1744,52273
-25461,1729,52307
-25437,1737,52258
-25447,1728,52280
-25437,1724,52258
-25447,1715,52279
-25463,1714,52312
-25466,1724,52319
-25452,1723,52291
-25468,1709,52323
-25483,1709,52354
-25451,1711,52289
-25461,1702,52310
-25456,1706,52300
-25471,1693,52331
-25483,1695,52356
-25461,1688,52312
-25475,1688,52341
-25488,1690,52368
-25485,1679,52362
-25480,1670,52352
-25475,1675,52342
-25490,1674,52373
-25470,1679,52332
-25504,1675,52402
-25494,1657,52382
-25505,1660,52405
-25484,1666,52362
-25510,1655,52416
-25498,1653,52392
-25485,1652,52365
-25499,1639,52394
-25494,1643,52384
-25513,1639,52423
-25508,1644,52413
-25526,1641,52450
-25508,1630,52414
-25503,1635,52404
-25527,1626,52454
-25522,1618,52443
-25517,1622,52433
-25532,1621,52465
-25531,1609,52463
-25509,1615,52418
-25518,1607,52437
-25523,1603,52446
-25547,1607,52497
-25527,1599,52456
-25535,1605,52473
-25531,1595,52465
-25550,1591,52503
-25534,1579,52471
-25545,1582,52494
-25540,1586,52484
-25554,1587,52513
-25551,1563,52508
-25569,1573,52545
-25542,1571,52490
-25558,1570,52523
-25555,1559,52517
-25553,1574,52513
-25546,1567,52499
-25572,1557,52552
-25568,1547,52545
-25563,1551,52535
-25558,1543,52525
-25576,1552,52562
-25566,1535,52542
-25581,1535,52573
-25576,1539,52563
-25570,1531,52551
-25574,1527,52560
-25590,1539,52593
-25594,1522,52601
-25591,1512,52595
-25578,1523,52569
-25586,1516,52586
-25598,1518,52611
-25582,1506,52578
-25599,1504,52613
-25594,1495,52603
-25612,1505,52640
-25590,1499,52595
-25603,1500,52622
-25602,1488,52620
-25598,1492,52612
-25616,1488,52650
-25614,1477,52646
-25610,1480,52638
-25620,1484,52659
-25622,1469,52663
-25634,1471,52688
-25614,1463,52647
-25626,1465,52672
-25606,1470,52631
-25617,1459,52656
-25625,1452,52672
-25621,1456,52664
-25638,1454,52699
-25633,1445,52689
-25642,1450,52708
-25637,1441,52697
-25638,1427,52700
-25655,1438,52735
-25630,1434,52684
-25648,1430,52722
-25644,1434,52714
-25649,1417,52724
-25645,1420,52716
-25641,1423,52708
-25664,1415,52756
-25660,1419,52748
-25656,1410,52740
-25660,1406,52748
-25677,1404,52783
-25671,1396,52772
-25667,1399,52764
-25665,1388,52760
-25654,1397,52738
-25661,1391,52753
-25672,1381,52776
-25668,1384,52768
-25686,1381,52805
-25683,1371,52799
-25682,1385,52797
-25679,1374,52791
-25679,1361,52791
-25694,1361,52822
-25690,1364,52814
-25698,1370,52831
-25689,1352,52813
-25685,1355,52805
-25705,1350,52846
-25692,1348,52820
-24454,958,47589
-23548,1087,46147
-23486,1036,46133
-23450,986,46155
-23377,1057,46054
-23310,826,46140
-24985,1160,49881
-25003,1059,49953
-24906,1081,49870
-25706,1336,52849
-25720,1336,52878
-25695,1345,52827
-25708,1347,52854
-25702,1339,52842
-25713,1329,52864
-25703,1325,52844
-25727,1316,52894
-25716,1326,52872
-25709,1319,52858
-25712,1316,52865
-25716,1313,52872
-25719,1310,52879
-25730,1313,52902
-25729,1300,52900
-25725,1303,52893
-25741,1302,52926
-25735,1294,52914
-25727,1289,52897
-25739,1291,52922
-25749,1281,52943
-25736,1280,52917
-25733,1283,52911
-25739,1277,52924
-25752,1278,52951
-25742,1274,52931
-25749,1268,52944
-25763,1268,52973
-25752,1265,52951
-25761,1256,52971
-25758,1259,52965
-25751,1252,52950
-25757,1247,52963
-25771,1247,52992
-25766,1238,52982
-25763,1241,52976
-25760,1244,52970
-25774,1244,52999
-25784,1235,53021
-25772,1233,52995
-25775,1230,53002
-25784,1221,53021
-25781,1224,53015
-25775,1216,53004
-25793,1213,53041
-25784,1208,53022
-25781,1211,53016
-25798,1195,53052
-25796,1210,53048
-25795,1197,53046
-25789,1203,53034
-25806,1201,53069
-25786,1205,53028
-25804,1189,53065
-25805,1175,53068
-25806,1186,53071
-25799,1180,53057
-25815,1178,53090
-25810,1170,53080
-25807,1172,53074
-25818,1175,53097
-25813,1167,53086
-25821,1159,53103
-25818,1162,53097
-25827,1167,53116
-25829,1152,53121
-25826,1154,53115
-25829,1139,53121
-25834,1134,53132
-25823,1143,53110
-25840,1141,53145
-25837,1144,53139
-25836,1131,53137
-25831,1136,53127
-25849,1133,53164
-25841,1127,53149
-25844,1124,53154
-25852,1117,53171
-25849,1119,53165
-25848,1107,53163
-25860,1109,53188
-25862,1107,53194
-25871,1099,53211
-25860,1096,53189
-25855,1100,53179
-25857,1098,53184
-25872,1084,53215
-25852,1102,53174
-25867,1089,53205
-25864,1091,53200
-25874,1082,53221
-25882,1075,53237
-25879,1064,53231
-25872,1071,53217
-25884,1073,53242
-25881,1062,53236
-25876,1066,53226
-25892,1065,53259
-25888,1056,53251
-25883,1060,53241
-25895,1049,53266
-25890,1054,53256
-25897,1047,53271
-25904,1040,53286
-25896,1034,53270
-25914,1031,53307
-25906,1038,53291
-25907,1024,53293
-25902,1028,53283
-25900,1030,53279
-25913,1018,53306
-25911,1020,53302
-25904,1026,53288
-25919,1012,53320
-25917,1014,53316
-25926,1006,53335
-25928,1004,53339
-25920,998,53323
-25935,998,53354
-25930,989,53344
-25928,991,53340
-25926,992,53336
-25924,994,53332
-25936,983,53357
-25934,985,53353
-25942,977,53370
-25940,979,53366
-25957,964,53402
-25952,955,53392
-25950,970,53388
-25950,957,53388
-25948,972,53384
-25948,958,53384
-25944,962,53376
-25965,943,53420
-25963,944,53416
-25959,948,53408
-25957,950,53404
-25953,953,53396
-25970,937,53432
-25978,930,53449
-25972,935,53437
-25974,921,53440
-25972,922,53437
-25977,917,53448
-25975,919,53444
-25968,925,53430
-25982,913,53459
-25980,914,53455
-25987,908,53470
-25985,909,53466
-24412,633,47745
-23500,782,46283
-23417,794,46222
-23409,686,46292
-23434,550,46368
-23352,569,46306
-23246,608,46220
-24955,832,50055
-24974,742,50122
-24888,802,50022
-24939,570,50199
-24958,487,50263
-24881,574,50153
-22570,509,45952
-22570,509,45952
-22570,509,45952
-22570,509,45952
-22570,509,45952
-22570,509,45952
-22570,509,45952
-22570,509,45952
-22570,509,45952
-22570,509,45952
-22570,509,45952
-22570,509,45952
-22570,509,45952
-22570,509,45952
-22570,509,45952
-22570,509,45952
-22570,509,45952
-22570,509,45952
-22570,509,45952
-22570,509,45952
-22570,509,45952
-22570,509,45952
-22570,509,45952
-22570,509,45952
-22570,509,45952
-22570,509,45952
-22570,509,45952
-22570,509,45952
-22570,509,45952
-22570,509,45952
-22570,509,45952
-22570,509,45952
-22570,509,45952
-22570,509,45952
-22570,509,45952
-22570,509,45952
-22570,509,45952
-22570,509,45952
-22570,509,45952
-22570,509,45952
-22570,509,45952
-22570,509,45952
-22570,509,45952
-22570,509,45952
-22570,509,45952
-22570,509,45952
-22570,509,45952
-22570,509,45952
-22570,509,45952
-22570,509,45952
-22570,509,45952
-22570,509,45952
-22570,509,45952
-22570,509,45952
-22570,509,45952
-22570,509,45952
-22570,509,45952
-22570,509,45952
-22570,509,45952
-22570,509,45952
-22570,509,45952
-22570,509,45952
-22570,509,45952
-22570,509,45952
-22570,509,45952
-22570,509,45952
-22570,509,45952
-22570,509,45952
-22570,509,45952
-22570,509,45952
-22570,509,45952
-22570,509,45952
-22570,509,45952
-22570,509,45952
-22570,509,45952
-22570,509,45952
-22570,509,45952
-22570,509,45952
-22570,509,45952
-22570,509,45952
-22570,509,45952
-22570,509,45952
-22570,509,45952
-22570,509,45952
-22570,509,45952
-22570,509,45952
-22570,509,45952
-22570,509,45952
-22570,509,45952
-22570,509,45952
-22570,509,45952
-22570,509,45952
-22570,509,45952
-22570,509,45952
-22570,509,45952
-22570,509,45952
-22570,509,45952
-22570,509,45952
-22570,509,45952
-22570,509,45952
-22570,509,45952
-22570,509,45952
-22570,509,45952
-22570,509,45952
-22570,509,45952
-22570,509,45952
-22570,509,45952
-22570,509,45952
-22570,509,45952
-22570,509,45952
-22570,509,45952
-22570,509,45952
-22570,509,45952
-22570,509,45952
-22570,509,45952
-22570,509,45952
-22570,509,45952
-22570,509,45952
-22570,509,45952
-22570,509,45952
-22570,509,45952
-22570,509,45952
-22570,509,45952
-22570,509,45952
-22570,509,45952
-22570,509,45952
-22570,509,45952
-22570,509,45952
-22570,509,45952
-22570,509,45952
-22570,509,45952
-22570,509,45952
-22570,509,45952
-22570,509,45952
-22570,509,45952
-22570,509,45952
-22570,509,45952
-22570,509,45952
-22570,509,45952
-22570,509,45952
-22570,509,45952
-22570,509,45952
-22570,509,45952
-22570,509,45952
-22570,509,45952
-22570,509,45952
-22570,509,45952
-22570,509,45952
-22570,509,45952
-22570,509,45952
-22570,509,45952
-22570,509,45952
-22570,509,45952
-22570,509,45952
-22570,509,45952
-22570,509,45952
-22570,509,45952
-22570,509,45952
-22570,509,45952
-22570,509,45952
-22570,509,45952
-22570,509,45952
-22570,509,45952
-22570,509,45952
-22570,509,45952
-22570,509,45952
-22570,509,45952
-22570,509,45952
-22570,509,45952
-22570,509,45952
-22570,509,45952
-22570,509,45952
-22570,509,45952
-22570,509,45952
-22570,509,45952
-22570,509,45952
-22570,509,45952
-22570,509,45952
-22570,509,45952
-22570,509,45952
-22570,509,45952
-22570,509,45952
-22570,509,45952
-22570,509,45952
-22570,509,45952
-22570,509,45952
-22570,509,45952
-22570,509,45952
-22570,509,45952
-22570,509,45952
-22570,509,45952
-22570,509,45952
-22570,509,45952
-22570,509,45952
-22570,509,45952
-22570,509,45952
-22570,509,45952
-22570,509,45952
-22570,509,45952
-22570,509,45952
-22570,509,45952
-22570,509,45952
-22570,509,45952
-22570,509,45952
-22570,509,45952
-22570,509,45952
-22570,509,45952
-22570,509,45952
-22570,509,45952
-22570,509,45952
-22570,509,45952
-22570,509,45952
-22570,509,45952
-22570,509,45952
-22570,509,45952
-22570,509,45952
-22570,509,45952
-22570,509,45952
-22570,509,45952
-22570,509,45952
-22570,509,45952
-22570,509,45952
-22570,509,45952
-22570,509,45952
-22570,509,45952
-22570,509,45952
-22570,509,45952
-22570,509,45952
-22570,509,45952
-22570,509,45952
-22570,509,45952
-22570,509,45952
-22570,509,45952
-22570,509,45952
-22570,509,45952
-22570,509,45952
-22570,509,45952
-22570,509,45952
-22570,509,45952
-22570,509,45952
-22570,509,45952
-22570,509,45952
-22570,509,45952
-22570,509,45952
-22570,509,45952
-22570,509,45952
-22570,509,45952
-22570,509,45952
-22570,509,45952
-22570,509,45952
-22570,509,45952
-22570,509,45952
-22570,509,45952
-22570,509,45952
-22570,509,45952
-22570,509,45952
-22570,509,45952
-22570,509,45952
-22570,509,45952
-22570,509,45952
-22570,509,45952
-22570,509,45952
-22570,509,45952
-22570,509,45952
-22570,509,45952
-22570,509,45952
-22570,509,45952
-22570,509,45952
-22570,509,45952
-22570,509,45952
-22570,509,45952
-22570,509,45952
-22570,509,45952
-22570,509,45952
-22570,509,45952
-22570,509,45952
-22570,509,45952
-22570,509,45952
-22570,509,45952
-22570,509,45952
-22570,509,45952
-22570,509,45952
-22570,509,45952
-22570,509,45952
-22570,509,45952
-22570,509,45952
-22570,509,45952
-22570,509,45952
-22570,509,45952
-22570,509,45952
-22570,509,45952
-22570,509,45952
-22570,509,45952
-22570,509,45952
-22570,509,45952
-22570,509,45952
-22570,509,45952
-22570,509,45952
-22570,509,45952
-22570,509,45952
-22570,509,45952
-22570,509,45952
-22570,509,45952
-22570,509,45952
-22570,509,45952
-22570,509,45952
-22570,509,45952
-22570,509,45952
-22570,509,45952
-22570,509,45952
-22570,509,45952
-22570,509,45952
-22570,509,45952
-22570,509,45952
-22570,509,45952
-22570,509,45952
-22570,509,45952
-22570,509,45952
-22570,509,45952
-22570,509,45952
-22570,509,45952
-22570,509,45952
-22570,509,45952
-22570,509,45952
-22570,509,45952
-22570,509,45952
-22570,509,45952
-22570,509,45952
-22570,509,45952
-22570,509,45952
-22570,509,45952
-22570,509,45952
-22570,509,45952
-22570,509,45952
-22570,509,45952
-22570,509,45952
-22570,509,45952
-22570,509,45952
-22570,509,45952
-22570,509,45952
-22570,509,45952
-22570,509,45952
-22570,509,45952
-22570,509,45952
-22570,509,45952
-22570,509,45952
-22570,509,45952
-22570,509,45952
-22570,509,45952
-22570,509,45952
-22570,509,45952
-22570,509,45952
-22570,509,45952
-22570,509,45952
-22570,509,45952
-22570,509,45952
-22570,509,45952
-22570,509,45952
-22570,509,45952
-22570,509,45952
-22570,509,45952
-22570,509,45952
-22570,509,45952
-22570,509,45952
-22570,509,45952
-22570,509,45952
-22570,509,45952
-22570,509,45952
-22570,509,45952
-22570,509,45952
-22570,509,45952
-22570,509,45952
-22570,509,45952
-22570,509,45952
-22570,509,45952
-22570,509,45952
-22570,509,45952
-22570,509,45952
-22570,509,45952
-22570,509,45952
-22570,509,45952
-22570,509,45952
-22570,509,45952
-22570,509,45952
-22570,509,45952
-22570,509,45952
-22570,509,45952
-22570,509,45952
-22570,509,45952
-22570,509,45952
-22570,509,45952
-22570,509,45952
-22570,509,45952
-22570,509,45952
-22570,509,45952
-22570,509,45952
-22570,509,45952
-22570,509,45952
-22570,509,45952
-22570,509,45952
-22570,509,45952
-22570,509,45952
-22570,509,45952
-22570,509,45952
-22570,509,45952
-22570,509,45952
-22570,509,45952
-22570,509,45952
-22570,509,45952
-22570,509,45952
-22570,509,45952
-22570,509,45952
-22570,509,45952
-22570,509,45952
-22570,509,45952
-22570,509,45952
-22570,509,45952
-22570,509,45952
-22570,509,45952
-22570,509,45952
-22570,509,45952
-22570,509,45952
-22570,509,45952
-22570,509,45952
-22570,509,45952
-22570,509,45952
-22570,509,45952
-22570,509,45952
-22570,509,45952
-22570,509,45952
-22570,509,45952
-22570,509,45952
-22570,509,45952
-22570,509,45952
-22570,509,45952
-22570,509,45952
-22570,509,45952
-22570,509,45952
-22570,509,45952
-22570,509,45952
-22570,509,45952
-22570,509,45952
-22570,509,45952
-22570,509,45952
-22570,509,45952
-22570,509,45952
-22570,509,45952
-22570,509,45952
-22570,509,45952
-22570,509,45952
-22570,509,45952
-22570,509,45952
-22570,509,45952
-22570,509,45952
-22570,509,45952
-22570,509,45952
-22570,509,45952
-22570,509,45952
-22570,509,45952
-22570,509,45952
-22570,509,45952
-22570,509,45952
-22570,509,45952
-22570,509,45952
-22570,509,45952
-22570,509,45952
-22570,509,45952
-22570,509,45952
-22570,509,45952
-22570,509,45952
-22570,509,45952
-22570,509,45952
-22570,509,45952
-22570,509,45952
-22570,509,45952
-22570,509,45952
-22570,509,45952
-22570,509,45952
-22570,509,45952
-22570,509,45952
-22570,509,45952
-22570,509,45952
-22570,509,45952
-22570,509,45952
-22570,509,45952
-22570,509,45952
-22570,509,45952
-22570,509,45952
-22570,509,45952
-22570,509,45952
-22570,509,45952
-22570,509,45952
-22570,509,45952
-22570,509,45952
-22570,509,45952
-22570,509,45952
-22570,509,45952
-22570,509,45952
-22570,509,45952
-22570,509,45952
-22570,509,45952
-22570,509,45952
-22570,509,45952
-22570,509,45952
-22570,509,45952
-22570,509,45952
-22570,509,45952
-22570,509,45952
-22570,509,45952
-22570,509,45952
-22570,509,45952
-22570,509,45952
-22570,509,45952
-22570,509,45952
-22570,509,45952
-22570,509,45952
-22570,509,45952
-22570,509,45952
-22570,509,45952
-22570,509,45952
-22570,509,45952
-22570,509,45952
-22570,509,45952
-22570,509,45952
-22570,509,45952
-22570,509,45952
-22570,509,45952
-22570,509,45952
-22570,509,45952
-22570,509,45952
-22570,509,45952
-22570,509,45952
-22570,509,45952
-22570,509,45952
-22570,509,45952
-22570,509,45952
-22570,509,45952
-22570,509,45952
-22570,509,45952
-22570,509,45952
-22570,509,45952
-22570,509,45952
-22570,509,45952
-22570,509,45952
-22570,509,45952
-22570,509,45952
-22570,509,45952
-22570,509,45952
-22570,509,45952
-22570,509,45952
-22570,509,45952
-22570,509,45952
-22570,509,45952
-22570,509,45952
-22570,509,45952
-22570,509,45952
-22570,509,45952
-22570,509,45952
-22570,509,45952
-22570,509,45952
-22570,509,45952
-22570,509,45952
-22570,509,45952
-22570,509,45952
-22570,509,45952
-22570,509,45952
-22570,509,45952
-22570,509,45952
-22570,509,45952
-22570,509,45952
-22570,509,45952
-22570,509,45952
-22570,509,45952
-22570,509,45952
-22570,509,45952
-22570,509,45952
-22570,509,45952
-22570,509,45952
-22570,509,45952
-22570,509,45952
-22570,509,45952
-22570,509,45952
-22570,509,45952
-22570,509,45952
-22570,509,45952
-22570,509,45952
-22570,509,45952
-22570,509,45952
-22570,509,45952
-22570,509,45952
-22570,509,45952
-22570,509,45952
-22570,509,45952
-22570,509,45952
-22570,509,45952
-22570,509,45952
-22570,509,45952
-22570,509,45952
-22570,509,45952
-22570,509,45952
-22570,509,45952
-22570,509,45952
-22570,509,45952
-22570,509,45952
-22570,509,45952
-22570,509,45952
-22570,509,45952
-22570,509,45952
-22570,509,45952
-22570,509,45952
-22570,509,45952
-22570,509,45952
-22570,509,45952
-22570,509,45952
-22570,509,45952
-22570,509,45952
-22570,509,45952
-22570,509,45952
-22570,509,45952
-22570,509,45952
-22570,509,45952
-22570,509,45952
-22570,509,45952
-22570,509,45952
-22570,509,45952
-22570,509,45952
-22570,509,45952
-22570,509,45952
-22570,509,45952
-22570,509,45952
-22570,509,45952
-22570,509,45952
-22570,509,45952
-22570,509,45952
-22570,509,45952
-22570,509,45952
-22570,509,45952
-22570,509,45952
-22570,509,45952
-22570,509,45952
-22570,509,45952
-22570,509,45952
-22570,509,45952
-22570,509,45952
-22570,509,45952
-22570,509,45952
-22570,509,45952
-22570,509,45952
-22570,509,45952
-22570,509,45952
-22570,509,45952
-22570,509,45952
-22570,509,45952
-22570,509,45952
-22570,509,45952
-22570,509,45952
-22570,509,45952
-22570,509,45952
-22570,509,45952
-22570,509,45952
-22570,509,45952
-22570,509,45952
-22570,509,45952
-22570,509,45952
-22570,509,45952
-22570,509,45952
-22570,509,45952
-22570,509,45952
-22570,509,45952
-22570,509,45952
-22570,509,45952
-22570,509,45952
-22570,509,45952
-22570,509,45952
-22570,509,45952
-22570,509,45952
-22570,509,45952
-22570,509,45952
-22570,509,45952
-22570,509,45952
-22570,509,45952
-22570,509,45952
-22570,509,45952
-22570,509,45952
-22570,509,45952
-22570,509,45952
-22570,509,45952
-22570,509,45952
-22570,509,45952
-22570,509,45952
-22570,509,45952
-22570,509,45952
-22570,509,45952
-22570,509,45952
-22570,509,45952
-22570,509,45952
-22570,509,45952
-22570,509,45952
-22573,488,45964
-22573,486,45965
-22575,473,45972
-22578,450,45985
-25993,903,53481
-25994,901,53485
-26000,896,53497
-25996,886,53489
-25993,889,53483
-25999,883,53496
-26000,882,53499
-25997,885,53493
-26010,873,53520
-26008,874,53516
-26005,877,53510
-26003,879,53506
-26015,868,53530
-26020,850,53542
-26017,853,53536
-26016,867,53534
-26027,843,53557
-26024,846,53551
-26021,862,53545
-26021,849,53545
-26028,842,53560
-26022,847,53548
-26031,839,53567
-26037,834,53579
-26043,828,53592
-26038,833,53582
-26032,838,53570
-26045,813,53597
-26041,816,53589
-26050,808,53608
-26046,812,53600
-26047,811,53603
-26043,814,53595
-26054,804,53617
-26051,807,53611
-26059,800,53628
-26055,803,53620
-26060,798,53631
-26070,776,53652
-26065,780,53642
-26064,794,53640
-26071,775,53655
-26067,778,53647
-26068,777,53650
-26078,768,53669
-26074,772,53662
-26073,773,53660
-26086,761,53687
-26081,765,53677
-26076,769,53667
-26082,764,53680
-26092,741,53702
-26091,742,53700
-26089,744,53696
-26094,739,53706
-26093,740,53704
-26108,727,53735
-26100,734,53719
-26099,735,53717
-26097,736,53713
-26096,737,53711
-26104,730,53728
-26103,731,53726
-26116,705,53754
-26115,706,53753
-26113,708,53749
-26118,704,53758
-26117,704,53756
-26123,699,53769
-26122,700,53767
-26120,701,53764
-26119,702,53762
-26129,693,53783
-26126,695,53777
-26125,696,53775
-26138,671,53802
-26143,667,53813
-26140,669,53807
-26139,670,53805
-26141,668,53810
-26140,669,53808
-26145,665,53817
-26151,659,53830
-26148,662,53824
-26143,666,53814
-26148,661,53825
-26145,664,53819
-26165,632,53861
-26162,635,53855
-26166,631,53864
-26164,633,53860
-26163,634,53858
-26170,627,53873
-26168,629,53869
-26166,631,53865
-26163,633,53859
-26170,627,53874
-26167,630,53868
-26172,625,53878
-26188,597,53912
-26187,598,53910
-26194,591,53925
-26191,594,53919
-26189,596,53915
-26188,597,53913
-26187,597,53911
-26186,599,53909
-26192,593,53922
-26190,595,53918
-26189,595,53916
-26192,593,53923
-26211,562,53963
-26214,559,53970
-26213,560,53968
-26212,560,53966
-26211,562,53964
-26211,561,53964
-26210,562,53962
-26215,557,53973
-26214,558,53971
-26213,559,53969
-26212,560,53967
-26211,561,53965
-26236,525,54018
-26236,525,54018
-26235,526,54016
-26235,525,54016
-26237,524,54021
-26236,524,54019
-26235,525,54017
-26235,525,54017
-26234,526,54015
-26236,524,54020
-26235,525,54018
-26234,526,54016
-26258,490,54068
-26258,490,54068
-26258,490,54068
-26258,490,54068
-26258,490,54068
-26258,490,54068
-26258,490,54068
-26258,490,54068
-26258,490,54068
-26258,490,54068
-26258,490,54068
-26258,490,54068
-26258,490,54068
-26258,490,54068
-26258,490,54068
-26258,490,54068
-24369,325,47890
-24327,18,48035
-23370,397,46423
-23369,329,46448
-23288,353,46384
-23330,110,46553
-23304,112,46526
-23184,399,46297
-23225,142,46461
-23122,195,46371
-23062,7,46438
-24934,366,50317
-24952,305,50370
-24885,400,50261
-24936,225,50407
-24955,166,50458
-24892,248,50358
-24940,89,50495
-24958,30,50545
-24898,113,50445
-22589,387,46021
-22591,363,46034
-22592,357,46037
-22595,336,46049
-22604,291,46075
-22607,258,46093
-22611,234,46107
-22621,199,46128
-22612,226,46111
-22624,157,46151
-22637,112,46180
-22629,120,46172
-22630,115,46175
-22654,28,46229
-22641,61,46207
-22647,19,46231
-22650,1,46241
13969,-156,-154211
13968,-135,-154203
13966,-86,-154181
13967,-112,-154193
13964,-56,-154168
13962,-23,-154152
