-25895,-1,53273
-25898,0,53279
-25890,-3,53262
-25892,-3,53266
-25897,0,53276
-25900,0,53282
-25885,-6,53251
-25887,-5,53255
-25889,-4,53259
-25894,-2,53269
-25883,-32,53246
-25881,-34,53241
-25871,-39,53220
-25874,-37,53226
-25877,-36,53232
-25861,-44,53199
-25880,-34,53238
-25863,-43,53203
-25868,-40,53213
-25886,-30,53250
-25870,-40,53217
-25873,-38,53223
-25876,-37,53229
-25879,-35,53235
-25865,-42,53206
-25867,-41,53210
-25854,-47,53183
-25856,-46,53187
-25858,-45,53191
-25860,-45,53195
-25852,-74,53178
-25857,-70,53188
-25846,-77,53165
-25849,-76,53171
-25836,-82,53144
-25838,-81,53148
-25843,-79,53158
-25845,-78,53162
-25848,-76,53168
-25851,-75,53174
-25855,-72,53182
-25840,-80,53151
-25842,-79,53155
-25827,-87,53124
-25829,-86,53128
-25831,-85,53132
-25833,-84,53136
-25835,-83,53140
-25823,-89,53115
-25825,-88,53119
-25828,-110,53125
-25823,-115,53114
-25815,-119,53097
-25802,-125,53070
-25820,-116,53107
-25804,-124,53074
-25822,-115,53111
-25806,-123,53078
-25808,-122,53082
-25826,-113,53119
-25810,-121,53086
-25798,-127,53061
-25817,-118,53100
-25800,-126,53065
-25819,-117,53104
-25794,-129,53052
-25812,-120,53089
-25796,-128,53056
-25814,-119,53093
-25792,-130,53047
-25789,-157,53040
-25794,-155,53050
-25797,-153,53056
-25800,-150,53062
-25791,-157,53043
-25793,-156,53047
-25784,-160,53028
-25786,-159,53032
-25788,-158,53036
-25776,-164,53012
-25778,-163,53016
-25780,-162,53020
-25782,-161,53024
-25765,-169,52989
-25772,-166,53003
-25774,-165,53007
-25763,-170,52984
-25768,-168,52994
-25770,-167,52998
-25761,-172,52979
-25765,-195,52987
-25768,-193,52993
-25771,-190,52999
-25750,-203,52955
-25752,-202,52959
-25754,-201,52963
-25756,-200,52967
-25739,-208,52932
-25758,-199,52971
-25760,-198,52975
-25762,-197,52979
-25746,-205,52946
-25764,-196,52983
-25729,-213,52911
-25748,-204,52950
-25737,-209,52927
-25744,-206,52941
-25732,-212,52916
-25742,-231,52936
-25742,-207,52936
-25735,-210,52921
-25736,-236,52923
-25739,-233,52929
-25720,-243,52889
-25727,-240,52903
-25711,-248,52870
-25729,-239,52907
-25731,-238,52911
-25733,-237,52915
-25716,-246,52880
-25735,-236,52919
-25718,-245,52884
-25723,-242,52894
-25706,-250,52859
-25725,-241,52898
-25709,-249,52865
-25714,-247,52875
-25698,-254,52842
-25701,-253,52848
-25704,-252,52854
-25710,-273,52866
-25705,-277,52855
-25707,-276,52859
-25714,-271,52873
-25701,-279,52847
-25703,-278,52851
-25690,-284,52824
-25697,-281,52838
-25699,-280,52842
-25683,-288,52809
-25688,-285,52819
-25695,-282,52833
-25678,-290,52798
-25686,-287,52814
-25693,-283,52828
-25681,-289,52803
-25667,-296,52774
-25670,-294,52780
-25673,-293,52786
-25676,-292,52792
-25678,-316,52796
-25685,-311,52810
-25674,-318,52787
-25676,-317,52791
-25682,-314,52803
-25665,-323,52768
-25650,-330,52737
-25670,-320,52778
-25672,-319,52782
-25658,-326,52753
-25663,-324,52763
-25668,-322,52773
-25653,-329,52742
-25656,-327,52748
-25639,-336,52713
-25642,-334,52719
-25661,-325,52758
-25645,-333,52725
-25648,-331,52731
-25636,-337,52706
-25656,-351,52747
-25647,-358,52728
-25649,-357,52732
-25653,-354,52739
-25640,-361,52713
-25645,-359,52723
-25633,-365,52698
-25638,-362,52708
-25643,-360,52718
-25628,-367,52687
-25631,-366,52693
-25614,-374,52658
-25617,-372,52664
-25636,-363,52703
-25620,-371,52670
-25623,-370,52676
-25608,-377,52645
-25626,-368,52682
-25611,-375,52651
-25620,-397,52669
-25605,-379,52638
-25613,-400,52654
-25618,-398,52664
-25603,-405,52633
-25624,-394,52676
-25628,-391,52684
-25611,-402,52649
-25595,-409,52616
-25616,-399,52659
-25606,-404,52638
-25598,-408,52621
-25580,-417,52584
-25601,-407,52627
-25609,-403,52643
-25593,-411,52610
-25577,-418,52577
-25584,-415,52591
-25587,-414,52597
-25590,-412,52603
-25574,-420,52570
-25591,-437,52605
-25595,-434,52613
-25599,-431,52621
-25589,-438,52600
-25576,-445,52573
-25579,-443,52579
-25584,-441,52589
-25587,-440,52595
-25582,-442,52584
-25574,-446,52567
-25565,-450,52550
-25568,-449,52556
-25571,-447,52562
-25559,-453,52537
-25562,-452,52543
-25553,-456,52524
-25556,-455,52530
-25546,-460,52509
-25566,-474,52550
-25550,-458,52517
-25570,-471,52558
-25543,-461,52502
-25562,-478,52541
-25560,-479,52536
-25557,-480,52531
-25549,-484,52514
-25552,-483,52520
-25535,-491,52484
-25555,-481,52525
-25538,-490,52490
-25541,-488,52496
-25544,-487,52502
-25547,-485,52508
-25532,-493,52477
-25515,-501,52442
-25522,-497,52456
-25529,-494,52470
-25533,-518,52478
-25537,-515,52486
-25519,-499,52449
-25542,-511,52496
-25525,-522,52461
-25526,-496,52463
-25528,-521,52467
-25512,-503,52434
-25511,-529,52431
-25531,-519,52472
-25514,-527,52437
-25517,-526,52443
-25520,-525,52449
-25523,-523,52455
-25498,-535,52404
-25505,-532,52418
-25508,-530,52424
-25495,-537,52397
-25480,-544,52366
-25502,-534,52411
-25484,-542,52374
-25488,-540,52382
-25513,-551,52433
-25504,-558,52414
-25492,-539,52389
-25493,-564,52391
-25496,-562,52397
-25499,-561,52403
-25484,-568,52372
-25487,-567,52378
-25490,-565,52384
-25509,-555,52423
-25481,-570,52365
-25502,-560,52408
-25471,-575,52344
-25478,-571,52358
-25475,-573,52351
-25484,-591,52370
-25449,-585,52298
-25468,-576,52337
-25453,-584,52306
-25457,-582,52314
-25461,-580,52322
-25465,-578,52330
-25475,-599,52350
-25480,-595,52360
-25451,-611,52300
-25473,-600,52345
-25461,-606,52320
-25464,-604,52326
-25448,-612,52293
-25467,-603,52332
-25470,-601,52338
-25458,-607,52313
-25441,-616,52278
-25455,-609,52306
-25438,-617,52271
-25445,-614,52285
-25426,-623,52247
-25430,-621,52255
-25434,-619,52263
-25418,-627,52230
-25422,-625,52238
-25446,-639,52287
-25434,-645,52262
-25456,-631,52307
-25431,-646,52255
-25451,-635,52296
-25421,-651,52234
-25444,-640,52281
-25428,-648,52248
-25418,-653,52227
-25438,-643,52268
-25441,-642,52274
-25425,-650,52241
-25411,-657,52212
-25415,-655,52219
-25403,-660,52196
-25407,-658,52204
-25427,-671,52244
-25391,-666,52170
-25414,-681,52217
-25417,-679,52223
-25400,-662,52188
-25422,-676,52233
-25387,-668,52161
-25408,-684,52204
-25411,-682,52210
-25396,-664,52179
-25398,-689,52183
-25405,-685,52197
-25395,-690,52176
-25402,-687,52190
-25388,-694,52161
-25392,-692,52169
-25384,-696,52153
-25360,-707,52103
-25398,-711,52181
-25369,-703,52121
-25388,-720,52160
-25373,-701,52129
-25393,-716,52170
-25377,-699,52137
-25381,-697,52145
-25365,-705,52112
-25385,-721,52153
-25356,-710,52093
-25382,-723,52146
-25372,-728,52125
-25379,-724,52139
-25369,-729,52118
-25376,-726,52132
-25365,-731,52111
-25346,-740,52071
-25350,-738,52079
-25354,-737,52087
-25358,-735,52095
-25342,-742,52062
-25362,-733,52103
-25364,-756,52107
-25329,-749,52035
-25338,-744,52053
-25359,-760,52096
-25370,-751,52118
-25334,-747,52044
-25356,-762,52089
-25325,-751,52025
-25353,-763,52082
-25346,-767,52068
-25339,-770,52053
-25343,-768,52061
-25328,-776,52030
-25350,-765,52075
-25332,-774,52038
-25320,-779,52013
-25324,-777,52021
-25316,-781,52004
-25336,-772,52045
-25303,-788,51977
-25341,-791,52055
-25312,-784,51995
-25308,-786,51986
-25294,-792,51957
-25299,-790,51967
-25330,-800,52032
-25320,-805,52011
-25327,-802,52025
-25313,-809,51996
-25336,-796,52043
-25324,-804,52018
-25298,-816,51964
-25317,-807,52003
-25302,-814,51972
-25306,-813,51980
-25290,-820,51947
-25310,-811,51988
-25294,-818,51955
-25281,-825,51928
-25286,-822,51938
-25312,-832,51992
-25301,-841,51969
-25272,-829,51909
-25277,-827,51919
-25287,-848,51939
-25307,-836,51980
-25291,-846,51947
-25298,-842,51961
-25263,-834,51889
-25268,-831,51899
-25272,-855,51907
-25276,-853,51915
-25295,-844,51954
-25280,-851,51923
-25284,-850,51931
-25268,-857,51898
-25255,-864,51871
-25241,-870,51842
-25264,-859,51889
-25246,-868,51852
-25251,-866,51862
-25272,-881,51905
-25278,-877,51917
-25260,-861,51880
-25284,-872,51929
-25237,-873,51832
-25232,-875,51821
-25265,-885,51890
-25269,-883,51898
-25246,-894,51850
-25250,-892,51858
-25254,-890,51866
-25258,-888,51874
-25242,-896,51841
-25262,-886,51882
-25229,-902,51814
-25238,-898,51832
-25220,-907,51795
-25234,-900,51823
-25255,-912,51866
-25225,-905,51804
-25216,-909,51785
-25211,-912,51774
-25249,-917,51854
-25200,-917,51753
-25243,-921,51841
-25232,-927,51818
-25236,-925,51826
-25240,-923,51834
-25206,-914,51764
-25212,-937,51776
-25216,-935,51784
-25225,-931,51802
-25229,-929,51810
-25221,-933,51793
-25208,-939,51766
-25194,-946,51738
-25199,-943,51748
-25226,-952,51803
-25220,-957,51790
-25204,-941,51757
-25185,-950,51718
-25169,-958,51685
-25190,-948,51728
-25180,-953,51707
-25211,-964,51770
-25175,-955,51696
-25215,-962,51778
-25203,-967,51754
-25207,-966,51762
-25195,-971,51737
-25199,-969,51745
-25182,-978,51710
-25191,-973,51728
-25173,-982,51691
-25178,-980,51701
-25187,-975,51719
-25159,-989,51661
-25164,-987,51671
-25169,-984,51681
-25154,-992,51650
-25138,-999,51617
-25149,-994,51639
-25144,-997,51628
-25199,-1015,51730
-25153,-1037,51636
-25162,-1035,51654
-25144,-1040,51617
-25149,-1038,51627
-25129,-1044,51588
-25113,-1049,51555
-25134,-1043,51598
-25158,-1036,51645
-25119,-1047,51567
-25139,-1041,51608
-25124,-1046,51577
-25108,-1051,51544
-25175,-1032,51679
-25167,-1034,51662
-25171,-1033,51670
-25193,-1023,51715
-25179,-1031,51686
-25183,-1030,51694
-25187,-1030,51702
-25089,-1123,51483
-25078,-1127,51460
-25100,-1120,51505
-25084,-1125,51472
-25095,-1122,51494
-25106,-1119,51515
-25111,-1118,51525
-25116,-1117,51535
-25121,-1116,51545
-25130,-1114,51563
-25126,-1115,51554
-25135,-1113,51571
-25174,-1098,51648
-25140,-1113,51580
-25144,-1113,51588
-25168,-1105,51633
-25149,-1112,51596
-25153,-1112,51604
-25157,-1112,51612
-25162,-1112,51619
-25048,-1232,51362
-25054,-1231,51373
-25060,-1229,51385
-25066,-1228,51396
-25072,-1228,51407
-25077,-1227,51417
-25083,-1227,51427
-25088,-1226,51436
-25093,-1226,51446
-25099,-1226,51455
-25104,-1226,51464
-25109,-1227,51472
-25118,-1228,51489
-25114,-1227,51480
-25150,-1211,51551
-25123,-1228,51496
-25128,-1229,51504
-25133,-1229,51512
-25144,-1221,51534
-25137,-1230,51519
-25018,-1358,51252
-25024,-1357,51264
-25031,-1356,51276
-25037,-1355,51287
-25043,-1354,51298
-25049,-1353,51309
-25055,-1353,51319
-25061,-1353,51329
-25067,-1353,51339
-25072,-1353,51348
-25078,-1353,51357
-25083,-1353,51366
-25088,-1354,51374
-25094,-1354,51383
-25128,-1335,51448
-25099,-1355,51391
-25104,-1355,51399
-25121,-1346,51431
-25109,-1356,51407
-25114,-1357,51414
-24987,-1503,51131
-24994,-1500,51145
-25001,-1499,51157
-25008,-1497,51169
-25015,-1498,51180
-25021,-1498,51191
-25028,-1499,51201
-25034,-1499,51211
-25040,-1500,51220
-25046,-1501,51229
-25052,-1502,51238
-25057,-1503,51247
-25063,-1504,51255
-25069,-1505,51263
-25074,-1507,51271
-25105,-1485,51331
-25079,-1508,51279
-25097,-1500,51312
-25085,-1509,51287
-25090,-1511,51294
-24954,-1669,50998
-24962,-1667,51011
-24970,-1666,51024
-24977,-1666,51036
-24984,-1665,51048
-24992,-1665,51059
-24999,-1665,51070
-25005,-1665,51081
-25012,-1665,51091
-25019,-1665,51101
-25025,-1665,51111
-25031,-1666,51120
-25038,-1666,51129
-25044,-1667,51138
-25050,-1668,51147
-25082,-1644,51209
-25056,-1668,51155
-25061,-1669,51164
-25075,-1658,51190
-25067,-1670,51172
-24920,-1850,50854
-24929,-1848,50868
-24937,-1845,50883
-24946,-1843,50896
-24954,-1842,50910
-24962,-1840,50922
-24970,-1840,50934
-24977,-1841,50944
-24984,-1842,50954
-24991,-1843,50964
-24998,-1844,50974
-25004,-1845,50983
-25011,-1846,50992
-25017,-1847,51001
-25024,-1849,51009
-25059,-1821,51076
-25030,-1850,51018
-25050,-1839,51053
-25036,-1852,51026
-25042,-1853,51034
-24884,-2042,50703
-24893,-2041,50717
-24903,-2039,50732
-24911,-2038,50745
-24920,-2037,50758
-24929,-2036,50771
-24937,-2035,50783
-24945,-2034,50795
-24953,-2034,50807
-24961,-2034,50818
-24969,-2034,50829
-24976,-2034,50839
-24984,-2034,50850
-24991,-2034,50860
-24998,-2034,50869
-25035,-2007,50936
-25005,-2036,50878
-25026,-2026,50914
-25012,-2038,50886
-25018,-2040,50894
-24840,-2253,50538
-24857,-2242,50560
-24868,-2238,50577
-24878,-2236,50592
-24887,-2235,50605
-24896,-2235,50618
-24905,-2235,50630
-24914,-2235,50642
-24922,-2235,50653
-24930,-2236,50664
-24938,-2236,50675
-24946,-2237,50685
-24954,-2237,50695
-24962,-2238,50705
-24969,-2239,50715
-24745,-2530,50320
-25011,-2202,50791
-24977,-2240,50724
-24984,-2241,50734
-25001,-2224,50765
-24991,-2242,50743
-24783,-2497,50361
-24813,-2472,50394
-24835,-2457,50420
-24851,-2450,50439
-24861,-2448,50454
-24871,-2447,50467
-24880,-2445,50481
-24890,-2445,50493
-24899,-2444,50506
-24908,-2443,50518
-24917,-2443,50529
-24925,-2444,50540
-24933,-2446,50549
-24941,-2447,50559
-24984,-2412,50635
-24949,-2449,50568
-24956,-2450,50577
-24974,-2434,50609
-24964,-2452,50586
-24595,-2877,50042
-24658,-2818,50106
-24708,-2772,50159
-24750,-2735,50203
-24784,-2707,50240
-24811,-2686,50269
-24831,-2673,50293
-24845,-2667,50311
-24855,-2666,50324
-24865,-2666,50336
-24874,-2666,50348
-24884,-2666,50360
-24893,-2666,50371
-24902,-2666,50382
-24910,-2667,50393
-24959,-2624,50478
-24919,-2667,50404
-24947,-2648,50450
-24928,-2668,50414
-24936,-2669,50424
-24711,-2993,50029
-24750,-2960,50070
-24781,-2935,50103
-24806,-2918,50130
-24825,-2907,50151
-24839,-2903,50167
-24850,-2905,50178
-24860,-2908,50189
-24870,-2912,50199
-24881,-2917,50208
-24891,-2923,50217
-24937,-2889,50292
-24901,-2931,50225
-24924,-2917,50260
-24912,-2938,50233
-24367,-3320,49678
-24461,-3228,49773
-24542,-3150,49855
-24610,-3085,49924
-24666,-3034,49981
-24485,-3439,49656
-24558,-3374,49727
-24620,-3322,49786
-24671,-3284,49834
-24714,-3255,49874
-24752,-3234,49908
-24783,-3220,49936
-24810,-3213,49958
-24831,-3213,49975
-24848,-3220,49987
-24861,-3231,49994
-24873,-3245,50000
-24886,-3261,50005
-24924,-3229,50068
-24912,-3258,50035
-24899,-3278,50008
-24194,-3717,49369
-24303,-3611,49476
-24400,-3518,49572
-24435,-3805,49419
-24515,-3748,49490
-24585,-3703,49549
-24645,-3671,49596
-24695,-3653,49633
-24739,-3644,49663
-24778,-3643,49687
-24812,-3648,49705
-24841,-3659,49719
-24865,-3674,49728
-24885,-3694,49734
-24930,-3665,49801
-24916,-3696,49765
-24901,-3718,49736
-24079,-3830,49254
-24017,-4154,49035
-24132,-4053,49143
-24242,-3960,49245
-24344,-3876,49338
-24493,-4266,49186
-24571,-4228,49244
-24639,-4200,49293
-24697,-4182,49332
-24746,-4173,49364
-24789,-4169,49390
-24827,-4171,49411
-24860,-4177,49428
-24933,-4116,49521
-24915,-4153,49481
-24889,-4187,49441
-23771,-4382,48796
-23896,-4263,48920
-23966,-4596,48758
-24084,-4513,48858
-24198,-4438,48953
-24306,-4371,49041
-24405,-4313,49118
-24629,-4755,48972
-24695,-4728,49019
-24751,-4712,49057
-24798,-4704,49086
-24839,-4701,49110
-24918,-4592,49222
-24882,-4649,49166
-23586,-4897,48414
-23717,-4787,48536
-23844,-4687,48650
-24051,-5098,48512
-24165,-5024,48606
-24274,-4954,48695
-24377,-4891,48777
-24470,-4836,48851
-24554,-4791,48916
-24866,-5112,48886
-24812,-5190,48811
-23449,-5018,48284
-23682,-5352,48199
-23810,-5261,48310
-23933,-5177,48414
-24236,-5550,48337
-24342,-5482,48424
-24440,-5422,48502
-24529,-5370,48572
-24610,-5327,48634
-24683,-5293,48688
-24747,-5267,48733
-24769,-5686,48501
-23264,-5664,47830
-23409,-5553,47960
-23548,-5449,48083
-23768,-5878,47938
-23892,-5788,48046
-24011,-5703,48149
-24126,-5624,48246
-24398,-6032,48131
-24495,-5970,48210
-24583,-5917,48280
-24682,-5801,48393
-23113,-5783,47693
-23367,-6184,47580
-23506,-6076,47705
-23639,-5974,47825
-23956,-6344,47753
-24073,-6258,47855
-24186,-6178,47952
-24294,-6102,48044
-24596,-6356,48029
-24473,-6517,47881
-22919,-6545,47166
-23074,-6418,47311
-23223,-6297,47449
-23582,-6629,47419
-23711,-6529,47535
-23836,-6434,47647
-24123,-6836,47540
-24234,-6753,47637
-24342,-6675,47730
-22758,-6679,47014
-23169,-6963,47037
-23312,-6846,47171
-23449,-6735,47298
-23642,-7210,47107
-23768,-7109,47223
-23890,-7013,47333
-24008,-6922,47439
-24346,-7137,47461
-24197,-7336,47278
-22711,-7347,46602
-22869,-7213,46753
-23021,-7086,46898
-23242,-7538,46732
-23379,-7424,46861
-23513,-7315,46986
-23810,-7715,46882
-23930,-7618,46993
-24048,-7524,47101
-22379,-7631,46282
-22548,-7486,46445
-22957,-7777,46461
-23101,-7655,46599
-23432,-8026,46529
-23561,-7919,46650
-23687,-7816,46768
-24042,-8011,46809
-22495,-8172,46017
-22654,-8035,46171
-22807,-7904,46319
-23026,-8366,46145
-23165,-8249,46277
-23300,-8135,46405
-23880,-8234,46603
-23599,-8541,46296
-23722,-8439,46411
-22161,-8462,45692
-22331,-8314,45858
-22738,-8612,45868
-22884,-8487,46008
-23215,-8862,45934
-23346,-8752,46058
-23474,-8645,46179
-23717,-8932,46113
-21986,-8617,45520
-22432,-8876,45571
-22587,-8742,45722
-22804,-9212,45540
-22945,-9092,45675
-23081,-8975,45806
-23547,-9168,45897
-23382,-9384,45694
-21937,-9311,45085
-22107,-9161,45254
-22272,-9016,45415
-22512,-9465,45257
-22660,-9337,45401
-22993,-9716,45322
-23125,-9603,45449
-23255,-9492,45573
-23379,-9880,45393
-21761,-9468,44911
-22204,-9735,44955
-22361,-9598,45109
-22718,-9953,45057
-22857,-9833,45191
-23202,-10129,45165
-21579,-9631,44730
-21879,-10023,44634
-22044,-9877,44797
-22282,-10334,44632
-22431,-10203,44777
-22576,-10076,44919
-22899,-10470,44825
-22765,-10586,44695
-23031,-10356,44952
-21709,-10173,44467
-21535,-10328,44295
-22130,-10467,44483
-21974,-10604,44330
-22628,-10705,44562
-22488,-10826,44426
-23029,-10854,44649
-22846,-11112,44410
-21354,-10488,44115
-21168,-10654,43930
-21814,-10745,44172
-21650,-10890,44009
-22345,-10951,44287
-22200,-11078,44144
-22051,-11208,43999
-22670,-11347,44189
-22535,-11464,44058
-21481,-11039,43842
-21307,-11192,43671
-21899,-11340,43850
-21744,-11476,43697
-22397,-11583,43924
-22257,-11704,43788
-22675,-11854,43882
-21129,-11349,43494
-20946,-11512,43312
-21584,-11616,43541
-21421,-11758,43380
-22115,-11827,43650
-21970,-11953,43508
-21822,-12082,43364
-22488,-12121,43637
-22308,-12362,43410
-20756,-11679,43124
-21254,-11905,43216
-21083,-12056,43047
-21670,-12213,43216
-21516,-12348,43065
-22170,-12477,43279
-22030,-12596,43145
-20906,-12211,42873
-20725,-12370,42694
-21358,-12485,42911
-21196,-12627,42752
-21888,-12717,43007
-21743,-12841,42866
-21595,-12969,42722
-22329,-12956,43067
-22139,-13240,42811
-20538,-12535,42509
-20346,-12705,42319
-21030,-12771,42590
-20860,-12920,42423
-21444,-13099,42576
-21290,-13232,42425
-21956,-13495,42575
-21813,-13602,42446
-20686,-13072,42252
-20506,-13230,42075
-21133,-13368,42272
-20972,-13508,42115
-21669,-13712,42313
-21523,-13825,42178
-21998,-14233,42170
-20321,-13392,41893
-20131,-13559,41705
-20807,-13651,41954
-20638,-13798,41788
-21374,-13943,42039
-21222,-14065,41896
-21068,-14191,41750
-21805,-14538,41903
-19935,-13731,41511
-20465,-13948,41619
-20287,-14103,41444
-20911,-14322,41600
-20750,-14456,41445
-21619,-14807,41660
-21472,-14899,41535
-20105,-14262,41265
-19917,-14426,41081
-20587,-14595,41287
-20419,-14737,41125
-21323,-14996,41407
-21172,-15097,41276
-21018,-15203,41141
-21691,-15735,41172
-19723,-14596,40890
-20247,-14884,40959
-20071,-15036,40786
-20862,-15313,41003
-20703,-15427,40860
-21496,-16061,40893
-19523,-14771,40691
-19889,-15192,40608
-19703,-15352,40425
-20540,-15548,40711
-20375,-15673,40558
-21306,-16344,40641
-21153,-16418,40523
-19511,-15518,40237
-20206,-15804,40401
-20033,-15940,40239
-20997,-16496,40401
-20839,-16579,40275
-20679,-16667,40146
-19313,-15689,40042
-19110,-15865,39842
-19857,-16082,40071
-19677,-16230,39898
-20516,-16761,40012
-20351,-16860,39874
-21407,-17461,40067
-19492,-16383,39720
-19302,-16542,39537
-20182,-16964,39731
-20011,-17074,39583
-19837,-17191,39431
-21207,-17810,39772
-21013,-18108,39509
-19107,-16707,39347
-18906,-16877,39152
-19659,-17313,39273
-19477,-17442,39110
-20692,-18225,39283
-20854,-18164,39398
-20527,-18290,39164
-18699,-17054,38950
-19291,-17577,38941
-19101,-17720,38766
-20361,-18359,39042
-20192,-18433,38916
-20020,-18513,38785
-21141,-19391,38857
-18907,-17871,38585
-18707,-18028,38397
-19845,-18598,38650
-19667,-18689,38510
-19486,-18786,38364
-20938,-19761,38551
-18501,-18193,38202
-19301,-18890,38213
-19113,-19001,38057
-20236,-20208,37953
-20407,-20159,38065
-20574,-20114,38173
-20740,-20073,38279
-18290,-18365,38000
-18921,-19120,37894
-18724,-19246,37724
-20063,-20260,37837
-19888,-20318,37718
-19709,-20379,37594
-20892,-21506,37555
-18523,-19381,37548
-18317,-19524,37365
-19528,-20446,37466
-19343,-20518,37333
-20686,-21896,37236
-18104,-19677,37173
-17878,-19839,36965
-19155,-20597,37195
-18963,-20681,37052
-18767,-20772,36902
-20139,-22282,36752
-20312,-22251,36855
-20484,-22223,36954
-18567,-20871,36747
-18363,-20977,36585
-19962,-22316,36645
-19783,-22355,36536
-19601,-22397,36422
-18154,-21093,36416
-17936,-21218,36235
-19416,-22444,36304
-19228,-22495,36182
-19036,-22551,36056
-20658,-23787,36164
-20448,-24199,35832
-17704,-21354,36036
-17456,-21502,35820
-18841,-22612,35924
-18642,-22679,35788
-18439,-22752,35644
-20064,-24556,35447
-20241,-24540,35542
-18231,-22829,35494
-18018,-22915,35336
-19518,-24620,35143
-19330,-24647,35034
-19702,-24596,35247
-19884,-24576,35349
-17793,-23009,35165
-17555,-23113,34979
-19139,-24678,34922
-18944,-24713,34803
-18745,-24753,34680
-20435,-26212,34693
-20222,-26637,34348
-17302,-23227,34776
-17033,-23352,34555
-18542,-24797,34553
-18336,-24847,34420
-18125,-24903,34281
-19644,-26999,33862
-19830,-26992,33957
-20012,-26987,34048
-17906,-24965,34134
-17676,-25034,33973
-19264,-27022,33661
-19456,-27009,33763
-19069,-27039,33555
-20224,-28749,33146
-17431,-25112,33798
-17172,-25199,33607
-18871,-27059,33445
-18670,-27082,33331
-18464,-27110,33213
-20005,-29194,32785
-16898,-25295,33400
-16606,-25402,33178
-18255,-27142,33090
-18040,-27180,32961
-17816,-27223,32825
-19409,-29555,32291
-19215,-29557,32195
-19601,-29556,32383
-19789,-29558,32473
-17579,-27273,32677
-17329,-27329,32515
-19017,-29562,32097
-18817,-29570,31998
-18612,-29581,31896
-20016,-31383,31532
-17065,-27394,32338
-16785,-27466,32145
-18404,-29595,31789
-18192,-29613,31678
-17973,-29636,31560
-19791,-31842,31165
-19376,-32211,30765
-19570,-32217,30850
-16489,-27547,31935
-16172,-27638,31702
-17742,-29663,31430
-17500,-29697,31289
-17244,-29736,31134
-19179,-32207,30677
-18979,-32205,30586
-18775,-32205,30492
-19807,-34070,29897
-16975,-29782,30966
-16690,-29835,30781
-18568,-32208,30393
-18357,-32213,30291
-18142,-32222,30185
-17917,-32235,30070
-19576,-34542,29521
-16389,-29895,30579
-16068,-29960,30355
-17681,-32252,29944
-17433,-32274,29806
-19349,-34928,29196
-19149,-34921,29110
-18947,-34915,29021
-18741,-34911,28930
-19595,-36788,28231
-15722,-30032,30107
-17173,-32298,29657
-16900,-32327,29493
-16612,-32361,29316
-18532,-34910,28835
-18319,-34910,28737
-18100,-34912,28633
-17871,-34916,28519
-19358,-37272,27845
-16308,-32401,29122
-15981,-32448,28905
-17631,-34924,28395
-17380,-34935,28260
-17116,-34951,28113
-19124,-37667,27512
-18921,-37659,27425
-18714,-37652,27334
-18504,-37646,27241
-19375,-39499,26550
-15631,-32502,28666
-15256,-32563,28401
-16838,-34971,27954
-16547,-34996,27781
-18289,-37642,27144
-18066,-37641,27040
-17833,-37643,26926
-17588,-37648,26802
-19134,-39989,26154
-18896,-40391,25811
-16237,-35025,27590
-15905,-35061,27377
-17332,-37657,26668
-17064,-37668,26522
-16783,-37684,26364
-18689,-40391,25719
-18478,-40392,25624
-18260,-40393,25525
-18033,-40395,25418
-19145,-42166,24866
-15549,-35102,27141
-15170,-35149,26881
-16486,-37703,26191
-16171,-37727,26000
-17795,-40398,25302
-17547,-40403,25176
-17286,-40411,25039
-18897,-42667,24460
-18653,-43080,24108
-18441,-43093,24008
-14766,-35202,26597
-15834,-37754,25788
-15475,-37786,25556
-17014,-40422,24892
-16728,-40436,24732
-16428,-40453,24560
-18221,-43106,23901
-17991,-43120,23786
-17750,-43134,23662
-17499,-43150,23530
-18899,-44793,23183
-18643,-45304,22764
-15093,-37823,25302
-14688,-37865,25024
-16108,-40472,24369
-15768,-40495,24160
-17237,-43166,23390
-16962,-43182,23239
-16675,-43199,23079
-18389,-45728,22396
-18166,-45753,22283
-17934,-45779,22161
-17693,-45806,22032
-18628,-47334,21513
-14261,-37912,24725
-15406,-40521,23930
-15023,-40551,23680
-16371,-43217,22905
-16048,-43236,22713
-17440,-45833,21895
-17177,-45861,21748
-16902,-45889,21593
-18361,-47853,21081
-18092,-48289,20696
-17860,-48338,20564
-17619,-48387,20424
-18335,-49816,19848
-14616,-40585,23407
-14189,-40623,23116
-15705,-43257,22504
-15340,-43280,22275
-14955,-43307,22027
-16613,-45917,21427
-16308,-45946,21246
-15983,-45976,21049
-17367,-48433,20277
-17103,-48478,20123
-16828,-48521,19961
-18052,-50342,19400
-17767,-50785,18999
-17524,-50842,18855
-18022,-52261,18175
-13747,-40668,22808
-14547,-43336,21758
-14122,-43369,21472
-15639,-46005,20836
-15274,-46035,20605
-16539,-48562,19789
-16232,-48603,19601
-15906,-48644,19398
-17270,-50900,18702
-17007,-50961,18541
-16733,-51023,18370
-17723,-52794,17710
-17423,-53242,17294
-13682,-43407,21171
-14888,-46064,20355
-14481,-46093,20088
-15561,-48685,19179
-15197,-48726,18943
-16444,-51087,18186
-16137,-51152,17987
-15813,-51215,17773
-17167,-53306,17138
-16902,-53372,16974
-16626,-53439,16801
-17689,-54660,16500
-17374,-55197,16019
-17059,-55649,15588
-13226,-43450,20855
-14057,-46124,19806
-13619,-46158,19511
-14812,-48767,18690
-14407,-48807,18419
-15469,-51275,17545
-15106,-51333,17301
-16333,-53508,16613
-16024,-53578,16409
-15698,-53650,16191
-16792,-55721,15421
-16513,-55793,15244
-16218,-55867,15052
-17337,-57003,14827
-17007,-57540,14332
-16677,-57995,13888
-13165,-46197,19201
-12696,-46240,18876
-13987,-48849,18136
-13553,-48890,17841
-14723,-51388,17042
-14322,-51440,16768
-13906,-51493,16484
-15355,-53723,15956
-14994,-53798,15705
-14614,-53875,15437
-15906,-55943,14845
-15578,-56019,14623
-15233,-56097,14386
-16395,-58075,13705
-16096,-58155,13509
-15782,-58236,13297
-16966,-59281,13162
-16621,-59819,12654
-16269,-60275,12190
-16577,-61489,11508
-13104,-48933,17534
-12640,-48977,17213
-13477,-51546,16187
-13034,-51600,15879
-14218,-53952,15155
-13809,-54028,14863
-14871,-56176,14133
-14491,-56256,13863
-14097,-56339,13581
-15452,-58319,13072
-15106,-58402,12831
-14742,-58486,12575
-15968,-60362,11988
-15652,-60450,11772
-15319,-60538,11540
-16208,-62026,10979
-15832,-62482,10489
-16160,-63628,9853
-12158,-49021,16879
-12575,-51654,15559
-12100,-51710,15225
-13386,-54102,14561
-12949,-54173,14247
-13690,-56423,13285
-13271,-56510,12978
-14362,-58571,12302
-13968,-58657,12017
-13564,-58746,11721
-14971,-60627,11295
-14606,-60717,11034
-14226,-60808,10759
-15512,-62577,10267
-15178,-62673,10031
-14829,-62769,9781
-15765,-64163,9299
-15366,-64620,8788
-15030,-64722,8546
-15714,-65699,8198
-15295,-66232,7619
-11608,-51766,14874
-12496,-54243,13922
-12027,-54311,13584
-12839,-56600,12658
-12393,-56693,12325
-13147,-58837,11414
-12717,-58930,11094
-13834,-60900,10472
-13430,-60994,10174
-13015,-61090,9865
-14463,-62865,9516
-14083,-62963,9237
-13691,-63061,8947
-14678,-64825,8291
-14311,-64928,8020
-13931,-65032,7737
-14873,-66688,7085
-14520,-66797,6824
-15241,-67704,6540
-14798,-68235,5935
-11541,-54379,13232
-11037,-54448,12864
-11932,-56786,11979
-11455,-56878,11620
-12274,-59026,10761
-11817,-59126,10415
-12588,-61189,9544
-12148,-61289,9211
-13289,-63162,8646
-12876,-63264,8335
-12451,-63368,8013
-13540,-65138,7444
-13140,-65244,7141
-12728,-65353,6827
-14152,-66907,6548
-13771,-67017,6261
-13381,-67129,5965
-14353,-68690,5375
-13984,-68805,5094
-14740,-69645,4870
-13603,-68921,4802
-14274,-70174,4241
-13808,-70628,3658
-14214,-71527,3196
-10961,-56968,11247
-10454,-57048,10866
-11346,-59228,10054
-10861,-59332,9679
-11694,-61393,8865
-11227,-61498,8506
-12014,-63474,7679
-11564,-63582,7333
-12305,-65463,6503
-11871,-65575,6168
-12982,-67242,5658
-12572,-67357,5341
-12151,-67473,5014
-13213,-69038,4502
-12815,-69157,4192
-12406,-69278,3873
-13428,-70750,3363
-13038,-70872,3060
-12640,-70996,2747
-13726,-72054,2543
-13246,-72507,1944
-12858,-72633,1637
-13664,-73331,1526
-13163,-73845,859
-10370,-59427,9299
-9876,-59508,8915
-10752,-61598,8138
-10274,-61688,7767
-9793,-61766,7392
-11104,-63688,6977
-10640,-63785,6617
-10174,-63871,6253
-11426,-65687,5822
-10976,-65792,5472
-10524,-65887,5118
-11720,-67590,4677
-11283,-67703,4333
-10843,-67807,3987
-11988,-69400,3544
-11562,-69519,3207
-11135,-69629,2868
-12233,-71122,2426
-11820,-71244,2096
-11405,-71358,1764
-12463,-72759,1322
-12060,-72885,999
-11654,-73005,672
-12675,-74288,247
-12281,-74420,-71
-13103,-75057,-137
-11883,-74547,-393
-12591,-75568,-819
-12096,-76007,-1441
-12531,-76732,-1800
-9308,-61833,7012
-9704,-63946,5886
-9232,-64009,5515
-10068,-65972,4760
-9611,-66043,4399
-10401,-67899,3638
-9959,-67979,3286
-10707,-69728,2527
-10278,-69817,2183
-9846,-69896,1838
-10988,-71465,1429
-10570,-71562,1093
-10150,-71650,755
-11246,-73117,344
-10838,-73221,14
-10429,-73317,-316
-11484,-74667,-717
-11085,-74779,-1041
-10686,-74883,-1366
-11705,-76131,-1760
-11314,-76249,-2079
-10923,-76358,-2398
-12016,-77232,-2488
-11528,-77651,-3105
-11960,-78346,-3449
-11144,-77766,-3420
-11453,-78824,-4133
-11403,-79881,-5072
-8758,-64058,5141
-9153,-66101,4036
-8694,-66144,3671
-8240,-66167,3311
-9515,-68047,2932
-9069,-68104,2576
-8625,-68145,2223
-9413,-69965,1491
-8980,-70021,1144
-9729,-71729,416
-9307,-71797,76
-8889,-71850,-260
-10019,-73404,-647
-9608,-73481,-979
-9199,-73547,-1310
-10286,-74978,-1691
-9885,-75065,-2017
-9484,-75142,-2345
-10532,-76460,-2717
-10140,-76553,-3039
-9748,-76638,-3361
-10760,-77873,-3736
-10376,-77972,-4052
-9992,-78063,-4367
-10973,-79223,-4746
-9609,-78145,-4682
-10597,-79327,-5056
-10220,-79424,-5366
-9844,-79513,-5676
-10906,-80331,-5746
-10435,-80706,-6349
-10862,-81335,-6662
-10065,-80800,-6654
-10374,-81765,-7329
-10338,-82735,-8234
-8188,-68164,1875
-7757,-68161,1534
-8553,-70058,802
-8132,-70074,466
-7716,-70068,135
-8477,-71883,-590
-8070,-71895,-917
-7669,-71888,-1238
-8795,-73594,-1638
-8397,-73623,-1960
-8004,-73633,-2275
-9087,-75204,-2669
-8698,-75248,-2987
-8314,-75275,-3298
-7936,-75283,-3604
-9358,-76711,-3680
-8975,-76767,-3993
-8599,-76806,-4300
-8229,-76828,-4601
-9233,-78212,-4991
-8864,-78262,-5294
-8501,-78295,-5590
-9474,-79589,-5982
-9110,-79648,-6280
-8754,-79692,-6572
-9699,-80884,-6956
-8404,-79720,-6857
-9341,-80952,-7250
-8991,-81004,-7538
-9913,-82121,-7925
-8646,-81041,-7819
-9559,-82196,-8215
-9213,-82255,-8499
-8874,-82300,-8775
-9862,-83143,-8891
-10008,-83194,-9101
-9425,-83463,-9465
-9542,-83588,-9749
-9091,-83513,-9736
-9677,-83657,-9986
-9115,-83896,-10313
-9221,-84037,-10624
-9345,-84124,-10890
-8899,-84488,-11517
-9013,-84594,-11810
-7306,-70040,-190
-7273,-71859,-1553
-6876,-71815,-1868
-7618,-73623,-2585
-7236,-73594,-2890
-6849,-73554,-3199
-6453,-73505,-3514
-7563,-75273,-3904
-7192,-75247,-4202
-6815,-75213,-4505
-7864,-76832,-4896
-7505,-76819,-5185
-7143,-76794,-5476
-8144,-78312,-5880
-6775,-76761,-5772
-7792,-78312,-6164
-7444,-78297,-6444
-7091,-78273,-6728
-8059,-79731,-7137
-7719,-79727,-7411
-7380,-79711,-7684
-8308,-81063,-8094
-7035,-79688,-7961
-7975,-81069,-8363
-7647,-81061,-8628
-8542,-82330,-9046
-7315,-81045,-8894
-8215,-82345,-9310
-7894,-82345,-9569
-7574,-82334,-9825
-8763,-83549,-10001
-7250,-82315,-10083
-8442,-83571,-10260
-8126,-83578,-10512
-8786,-83937,-10576
-7816,-83569,-10758
-8465,-83964,-10833
-7504,-83551,-11001
-8149,-83978,-11084
-8803,-84331,-11178
-7840,-83976,-11328
-8481,-84364,-11433
-7534,-83961,-11559
-8166,-84383,-11682
-7857,-84387,-11916
-8491,-84769,-12060
-7555,-84377,-12142
-8177,-84794,-12299
-8579,-84943,-12422
-7869,-84805,-12529
-8682,-85063,-12745
-7568,-84800,-12750
-8181,-85210,-12943
-7874,-85225,-13170
-8260,-85397,-13333
-7574,-85226,-13390
-8354,-85535,-13680
-7873,-85651,-13839
-7574,-85657,-14055
-7944,-85854,-14256
-8028,-86005,-14637
-7568,-86092,-14748
-7630,-86309,-15196
-7706,-86478,-15603
-6430,-75167,-4813
-6035,-75113,-5129
-6399,-76721,-6074
-6014,-76672,-6383
-5620,-76614,-6700
-6731,-78241,-7017
-6364,-78202,-7312
-5989,-78155,-7613
-5605,-78100,-7921
-6684,-79657,-8243
-6326,-79619,-8530
-5961,-79572,-8821
-6978,-81021,-9165
-5589,-79513,-9104
-6636,-80989,-9438
-6288,-80947,-9707
-5934,-80895,-9975
-6922,-82286,-10339
-6589,-82249,-10592
-6252,-82203,-10846
-7189,-83525,-11239
-5909,-82148,-11102
-6870,-83491,-11479
-7226,-83938,-11790
-6547,-83449,-11720
-6915,-83908,-12022
-6219,-83399,-11962
-6600,-83869,-12254
-7253,-84356,-12365
-5886,-83340,-12206
-6281,-83823,-12488
-6949,-84329,-12588
-5957,-83768,-12723
-6642,-84293,-12811
-7272,-84782,-12966
-6332,-84250,-13036
-6974,-84755,-13182
-6017,-84199,-13263
-6673,-84721,-13399
-7279,-85212,-13602
-6370,-84679,-13616
-6988,-85187,-13810
-6062,-84631,-13835
-6694,-85155,-14018
-7281,-85649,-14263
-6397,-85115,-14226
-6994,-85627,-14464
-6098,-85068,-14435
-6706,-85597,-14664
-7276,-86089,-14953
-6417,-85559,-14863
-6991,-86073,-15150
-6124,-85514,-15063
-6709,-86044,-15342
-6426,-86008,-15534
-7266,-86533,-15673
-6141,-85964,-15725
-6982,-86521,-15866
-6704,-86496,-16053
-7321,-86765,-16146
-6427,-86462,-16236
-6148,-86420,-16419
-7389,-86953,-16579
-6968,-86975,-16607
-6692,-86955,-16790
-6420,-86923,-16966
-7017,-87224,-17106
-6148,-86883,-17141
-6675,-87418,-17552
-7075,-87424,-17572
-6406,-87389,-17725
-6138,-87350,-17893
-6714,-87677,-18084
-6382,-87856,-18517
-6764,-87894,-18579
-6415,-88130,-19074
-6459,-88363,-19595
-5213,-78034,-8226
-5209,-79444,-9391
-4822,-79364,-9682
-5573,-80834,-10246
-5206,-80763,-10520
-4831,-80681,-10797
-4447,-80587,-11077
-5559,-82084,-11360
-5203,-82009,-11621
-4840,-81925,-11885
-4469,-81831,-12152
-5547,-83272,-12452
-5202,-83195,-12701
-5628,-83706,-12959
-4849,-83109,-12952
-5294,-83635,-13198
-4489,-83013,-13207
-5696,-84140,-13492
-4952,-83554,-13440
-5371,-84072,-13724
-4604,-83464,-13686
-5751,-84574,-14055
-5039,-83996,-13958
-5434,-84511,-14277
-4701,-83911,-14195
-5112,-84439,-14502
-5794,-85015,-14645
-4785,-84359,-14728
-5486,-84954,-14857
-5174,-84885,-15071
-4451,-84270,-14957
-5829,-85462,-15263
-4856,-84809,-15287
-5529,-85404,-15465
-4533,-84725,-15506
-5225,-85338,-15669
-5852,-85914,-15917
-4916,-85265,-15874
-5560,-85857,-16110
-4602,-85184,-16082
-5264,-85794,-16305
-5866,-86372,-16602
-4963,-85723,-16501
-5582,-86317,-16786
-4658,-85645,-16698
-5293,-86256,-16971
-5001,-86187,-17157
-5873,-86837,-17316
-4704,-86112,-17345
-5595,-86784,-17491
-5314,-86724,-17666
-5029,-86657,-17844
-5869,-87305,-18062
-4740,-86583,-18023
-5597,-87252,-18230
-5323,-87194,-18398
-6120,-87820,-18679
-5045,-87128,-18567
-5857,-87776,-18839
-4764,-87056,-18737
-5592,-87725,-18999
-5324,-87668,-19159
-5053,-87605,-19319
-6095,-88295,-19492
-5838,-88252,-19644
-4779,-87536,-19480
-5579,-88204,-19796
-5317,-88149,-19948
-6123,-88583,-20074
-5054,-88088,-20100
-4787,-88020,-20252
-5812,-88734,-20477
-6160,-88832,-20622
-5559,-88687,-20621
-5304,-88634,-20765
-5047,-88575,-20909
-5835,-89036,-21084
-4787,-88508,-21052
-5533,-89176,-21474
-5867,-89300,-21660
-5284,-89124,-21610
-5033,-89065,-21745
-4780,-89000,-21880
-5553,-89487,-22107
-5257,-89613,-22485
-5011,-89554,-22614
-5575,-89758,-22718
-4763,-89490,-22743
-5271,-89930,-23151
-4981,-90043,-23516
-4739,-89980,-23637
-5287,-90209,-23795
-4991,-90364,-24213
-5004,-90652,-24890
-4089,-81725,-12423
-4121,-82907,-13465
-3743,-82792,-13729
-4247,-83364,-13936
-3882,-83254,-14190
-4356,-83817,-14434
-3507,-83135,-14450
-4004,-83714,-14678
-3642,-83603,-14926
-4110,-84173,-15190
-3271,-83482,-15180
-3761,-84068,-15427
-4203,-84633,-15728
-3403,-83955,-15669
-3865,-84533,-15953
-3036,-83832,-15916
-4282,-85096,-16294
-3520,-84426,-16184
-3956,-85000,-16509
-3166,-84310,-16419
-3622,-84897,-16728
-4348,-85559,-16899
-3279,-84786,-16952
-4031,-85466,-17102
-3708,-85367,-17309
-4403,-86029,-17534
-3377,-85261,-17520
-4096,-85939,-17725
-3039,-85146,-17736
-3783,-85842,-17921
-4446,-86502,-18204
-3462,-85738,-18122
-4148,-86413,-18387
-3134,-85625,-18327
-3843,-86319,-18573
-4478,-86978,-18908
-3532,-86216,-18762
-4188,-86892,-19081
-3215,-86107,-18954
-3893,-86799,-19255
-3592,-86700,-19433
-4502,-87459,-19642
-3284,-86594,-19614
-4220,-87375,-19804
-3933,-87285,-19968
-3641,-87189,-20136
-4517,-87945,-20404
-3343,-87087,-20306
-4243,-87863,-20557
-3038,-86979,-20480
-3964,-87775,-20712
-3681,-87682,-20869
-4524,-88435,-21195
-3391,-87583,-21029
-4257,-88356,-21339
-3096,-87479,-21192
-3986,-88270,-21485
-3711,-88180,-21632
-3430,-88085,-21783
-4523,-88929,-22015
-4264,-88852,-22150
-3145,-87983,-21936
-4000,-88769,-22288
-3732,-88680,-22428
-3460,-88585,-22570
-4513,-89420,-22871
-3183,-88484,-22716
-4260,-89344,-23000
-4003,-89262,-23129
-3744,-89175,-23261
-3480,-89083,-23394
-4495,-89912,-23758
-3211,-88986,-23530
-4249,-89838,-23879
-4001,-89758,-24000
-3749,-89673,-24124
-3492,-89584,-24249
-4707,-90466,-24569
-3231,-89490,-24376
-4471,-90399,-24683
-4232,-90326,-24796
-3990,-90248,-24910
-3744,-90165,-25026
-4717,-90792,-25295
-3494,-90079,-25143
-3241,-89988,-25262
-4441,-90884,-25639
-4208,-90813,-25745
-3972,-90737,-25852
-4730,-91088,-25997
-3733,-90658,-25960
-3490,-90574,-26069
-4449,-91218,-26390
-3243,-90486,-26180
-4178,-91300,-26724
-3947,-91226,-26824
-3714,-91147,-26926
-4456,-91514,-27128
-3476,-91065,-27029
-3236,-90979,-27134
-4181,-91631,-27510
-3914,-91705,-27836
-3686,-91630,-27930
-3455,-91550,-28026
-4186,-91934,-28275
-3220,-91467,-28123
-3916,-92042,-28647
-3653,-92111,-28964
-3428,-92035,-29053
-3920,-92352,-29439
-3654,-92453,-29802
-3395,-92517,-30111
-3658,-92769,-30621
-3395,-92862,-30976
-3393,-93168,-31831
-2802,-84186,-16659
-2929,-84667,-17181
-2569,-84538,-17414
-2692,-85023,-17957
-2336,-84891,-18183
-2798,-85505,-18537
-2453,-85378,-18752
-2100,-85242,-18973
-2890,-85991,-19152
-2557,-85868,-19354
-2216,-85737,-19561
-2970,-86482,-19800
-1866,-85598,-19773
-2648,-86364,-19989
-2318,-86238,-20184
-1982,-86103,-20383
-2727,-86864,-20658
-1638,-85959,-20587
-2409,-86742,-20840
-2086,-86611,-21026
-2796,-87368,-21359
-1753,-86473,-21217
-2489,-87249,-21530
-2176,-87123,-21704
-2855,-87875,-22092
-1856,-86990,-21882
-2559,-87760,-22251
-1527,-86849,-22064
-2255,-87637,-22416
-1944,-87508,-22584
-2901,-88378,-22864
-1626,-87370,-22756
-2614,-88266,-23014
-2320,-88148,-23168
-2019,-88023,-23325
-2938,-88884,-23669
-1711,-87891,-23486
-2659,-88775,-23810
-2374,-88661,-23953
-2083,-88541,-24100
-2966,-89391,-24505
-1785,-88414,-24250
-2695,-89287,-24637
-2418,-89176,-24771
-2137,-89060,-24908
-1849,-88937,-25047
-2982,-89892,-25383
-1554,-88807,-25190
-2719,-89791,-25506
-2452,-89684,-25631
-2178,-89572,-25758
-1899,-89453,-25888
-2992,-90393,-26292
-1613,-89327,-26022
-2736,-90296,-26407
-2476,-90193,-26523
-2211,-90084,-26642
-1940,-89968,-26764
-1659,-89842,-26892
-2991,-90888,-27240
-2742,-90792,-27347
-2489,-90692,-27457
-2231,-90586,-27568
-1967,-90474,-27682
-1691,-90350,-27804
-2982,-91379,-28222
-2740,-91287,-28321
-2494,-91190,-28423
-2243,-91088,-28526
-1983,-90977,-28635
-1712,-90854,-28751
-3199,-91954,-29143
-2967,-91870,-29234
-2731,-91781,-29327
-2492,-91688,-29420
-2245,-91587,-29518
-1989,-91476,-29623
-1722,-91354,-29734
-3172,-92440,-30194
-2946,-92358,-30278
-2717,-92273,-30364
-2481,-92181,-30452
-2237,-92080,-30546
-1984,-91970,-30646
-1721,-91848,-30753
-3139,-92919,-31279
-2918,-92839,-31358
-2692,-92754,-31440
-2458,-92660,-31526
-2215,-92557,-31619
-1964,-92445,-31716
-1703,-92323,-31820
-3134,-93255,-32178
-2879,-93304,-32475
-2654,-93218,-32556
-2421,-93123,-32640
-2181,-93020,-32730
-1931,-92908,-32825
-3125,-93547,-33068
-1673,-92786,-32926
-2863,-93619,-33414
-2601,-93653,-33713
-2369,-93558,-33797
-2130,-93454,-33886
-1883,-93342,-33979
-2841,-93899,-34336
-1628,-93220,-34078
-2573,-93955,-34682
-2305,-93974,-34982
-2067,-93871,-35070
-1822,-93758,-35162
-2535,-94211,-35642
-2260,-94250,-35990
-1985,-94252,-36292
-1740,-94138,-36386
-2206,-94484,-36986
-1923,-94504,-37335
-1843,-94706,-38373
-1413,-86326,-21413
-1190,-86699,-22252
-1300,-87224,-22933
-963,-87068,-23116
-1396,-87751,-23651
-1070,-87600,-23822
-727,-87431,-24005
-1481,-88279,-24402
-1165,-88133,-24563
-832,-87969,-24735
-481,-87787,-24921
-1246,-88664,-25342
-923,-88505,-25504
-582,-88328,-25680
-1313,-89187,-26165
-222,-88132,-25868
-998,-89032,-26319
-666,-88860,-26484
-317,-88670,-26662
-1365,-89704,-27030
-1057,-89550,-27177
-733,-89381,-27334
-394,-89195,-27503
-1403,-90213,-27935
-36,-88991,-27685
-1102,-90063,-28074
-786,-89898,-28223
-455,-89716,-28383
-1430,-90719,-28875
-108,-89518,-28555
-1134,-90572,-29008
-826,-90409,-29150
-503,-90232,-29301
-1444,-91221,-29853
-164,-90038,-29464
-1154,-91075,-29979
-852,-90915,-30114
-536,-90742,-30258
-204,-90551,-30414
-1447,-91716,-30867
-1161,-91570,-30990
-864,-91411,-31120
-553,-91238,-31259
-226,-91047,-31411
-1433,-92190,-31931
-1151,-92045,-32048
-859,-91888,-32173
-552,-91715,-32308
-227,-91523,-32456
-1406,-92653,-33033
-1129,-92509,-33146
-839,-92351,-33268
-533,-92176,-33401
-210,-91983,-33547
-1363,-93088,-34182
-1087,-92943,-34294
-797,-92782,-34416
-492,-92604,-34550
-171,-92410,-34694
-1568,-93636,-35260
-1303,-93500,-35367
-1025,-93349,-35482
-733,-93183,-35608
-428,-93002,-35743
-108,-92805,-35890
-1484,-94010,-36488
-1216,-93869,-36599
-936,-93713,-36718
-643,-93543,-36846
-338,-93359,-36984
-1636,-94484,-37645
-19,-93161,-37132
-1376,-94349,-37752
-1104,-94202,-37868
-822,-94042,-37991
-528,-93868,-38123
-222,-93682,-38264
-1542,-94696,-38734
-1239,-94648,-39056
-964,-94494,-39178
-679,-94328,-39307
-383,-94149,-39445
-1424,-94846,-39834
-77,-93958,-39591
-1106,-94803,-40209
-786,-94725,-40546
-498,-94551,-40683
-202,-94368,-40826
-939,-94880,-41389
-608,-94807,-41776
-279,-94707,-42122
-400,-94797,-43041
-66,-94709,-43432
50,-88459,-26855
340,-88768,-27882
258,-89300,-28742
651,-89058,-28949
194,-89825,-29642
577,-89588,-29840
985,-89327,-30057
147,-90340,-30585
522,-90107,-30774
920,-89851,-30982
121,-90835,-31578
1343,-89569,-31211
489,-90604,-31762
879,-90350,-31963
115,-91313,-32619
1292,-90073,-32183
477,-91083,-32797
860,-90833,-32991
1264,-90561,-33202
128,-91773,-33707
486,-91544,-33880
862,-91295,-34069
1258,-91028,-34272
165,-92200,-34852
518,-91972,-35022
889,-91726,-35206
1274,-91466,-35400
226,-92592,-36048
577,-92363,-36218
940,-92121,-36397
1315,-91868,-36584
313,-92948,-37290
658,-92723,-37457
1012,-92488,-37630
1376,-92243,-37810
95,-93482,-38414
423,-93271,-38571
760,-93052,-38734
1106,-92823,-38904
1462,-92584,-39081
237,-93758,-39743
559,-93551,-39900
890,-93335,-40063
1229,-93110,-40231
1576,-92875,-40405
100,-94178,-40974
410,-93980,-41127
727,-93775,-41284
1051,-93562,-41446
1382,-93341,-41613
12,-94525,-42267
310,-94336,-42416
615,-94141,-42569
926,-93938,-42726
1243,-93729,-42888
1568,-93512,-43054
263,-94598,-43781
556,-94412,-43930
854,-94220,-44082
1158,-94023,-44238
167,-94632,-44768
1468,-93819,-44397
500,-94538,-45156
829,-94423,-45503
1120,-94237,-45651
1416,-94047,-45803
751,-94418,-46542
1081,-94319,-46927
1408,-94200,-47270
1348,-94152,-48366
1728,-89773,-32420
1687,-90270,-33427
2125,-89964,-33664
1667,-90747,-34486
2091,-90452,-34710
2530,-90142,-34944
1671,-91193,-35603
2082,-90907,-35817
2507,-90607,-36040
1701,-91604,-36779
2945,-90293,-36273
2099,-91327,-36982
2509,-91039,-37193
2933,-90737,-37413
1751,-91988,-37997
2137,-91721,-38192
2536,-91442,-38395
2947,-91149,-38607
1827,-92334,-39264
2204,-92074,-39454
2591,-91801,-39652
2990,-91517,-39858
1933,-92631,-40585
2300,-92377,-40772
2677,-92112,-40966
3065,-91834,-41166
1722,-93112,-41785
2070,-92873,-41963
2428,-92625,-42147
2794,-92367,-42337
3171,-92096,-42532
1899,-93288,-43224
2239,-93055,-43399
2586,-92815,-43579
2942,-92565,-43763
1784,-93609,-44559
2107,-93392,-44726
2437,-93168,-44896
2774,-92936,-45071
3119,-92694,-45249
1718,-93850,-45958
2026,-93647,-46117
2340,-93438,-46279
2661,-93222,-46445
2988,-92996,-46614
1697,-94015,-47419
1992,-93825,-47570
2292,-93629,-47725
2598,-93427,-47883
2910,-93217,-48044
3228,-93000,-48208
1677,-94047,-48747
2002,-93925,-49086
2289,-93742,-49233
2581,-93554,-49383
2878,-93359,-49534
3180,-93159,-49688
1955,-93840,-50231
2279,-93736,-50602
2599,-93615,-50933
2882,-93437,-51074
3170,-93254,-51218
2562,-93488,-52129
2882,-93383,-52491
3197,-93260,-52812
3167,-93114,-54047
3371,-90419,-37642
3371,-90841,-38827
3809,-90517,-39057
3401,-91217,-40070
3826,-90904,-40292
4264,-90576,-40523
3463,-91544,-41372
3875,-91240,-41587
4299,-90923,-41811
4736,-90591,-42043
3558,-91815,-42733
3956,-91522,-42941
4366,-91217,-43157
3307,-92304,-43952
3681,-92034,-44147
4066,-91753,-44348
4462,-91460,-44555
3473,-92443,-45433
3835,-92183,-45621
4207,-91913,-45816
4590,-91632,-46016
3323,-92764,-46788
3666,-92522,-46966
4017,-92272,-47149
4377,-92013,-47337
4747,-91744,-47531
3553,-92775,-48377
3886,-92544,-48549
4226,-92305,-48726
4574,-92058,-48907
3489,-92953,-49846
3803,-92741,-50006
4124,-92522,-50171
4453,-92297,-50339
4788,-92064,-50511
3464,-93066,-51365
3762,-92872,-51515
4066,-92673,-51668
4377,-92466,-51824
4694,-92254,-51984
3477,-93087,-52949
3761,-92910,-53089
4050,-92728,-53232
4345,-92540,-53377
4646,-92347,-53525
3482,-93006,-54399
3794,-92885,-54712
4070,-92718,-54845
4350,-92546,-54981
4635,-92370,-55119
3770,-92714,-55987
4079,-92608,-56330
4385,-92489,-56636
4656,-92329,-56765
4365,-92278,-57959
4671,-92176,-58292
4788,-90899,-43380
5224,-90567,-43612
4869,-91156,-44769
5289,-90839,-44992
5722,-90508,-45222
4983,-91340,-46223
5388,-91036,-46437
5805,-90719,-46659
6236,-90388,-46888
5127,-91464,-47731
5518,-91173,-47937
5920,-90871,-48150
4931,-91802,-49092
5297,-91537,-49283
5672,-91263,-49479
6058,-90979,-49680
5132,-91823,-50687
5484,-91574,-50868
5845,-91316,-51054
6216,-91048,-51245
5018,-92034,-52148
5350,-91808,-52315
5689,-91573,-52487
6037,-91331,-52663
4952,-92147,-53677
5265,-91942,-53832
5584,-91730,-53990
5910,-91512,-54153
6244,-91286,-54319
4925,-92189,-55261
5220,-92003,-55405
5522,-91810,-55552
5829,-91612,-55702
6144,-91407,-55856
4932,-92164,-56897
5213,-91994,-57031
5499,-91819,-57167
5791,-91639,-57307
6088,-91453,-57450
4972,-92061,-58588
5240,-91909,-58712
5512,-91752,-58838
5790,-91590,-58967
6072,-91424,-59098
6360,-91250,-59234
4960,-91794,-59967
5261,-91692,-60291
5559,-91579,-60580
5823,-91433,-60700
6092,-91282,-60822
6365,-91127,-60946
5553,-91277,-62004
5850,-91176,-62320
6144,-91066,-62600
6144,-90722,-64073
6333,-90557,-48369
6760,-90230,-48595
6455,-90683,-49887
6864,-90376,-50101
7285,-90056,-50322
6597,-90771,-51441
6989,-90482,-51643
7393,-90182,-51852
7807,-89871,-52067
6393,-91079,-52844
6758,-90820,-53030
7133,-90550,-53221
7518,-90270,-53418
6586,-91052,-54490
6936,-90809,-54665
7296,-90557,-54845
7666,-90296,-55031
6466,-91195,-56014
6795,-90976,-56176
7132,-90748,-56341
7478,-90513,-56512
7833,-90268,-56687
6392,-91261,-57595
6702,-91062,-57745
7020,-90857,-57898
7345,-90644,-58054
7678,-90424,-58215
6653,-91070,-59372
6953,-90885,-59513
7259,-90693,-59658
7573,-90494,-59806
7893,-90289,-59958
6644,-90967,-61073
6928,-90802,-61203
7218,-90631,-61335
7513,-90455,-61471
7816,-90272,-61609
6405,-90926,-62716
6670,-90781,-62833
6940,-90632,-62954
7215,-90479,-63076
7495,-90320,-63201
7781,-90156,-63329
6438,-90625,-64378
6728,-90517,-64650
6985,-90383,-64762
7246,-90245,-64875
7513,-90103,-64991
7784,-89956,-65109
6732,-90089,-66190
7022,-89996,-66481
7308,-89894,-66738
7562,-89770,-66840
7820,-89643,-66943
7318,-89409,-68319
7604,-89317,-68600
7915,-89978,-53621
8324,-89674,-53830
8046,-90024,-55222
8438,-89741,-55419
8841,-89447,-55621
8198,-90014,-56867
8574,-89750,-57052
8960,-89475,-57243
9359,-89188,-57441
8019,-90195,-58380
8370,-89958,-58550
8730,-89712,-58725
9100,-89455,-58905
8222,-90076,-60114
8559,-89854,-60274
8905,-89625,-60439
9260,-89385,-60608
8125,-90083,-61751
8441,-89887,-61897
8765,-89684,-62047
9098,-89473,-62200
8073,-89987,-63460
8371,-89811,-63594
8676,-89629,-63731
8988,-89441,-63872
9308,-89245,-64015
8060,-89804,-65227
8342,-89647,-65346
8630,-89485,-65468
8924,-89317,-65593
9225,-89142,-65721
8083,-89511,-67049
8350,-89375,-67157
8623,-89235,-67267
8901,-89089,-67380
9186,-88938,-67495
7886,-89218,-68849
8137,-89101,-68946
8391,-88981,-69045
8651,-88856,-69146
8915,-88727,-69249
9184,-88594,-69354
7904,-88670,-70495
8185,-88580,-70767
8464,-88484,-71007
8711,-88374,-71098
8962,-88261,-71192
9217,-88144,-71288
8485,-87863,-72735
8763,-87775,-72996
9038,-87683,-73225
9062,-86973,-75054
9482,-89187,-59091
9874,-88906,-59281
9626,-89137,-60783
10002,-88874,-60961
10389,-88600,-61144
9439,-89254,-62358
9790,-89024,-62520
10150,-88784,-62686
10520,-88533,-62856
9636,-89042,-64159
9972,-88828,-64305
10317,-88605,-64455
10672,-88373,-64609
9533,-88961,-65852
9848,-88772,-65986
10171,-88574,-66123
10502,-88368,-66263
9476,-88781,-67613
9773,-88617,-67734
10076,-88441,-67859
10386,-88259,-67987
10705,-88069,-68118
9458,-88455,-69462
9738,-88312,-69573
10024,-88161,-69684
10317,-88004,-69798
10616,-87840,-69915
9478,-88023,-71385
9743,-87897,-71485
10013,-87765,-71587
10289,-87627,-71690
10571,-87484,-71796
9282,-87582,-73309
9530,-87477,-73396
9782,-87367,-73484
10039,-87252,-73574
10300,-87132,-73666
10566,-87008,-73761
9336,-86888,-75304
9607,-86800,-75522
9847,-86708,-75598
10091,-86611,-75675
10339,-86511,-75754
10592,-86406,-75835
9629,-86002,-77455
9898,-85922,-77693
10163,-85837,-77899
10400,-85752,-77966
10188,-84936,-79939
10901,-88269,-63026
11037,-88130,-64768
11408,-87876,-64928
10843,-88153,-66408
11193,-87929,-66557
11549,-87694,-66707
11908,-87448,-66854
11032,-87871,-68253
11367,-87664,-68392
11709,-87448,-68532
12054,-87222,-68670
10922,-87670,-70036
11236,-87493,-70159
11558,-87309,-70286
11886,-87115,-70414
10859,-87335,-71904
11154,-87180,-72016
11456,-87019,-72130
11765,-86851,-72248
12079,-86674,-72366
10838,-86879,-73858
11116,-86744,-73958
11400,-86604,-74060
11690,-86460,-74166
11986,-86309,-74274
10849,-86297,-75918
11111,-86184,-76004
11379,-86066,-76092
11652,-85942,-76183
11932,-85813,-76277
10640,-85665,-78034
10885,-85574,-78105
11134,-85478,-78177
11388,-85379,-78252
11647,-85276,-78328
11912,-85168,-78407
10452,-84856,-80163
10714,-84775,-80358
10947,-84700,-80417
11185,-84621,-80478
11426,-84539,-80540
11672,-84454,-80604
10742,-83753,-82510
11002,-83678,-82722
11260,-83602,-82906
11490,-83537,-82957
11724,-83468,-83010
11291,-82444,-85175
11547,-82373,-85375
12402,-86985,-68806
12217,-86913,-70540
12550,-86701,-70664
12887,-86478,-70785
12396,-86490,-72482
12716,-86296,-72596
13038,-86094,-72708
13361,-85882,-72817
12286,-86151,-74381
12588,-85986,-74487
12893,-85812,-74591
13200,-85630,-74692
13510,-85439,-74791
12217,-85678,-76374
12504,-85537,-76469
12793,-85388,-76563
13085,-85232,-76656
13379,-85069,-76746
12182,-85055,-78489
12456,-84937,-78572
12732,-84812,-78653
13009,-84681,-78732
13289,-84543,-78811
11923,-84364,-80670
12178,-84271,-80738
12439,-84173,-80808
12702,-84070,-80877
12966,-83961,-80945
13232,-83848,-81010
11962,-83396,-83064
12205,-83321,-83120
12452,-83241,-83178
12702,-83158,-83235
12954,-83070,-83291
11800,-82304,-85547
12028,-82249,-85591
12259,-82191,-85636
12494,-82130,-85682
12732,-82065,-85729
12972,-81996,-85774
11834,-80990,-87940
12087,-80925,-88128
12337,-80863,-88289
12561,-80819,-88325
12788,-80772,-88362
12375,-79390,-90794
13823,-85238,-74888
13675,-84897,-76834
13974,-84717,-76920
14272,-84527,-77000
13571,-84398,-78887
13854,-84246,-78962
14139,-84086,-79034
14424,-83917,-79101
14706,-83740,-79162
13500,-83728,-81074
13770,-83602,-81136
14042,-83469,-81196
14314,-83329,-81253
14585,-83182,-81304
13207,-82977,-83346
13462,-82880,-83398
13718,-82776,-83449
13976,-82668,-83498
14236,-82554,-83544
14495,-82434,-83586
13212,-81923,-85818
13455,-81846,-85860
13698,-81764,-85900
13943,-81677,-85938
14189,-81586,-85973
13016,-80722,-88397
13245,-80668,-88430
13476,-80610,-88462
13707,-80548,-88491
13940,-80483,-88519
14174,-80413,-88544
12623,-79331,-90972
12868,-79275,-91122
13086,-79240,-91150
13304,-79202,-91176
13523,-79161,-91199
13743,-79118,-91221
12915,-77653,-93712
13156,-77600,-93878
13391,-77549,-94014
13598,-77522,-94033
14855,-83027,-81350
15122,-82863,-81387
14753,-82307,-83622
15009,-82172,-83650
15263,-82030,-83672
15517,-81880,-83687
14437,-81490,-86006
14682,-81388,-86033
14926,-81279,-86053
15169,-81164,-86067
15410,-81042,-86075
15651,-80915,-86076
14408,-80339,-88567
14642,-80260,-88585
14874,-80175,-88596
15105,-80086,-88601
15334,-79991,-88601
13963,-79071,-91240
14185,-79021,-91257
14408,-78967,-91270
14630,-78908,-91279
14850,-78846,-91282
15069,-78779,-91280
15287,-78709,-91271
13807,-77492,-94050
14016,-77459,-94064
14226,-77424,-94075
14436,-77385,-94083
14646,-77343,-94087
14854,-77298,-94085
13442,-75732,-96701
13674,-75698,-96844
14692,-75584,-96974
14495,-75611,-96974
14296,-75635,-96970
14097,-75653,-96965
13898,-75666,-96960
13927,-73546,-99785
14148,-73534,-99903
15895,-80779,-86074
15563,-79890,-88595
15791,-79784,-88583
16024,-79671,-88569
16262,-79551,-88554
15503,-78634,-91257
15719,-78554,-91237
15937,-78469,-91214
16159,-78378,-91188
16386,-78281,-91161
16297,-76891,-93924
16085,-76962,-93959
15878,-77028,-93991
15674,-77089,-94021
15471,-77146,-94046
15266,-77200,-94065
15061,-77251,-94078
15846,-75377,-96859
15655,-75418,-96892
15465,-75456,-96919
15274,-75491,-96941
15082,-75524,-96958
14888,-75555,-96969
15478,-73545,-99872
15297,-73551,-99904
15114,-73552,-99931
14929,-73550,-99953
14743,-73544,-99972
14554,-73535,-99985
14363,-73523,-99995
15131,-71189,-103044
14957,-71158,-103078
14372,-71119,-102941
14581,-71120,-103038
14780,-71126,-103106
16618,-78177,-91133
16513,-76816,-93888
16734,-76735,-93849
16961,-76647,-93808
17284,-74978,-96553
17065,-75050,-96606
16850,-75117,-96655
16641,-75178,-96701
16436,-75234,-96744
16235,-75285,-96785
16038,-75333,-96823
16768,-73367,-99573
16575,-73407,-99623
16386,-73443,-99669
16200,-73476,-99714
16017,-73503,-99756
15837,-73523,-99797
15657,-73536,-99837
16340,-71335,-102688
16163,-71325,-102747
15989,-71311,-102805
15817,-71293,-102860
15647,-71271,-102913
15476,-71246,-102962
15304,-71218,-103006
15784,-68712,-106003
15625,-68672,-106063
15468,-68630,-106119
15309,-68588,-106170
15149,-68545,-106216
14970,-68529,-106175
14783,-68517,-106107
15136,-65736,-109267
17586,-73167,-99339
17374,-73224,-99403
17168,-73276,-99463
16966,-73324,-99519
17662,-71251,-102215
17462,-71284,-102289
17266,-71308,-102362
17074,-71325,-102431
16886,-71335,-102499
16701,-71340,-102564
16519,-71340,-102627
17145,-68988,-105424
16964,-68961,-105508
16786,-68930,-105588
16612,-68897,-105664
16441,-68863,-105738
16272,-68827,-105808
16107,-68790,-105876
15944,-68752,-105941
16361,-66118,-108906
16206,-66066,-108981
16053,-66013,-109053
15902,-65959,-109122
15753,-65904,-109190
15606,-65848,-109255
15461,-65792,-109317
15302,-65761,-109304
15566,-62830,-112416
15417,-62789,-112406
17866,-71210,-102138
18108,-69041,-104973
17907,-69043,-105067
17710,-69038,-105160
17517,-69027,-105250
17329,-69010,-105339
17719,-66488,-108202
17535,-66447,-108301
17356,-66404,-108396
17181,-66360,-108488
17011,-66314,-108577
16844,-66267,-108664
16680,-66219,-108748
16519,-66169,-108829
16881,-63417,-111766
16726,-63353,-111854
16574,-63287,-111940
16425,-63220,-112023
16278,-63153,-112105
16134,-63086,-112184
15992,-63016,-112261
15852,-62947,-112336
15714,-62876,-112409
15920,-59769,-115497
15779,-59707,-115522
15638,-59647,-115531
18300,-66602,-107884
18101,-66566,-107994
17907,-66528,-108100
18257,-63904,-110956
18070,-63847,-111069
17887,-63789,-111179
17709,-63730,-111284
17536,-63669,-111387
17367,-63608,-111486
17201,-63545,-111582
17040,-63482,-111675
17358,-60607,-114598
17201,-60526,-114698
17048,-60444,-114796
16898,-60361,-114891
16751,-60278,-114983
16606,-60194,-115074
16464,-60110,-115162
16325,-60026,-115248
16188,-59941,-115333
16053,-59855,-115416
16077,-56390,-118632
15941,-56296,-118676
15804,-56207,-118708
18450,-63959,-110839
18569,-61159,-113808
18381,-61083,-113931
18199,-61006,-114050
18022,-60927,-114166
17850,-60848,-114279
17682,-60769,-114388
17518,-60688,-114495
17476,-57473,-117634
17324,-57369,-117742
17175,-57265,-117847
17029,-57159,-117951
16886,-57053,-118053
16746,-56945,-118153
16608,-56836,-118252
16472,-56726,-118349
16339,-56615,-118445
16207,-56503,-118539
16038,-52498,-121931
15904,-52373,-121984
18660,-58182,-116806
18476,-58083,-116934
18299,-57984,-117060
18125,-57883,-117180
17957,-57781,-117298
17793,-57679,-117413
17633,-57576,-117525
17552,-54041,-120754
17401,-53902,-120873
17254,-53762,-120990
17110,-53622,-121105
16968,-53482,-121218
16829,-53340,-121330
16693,-53198,-121440
16559,-53056,-121549
16428,-52913,-121657
16299,-52770,-121763
16171,-52626,-121868
18716,-54980,-119849
18536,-54850,-119987
18361,-54718,-120121
18191,-54585,-120253
18025,-54450,-120382
17864,-54315,-120508
17706,-54178,-120633
16993,-49507,-124507
16856,-49332,-124630
16721,-49157,-124750
16589,-48981,-124869
16459,-48806,-124986
16331,-48631,-125102
16205,-48455,-125216
16072,-48291,-125294
15939,-48129,-125363
18545,-51259,-123151
18371,-51084,-123299
18203,-50909,-123444
18039,-50733,-123586
17879,-50558,-123725
17723,-50383,-123861
17570,-50207,-123995
17421,-50032,-124126
17276,-49857,-124255
17133,-49682,-124382
18723,-51434,-123000
17678,-46174,-127208
17527,-45961,-127352
17379,-45748,-127494
17235,-45537,-127632
17094,-45327,-127769
16955,-45117,-127903
16819,-44908,-128035
16686,-44701,-128165
16555,-44494,-128293
16426,-44288,-128419
16300,-44083,-128543
16175,-43878,-128665
16043,-43680,-128757
15911,-43484,-128839
18669,-47475,-126274
18492,-47256,-126439
18321,-47038,-126600
18154,-46820,-126758
17991,-46604,-126911
17833,-46388,-127061
17721,-41827,-130485
17568,-41581,-130640
17419,-41337,-130790
17273,-41097,-130937
17131,-40859,-131081
16991,-40624,-131221
16855,-40393,-131359
16721,-40165,-131493
16590,-39940,-131624
16462,-39718,-131752
16105,-39779,-131617
16336,-39500,-131877
16217,-39516,-131835
16330,-39250,-132055
16444,-38982,-132275
15964,-38872,-132209
15836,-38673,-132292
18548,-43103,-129652
18374,-42842,-129828
18205,-42585,-130000
18039,-42329,-130166
17878,-42077,-130327
16559,-38712,-132496
16676,-38439,-132720
16793,-38164,-132945
16912,-37886,-133172
17033,-37605,-133401
17155,-37322,-133633
15877,-34185,-135506
15756,-33995,-135583
18341,-38452,-133051
18181,-38157,-133238
18021,-37871,-133416
17864,-37595,-133585
17708,-37327,-133746
17555,-37067,-133901
17279,-37034,-133866
17407,-36813,-134051
17404,-36742,-134101
17532,-36446,-134339
15747,-33467,-135951
15857,-33107,-136256
17660,-36147,-134579
17785,-35849,-134818
17907,-35552,-135054
18024,-35257,-135287
18136,-34965,-135517
15322,-25760,-140271
15410,-25645,-140385
15499,-25532,-140498
15589,-25421,-140610
15681,-25311,-140722
15775,-25202,-140833
15870,-25094,-140945
15967,-24987,-141057
16066,-24881,-141169
16167,-24775,-141281
16268,-24670,-141392
16367,-24569,-141501
16464,-24471,-141606
16559,-24376,-141707
16652,-24285,-141806
16741,-24200,-141900
16824,-24122,-141989
16901,-24053,-142071
15103,-20959,-143531
15190,-20791,-143699
14829,-14351,-147197
15825,-14993,-147380
15770,-14914,-147396
15716,-14837,-147409
15662,-14764,-147420
15610,-14695,-147430
15558,-14630,-147437
15505,-14572,-147440
15449,-14521,-147438
15391,-14476,-147431
15331,-14439,-147419
15269,-14409,-147403
15207,-14384,-147384
15144,-14365,-147361
15082,-14352,-147335
15018,-14344,-147305
14955,-14342,-147272
14892,-14345,-147236
14790,-10947,-149514
14736,-10966,-149452
14903,-7937,-151226
14862,-7769,-151290
14822,-7605,-151352
14784,-7448,-151412
14748,-7296,-151469
14714,-7148,-151524
14681,-7005,-151576
14649,-6867,-151626
14619,-6736,-151674
14590,-6610,-151719
14562,-6489,-151762
14536,-6374,-151803
14512,-6263,-151840
14488,-6159,-151875
14466,-6063,-151906
14446,-5976,-151934
14427,-5896,-151959
14409,-5822,-151981
14265,-4248,-152913
14251,-4182,-152917
14271,-3110,-153376
14246,-2964,-153424
14224,-2824,-153470
14203,-2690,-153513
14184,-2563,-153555
14166,-2442,-153594
14149,-2327,-153631
14134,-2217,-153665
14120,-2114,-153698
14107,-2016,-153729
14094,-1923,-153758
14083,-1836,-153785
14073,-1754,-153811
14064,-1677,-153834
14055,-1604,-153856
14048,-1537,-153876
14040,-1474,-153895
14034,-1416,-153912
13994,-726,-154168
13990,-674,-154176
-26258,490,54068
-26258,490,54068
-26258,490,54068
-26258,490,54068
-26258,490,54068
-26258,490,54068
-26258,490,54068
-26258,490,54068
-26258,490,54068
-26258,490,54068
-26258,490,54068
-26258,490,54068
-26258,490,54068
-26258,490,54068
-26258,490,54068
-26258,490,54068
-26258,490,54068
-26258,490,54068
-26258,490,54068
-26258,490,54068
13992,-482,-154218
13984,-393,-154230
13978,-313,-154238
-25903,2,53288
-25908,4,53299
-25907,4,53297
-25904,2,53291
-25901,1,53285
-25909,5,53302
-25905,3,53294
-25914,9,53313
-25912,7,53309
-25910,6,53305
-25923,38,53333
-25921,37,53329
-25918,35,53323
-25935,44,53358
-25916,34,53319
-25931,42,53350
-25930,41,53348
-25927,40,53342
-25924,38,53336
-25919,36,53326
-25936,44,53361
-25932,42,53353
-25928,40,53345
-25943,49,53376
-25925,39,53339
-25941,47,53372
-25939,46,53368
-25938,45,53366
-25937,45,53364
-25933,43,53356
-25956,80,53405
-25952,78,53397
-25949,77,53391
-25947,76,53387
-25962,83,53418
-25961,82,53416
-25957,81,53408
-25972,89,53439
-25954,79,53402
-25953,79,53400
-25950,77,53394
-25965,85,53425
-25964,84,53423
-25963,84,53421
-25959,82,53413
-25958,81,53411
-25970,88,53436
-25968,86,53432
-25967,86,53430
-25966,85,53428
-25984,120,53466
-25980,118,53458
-25993,124,53485
-25985,120,53469
-25981,118,53461
-25978,117,53455
-25995,125,53490
-25994,125,53488
-25988,122,53476
-25987,122,53474
-25986,121,53472
-25982,119,53464
-25999,128,53499
-25991,124,53483
-25990,123,53481
-25989,123,53479
-26000,129,53502
-25997,127,53496
-25996,126,53494
-25995,126,53492
-26028,168,53562
-26026,166,53558
-26025,166,53556
-26024,166,53554
-26023,165,53552
-26022,165,53550
-26021,164,53548
-26020,164,53546
-26019,163,53544
-26018,163,53542
-26017,162,53540
-26016,162,53538
-26029,169,53565
-26011,159,53526
-26026,167,53559
-26014,161,53533
-26013,160,53531
-26012,160,53529
-26009,159,53523
-26015,161,53536
-26047,203,53604
-26046,202,53602
-26045,202,53600
-26044,201,53598
-26043,201,53596
-26042,200,53594
-26041,200,53592
-26057,208,53625
-26055,207,53621
-26052,205,53615
-26051,205,53613
-26058,209,53628
-26054,207,53620
-26053,206,53618
-26050,205,53612
-26049,204,53610
-26048,204,53608
-26047,203,53606
-26055,207,53623
-26052,206,53617
-26078,244,53672
-26077,244,53670
-26073,242,53662
-26072,241,53660
-26084,247,53685
-26082,246,53681
-26080,245,53677
-26079,245,53675
-26076,243,53669
-26075,243,53667
-26074,243,53665
-26073,242,53663
-26104,283,53729
-26083,247,53684
-26081,246,53680
-26080,246,53678
-26078,245,53674
-26111,287,53744
-26110,286,53742
-26108,285,53738
-26106,284,53734
-26105,284,53732
-26103,283,53728
-26086,249,53691
-26085,248,53689
-26084,248,53687
-26082,247,53683
-26113,288,53749
-26112,287,53747
-26110,286,53743
-26109,286,53741
-26108,285,53739
-26107,285,53737
-26106,285,53735
-26104,283,53731
-26115,289,53754
-26114,289,53752
-26113,288,53750
-26112,287,53748
-26111,287,53746
-26135,324,53797
-26142,328,53812
-26141,327,53810
-26140,327,53808
-26139,327,53806
-26138,326,53804
-26137,326,53802
-26136,325,53800
-26135,325,53798
-26134,324,53796
-26144,329,53817
-26143,329,53815
-26142,328,53813
-26141,328,53811
-26140,327,53809
-26139,327,53807
-26138,326,53805
-26137,326,53803
-26136,325,53801
-26168,367,53869
-26142,328,53814
-26172,369,53878
-26171,368,53876
-26170,368,53874
-26169,367,53872
-26168,367,53870
-26167,366,53868
-26166,366,53866
-26165,366,53864
-26171,369,53877
-26171,368,53877
-26170,368,53875
-26170,368,53875
-26169,368,53873
-26169,368,53873
-26168,367,53871
-26167,367,53869
-26166,366,53867
-26165,366,53865
-26172,369,53880
-26200,409,53939
-26199,408,53937
-26198,408,53935
-26197,407,53933
-26201,410,53942
-26201,409,53942
-26200,409,53940
-26200,409,53940
-26199,408,53938
-26199,408,53938
-26198,408,53936
-26198,408,53936
-26197,407,53934
-26196,407,53932
-26200,409,53941
-26200,409,53941
-26199,408,53939
-26198,408,53937
-26197,407,53935
-26230,449,54005
-26230,450,54005
-26196,407,53933
-26229,449,54003
-26229,449,54003
-26228,449,54001
-26228,449,54001
-26228,448,54001
-26229,449,54004
-26229,449,54004
-26229,449,54004
-26229,449,54004
-26229,449,54004
-26228,449,54002
-26228,449,54002
-26228,449,54002
-26227,448,54000
-26229,449,54005
-26228,449,54003
-26228,449,54003
-26227,448,54001
