-25961,-3,53410
-25988,-5,53465
-25974,-5,53436
-25958,-6,53403
-25965,0,53417
-25955,-9,53396
-25977,-16,53441
-25979,-1,53445
-25952,-12,53389
-25970,-9,53426
-25972,-20,53430
-25962,-17,53409
-25946,-31,53376
-25946,-18,53376
-25983,-11,53452
-25966,-13,53417
-25949,-15,53382
-25967,-25,53419
-25950,-27,53384
-25954,-24,53392
-25973,-33,53431
-25939,-37,53361
-25957,-34,53398
-25958,-20,53400
-25962,-30,53408
-25929,-46,53340
-25948,-42,53379
-25967,-38,53418
-25936,-40,53354
-25943,-34,53368
-25926,-49,53333
-25944,-46,53370
-25933,-43,53347
-25953,-38,53388
-25956,-49,53394
-25940,-50,53361
-25962,-44,53406
-25932,-58,53344
-25951,-54,53383
-25936,-54,53352
-25958,-61,53397
-25924,-65,53327
-25928,-61,53335
-25946,-59,53372
-25931,-72,53341
-25952,-66,53384
-25917,-71,53312
-25936,-68,53351
-25940,-77,53359
-25941,-63,53361
-25910,-78,53297
-25946,-72,53371
-25921,-68,53319
-25922,-80,53321
-25943,-88,53364
-25927,-76,53331
-25929,-87,53335
-25914,-75,53304
-25935,-82,53347
-25918,-84,53312
-25924,-92,53324
-25907,-81,53289
-25910,-92,53295
-25894,-106,53262
-25930,-100,53336
-25914,-88,53303
-25898,-103,53270
-25918,-111,53311
-25919,-97,53313
-25937,-94,53350
-25902,-99,53278
-25906,-96,53286
-25924,-106,53323
-25909,-106,53292
-25914,-102,53302
-25921,-122,53316
-25887,-113,53246
-25907,-121,53287
-25891,-109,53254
-25891,-123,53254
-25928,-116,53330
-25900,-115,53272
-25887,-126,53245
-25905,-110,53282
-25908,-134,53288
-25913,-116,53298
-25896,-119,53263
-25879,-134,53228
-25883,-130,53236
-25902,-126,53275
-25902,-140,53275
-25871,-141,53211
-25875,-138,53219
-25913,-143,53297
-25896,-145,53262
-25897,-131,53264
-25915,-128,53301
-25882,-145,53233
-25887,-140,53243
-25890,-151,53249
-25892,-136,53253
-25899,-156,53267
-25868,-145,53203
-25906,-150,53281
-25873,-153,53213
-25878,-149,53223
-25885,-156,53237
-25869,-157,53204
-25864,-161,53195
-25874,-166,53215
-25892,-162,53252
-25860,-165,53186
-25869,-170,53204
-25856,-169,53177
-25859,-180,53183
-25880,-161,53226
-25898,-171,53263
-25864,-175,53193
-25883,-184,53232
-25848,-176,53160
-25886,-168,53238
-25852,-173,53168
-25876,-191,53217
-25862,-190,53188
-25880,-174,53225
-25850,-188,53163
-25868,-185,53200
-25891,-178,53247
-25874,-180,53212
-25883,-198,53230
-25851,-200,53164
-25855,-184,53172
-25857,-196,53176
-25875,-206,53213
-25841,-196,53143
-25863,-203,53188
-25846,-205,53153
-25846,-192,53153
-25870,-197,53202
-25836,-215,53132
-25837,-200,53134
-25857,-209,53175
-25841,-210,53142
-25868,-213,53197
-25833,-204,53125
-25851,-215,53162
-25839,-225,53137
-25845,-220,53149
-25829,-208,53116
-25868,-226,53196
-25822,-228,53101
-25840,-238,53138
-25860,-233,53179
-25861,-219,53181
-25827,-223,53111
-25828,-236,53113
-25847,-232,53152
-25813,-236,53082
-25832,-219,53121
-25834,-231,53125
-25852,-241,53162
-25818,-232,53092
-25854,-226,53166
-25823,-240,53102
-25809,-240,53073
-25834,-244,53124
-25853,-253,53163
-25818,-245,53091
-25837,-254,53130
-25808,-254,53070
-25845,-248,53146
-25810,-266,53074
-25828,-250,53111
-25830,-261,53115
-25813,-250,53080
-25816,-261,53086
-25803,-259,53059
-25822,-255,53098
-25845,-261,53145
-25805,-271,53062
-25824,-267,53101
-25794,-267,53039
-25799,-263,53049
-25817,-273,53086
-25837,-269,53127
-25790,-272,53030
-25829,-276,53110
-25800,-276,53050
-25794,-281,53039
-25838,-281,53129
-25821,-283,53094
-25804,-285,53059
-25789,-285,53028
-25811,-279,53073
-25829,-289,53110
-25798,-291,53046
-25784,-290,53017
-25814,-290,53078
-25781,-307,53010
-25800,-303,53049
-25821,-297,53092
-25823,-309,53096
-25770,-303,52987
-25807,-296,53063
-25775,-299,52997
-25793,-296,53034
-25793,-309,53034
-25813,-304,53075
-25797,-319,53042
-25780,-295,53007
-25787,-315,53021
-25787,-301,53021
-25805,-312,53058
-25776,-312,52998
-25814,-317,53076
-25765,-321,52975
-25805,-325,53057
-25790,-326,53026
-25755,-331,52954
-25760,-326,52964
-25781,-321,53007
-25783,-332,53011
-25771,-316,52986
-25808,-336,53062
-25757,-342,52957
-25775,-326,52994
-25776,-339,52996
-25797,-333,53039
-25763,-337,52969
-25769,-332,52981
-25789,-340,53022
-25773,-355,52989
-25763,-351,52968
-25781,-348,53005
-25799,-345,53042
-25746,-353,52933
-25751,-335,52943
-25752,-348,52945
-25770,-345,52982
-25790,-353,53023
-25741,-357,52922
-25757,-357,52954
-25781,-361,53004
-25783,-373,53008
-25766,-362,52973
-25736,-362,52911
-25793,-364,53028
-25759,-368,52958
-25731,-367,52900
-25751,-362,52941
-25752,-375,52943
-25773,-369,52986
-25774,-381,52988
-25739,-373,52916
-25727,-384,52891
-25745,-381,52928
-25745,-368,52928
-25732,-393,52901
-25733,-379,52903
-25756,-398,52950
-25757,-384,52952
-25722,-389,52880
-25778,-391,52995
-25711,-399,52857
-25765,-377,52968
-25765,-390,52968
-25749,-391,52935
-25739,-387,52914
-25758,-409,52953
-25726,-399,52887
-25748,-405,52932
-25768,-401,52973
-25714,-410,52862
-25717,-394,52868
-25720,-404,52874
-25742,-398,52919
-25749,-418,52933
-25732,-420,52898
-25735,-404,52904
-25721,-417,52875
-25740,-413,52914
-25763,-419,52961
-25728,-411,52889
-25714,-423,52860
-25703,-420,52837
-25709,-415,52849
-25740,-426,52914
-25697,-425,52825
-25708,-429,52847
-25753,-428,52939
-25717,-434,52865
-25723,-442,52877
-25743,-438,52918
-25725,-427,52881
-25710,-441,52850
-25692,-430,52813
-25748,-446,52928
-25732,-434,52895
-25733,-446,52897
-25702,-435,52833
-25703,-447,52835
-25696,-441,52820
-25690,-446,52807
-25715,-450,52860
-25737,-456,52905
-25724,-455,52878
-25707,-457,52843
-25696,-454,52820
-25684,-452,52795
-25672,-462,52770
-25727,-466,52883
-25692,-471,52811
-25678,-457,52782
-25715,-463,52858
-25717,-475,52862
-25683,-466,52792
-25690,-460,52806
-25733,-474,52894
-25698,-479,52822
-25700,-464,52826
-25685,-478,52795
-25707,-471,52840
-25677,-472,52778
-25671,-477,52765
-25722,-484,52871
-25708,-484,52842
-25690,-487,52805
-25678,-484,52780
-25682,-494,52788
-25701,-503,52827
-25671,-491,52765
-25699,-492,52822
-25718,-502,52861
-25665,-483,52752
-25653,-494,52727
-25690,-500,52803
-25712,-494,52848
-25658,-503,52737
-25659,-489,52739
-25681,-508,52784
-25645,-514,52710
-25665,-497,52751
-25667,-508,52755
-25707,-512,52837
-25675,-501,52771
-25639,-520,52697
-25660,-515,52740
-25682,-521,52785
-25633,-526,52684
-25652,-509,52723
-25673,-530,52766
-25673,-516,52766
-25692,-512,52805
-25696,-522,52813
-25646,-528,52710
-25665,-524,52749
-25653,-521,52724
-25657,-531,52732
-25675,-541,52769
-25639,-534,52695
-25664,-538,52746
-25649,-538,52715
-25686,-532,52791
-25626,-546,52667
-25647,-554,52710
-25633,-540,52681
-25656,-559,52728
-25656,-546,52728
-25620,-552,52654
-25639,-561,52693
-25642,-545,52699
-25627,-558,52668
-25647,-567,52709
-25666,-550,52748
-25704,-533,52826
-25631,-568,52676
-25635,-552,52684
-25692,-544,52801
-25638,-576,52690
-25614,-557,52640
-25621,-565,52654
-25607,-577,52625
-25681,-554,52777
-25614,-571,52639
-25624,-576,52659
-25660,-574,52732
-25671,-564,52754
-25616,-582,52643
-25630,-584,52671
-25594,-589,52597
-25613,-599,52636
-25601,-583,52611
-25609,-589,52627
-25602,-596,52612
-25622,-591,52653
-25650,-583,52710
-25595,-602,52597
-25581,-615,52568
-25606,-606,52619
-25588,-609,52582
-25598,-613,52602
-25631,-601,52669
-25622,-609,52650
-25641,-592,52689
-25590,-620,52586
-25613,-618,52631
-25575,-621,52554
-25691,-570,52788
-25583,-627,52570
-25576,-634,52555
-25569,-640,52540
-25562,-647,52525
-25679,-581,52763
-25555,-653,52510
-25605,-626,52612
-25588,-641,52577
-25668,-591,52738
-25597,-633,52594
-25646,-612,52692
-25581,-648,52560
-25657,-602,52714
-25573,-656,52543
-25565,-663,52527
-25636,-621,52670
-25558,-669,52511
-25626,-630,52648
-25551,-676,52495
-25544,-683,52480
-25607,-648,52607
-25537,-689,52465
-25598,-656,52588
-25617,-639,52627
-25581,-673,52551
-25590,-665,52569
-25573,-680,52533
-25680,-611,52748
-25565,-688,52515
-25557,-695,52498
-25668,-622,52722
-25541,-710,52465
-25656,-633,52697
-25549,-703,52481
-25645,-644,52673
-25534,-716,52449
-25527,-723,52434
-25634,-654,52649
-25520,-730,52418
-25623,-664,52627
-25613,-673,52605
-25603,-682,52584
-25594,-691,52563
-25584,-700,52543
-25575,-708,52524
-25567,-717,52505
-25558,-725,52486
-25550,-732,52468
-25542,-740,52451
-25534,-748,52434
-25526,-755,52417
-25670,-659,52706
-25518,-762,52400
-25511,-769,52384
-25658,-670,52679
-25504,-776,52369
-25646,-682,52653
-25634,-693,52628
-25623,-703,52604
-25612,-713,52581
-25602,-723,52558
-25592,-733,52536
-25572,-751,52495
-25582,-742,52515
-25563,-760,52475
-25554,-768,52455
-25545,-776,52436
-25537,-784,52418
-25529,-792,52400
-25520,-800,52382
-25513,-808,52365
-25497,-822,52332
-25505,-815,52348
-25490,-829,52316
-25662,-714,52659
-25650,-726,52632
-25637,-738,52605
-25626,-749,52580
-25614,-760,52555
-25603,-770,52531
-25592,-780,52508
-25582,-790,52486
-25572,-799,52464
-25562,-809,52443
-25553,-818,52422
-25544,-826,52402
-25535,-835,52383
-25526,-843,52364
-25517,-851,52345
-25509,-859,52327
-25501,-867,52310
-25493,-875,52293
-25485,-882,52276
-25477,-889,52259
-25643,-788,52581
-25657,-776,52609
-25631,-800,52554
-25619,-811,52528
-25607,-822,52502
-25596,-833,52478
-25585,-843,52454
-25574,-854,52431
-25564,-863,52409
-25554,-873,52388
-25544,-882,52367
-25535,-891,52346
-25652,-844,52556
-25639,-856,52527
-25626,-868,52499
-25613,-880,52472
-25601,-891,52447
-25525,-900,52326
-25516,-908,52307
-25508,-917,52288
-25499,-929,52267
-25491,-941,52247
-25483,-953,52228
-25475,-964,52209
-25468,-975,52190
-25590,-902,52422
-25579,-912,52397
-25568,-923,52374
-25557,-935,52350
-25547,-950,52326
-25537,-964,52302
-25528,-978,52279
-25519,-991,52257
-25510,-1004,52235
-25501,-1017,52214
-25492,-1029,52193
-25484,-1041,52173
-25650,-916,52499
-25476,-1053,52153
-25636,-929,52470
-25623,-941,52441
-25468,-1065,52133
-25610,-957,52412
-25460,-1076,52114
-25598,-975,52383
-25586,-991,52355
-25575,-1007,52328
-25564,-1023,52302
-25553,-1038,52276
-25543,-1053,52251
-25533,-1067,52227
-25523,-1081,52204
-25514,-1095,52181
-25504,-1108,52159
-25495,-1121,52137
-25487,-1133,52116
-25649,-1007,52434
-25478,-1146,52095
-25469,-1158,52075
-25635,-1026,52401
-25461,-1170,52055
-25622,-1045,52369
-25453,-1181,52036
-25609,-1063,52338
-25597,-1080,52309
-25585,-1097,52280
-25573,-1114,52253
-25562,-1130,52226
-25551,-1145,52200
-25540,-1160,52175
-25530,-1174,52150
-25520,-1189,52126
-25510,-1202,52103
-25501,-1216,52080
-25491,-1229,52058
-25482,-1242,52036
-25473,-1254,52015
-25651,-1115,52359
-25465,-1267,51995
-25456,-1280,51974
-25636,-1135,52325
-25448,-1295,51952
-25623,-1154,52293
-25609,-1172,52262
-25597,-1190,52232
-25584,-1207,52203
-25572,-1224,52175
-25561,-1240,52147
-25549,-1256,52121
-25539,-1271,52095
-25528,-1285,52070
-25518,-1300,52046
-25508,-1314,52022
-25498,-1330,51998
-25654,-1227,52282
-25639,-1247,52248
-25625,-1267,52215
-25611,-1285,52183
-25598,-1303,52153
-25585,-1320,52123
-25573,-1337,52094
-25658,-1342,52202
-25488,-1348,51973
-25479,-1366,51948
-25470,-1383,51924
-25461,-1400,51901
-25452,-1417,51878
-25443,-1433,51856
-25561,-1353,52067
-25549,-1370,52039
-25538,-1391,52010
-25527,-1411,51982
-25517,-1431,51955
-25506,-1450,51928
-25496,-1469,51902
-25486,-1487,51876
-25477,-1505,51852
-25642,-1362,52168
-25467,-1523,51827
-25628,-1382,52134
-25458,-1540,51804
-25614,-1401,52102
-25600,-1419,52071
-25449,-1557,51780
-25440,-1573,51757
-25587,-1443,52038
-25574,-1466,52005
-25562,-1488,51974
-25550,-1510,51944
-25539,-1531,51914
-25527,-1552,51886
-25516,-1572,51858
-25506,-1592,51830
-25495,-1611,51804
-25663,-1460,52120
-25485,-1629,51778
-25647,-1482,52084
-25475,-1647,51753
-25632,-1509,52047
-25466,-1665,51728
-25456,-1683,51704
-25618,-1535,52010
-25447,-1700,51680
-25604,-1560,51975
-25438,-1716,51657
-25590,-1585,51941
-25577,-1609,51908
-25565,-1633,51876
-25553,-1656,51845
-25541,-1679,51814
-25530,-1701,51785
-25519,-1723,51756
-25508,-1745,51727
-25498,-1766,51700
-25674,-1622,52017
-25659,-1655,51976
-25644,-1686,51936
-25630,-1717,51898
-25616,-1747,51860
-25603,-1776,51824
-25488,-1786,51673
-25478,-1807,51646
-25469,-1827,51620
-25459,-1846,51595
-25450,-1866,51570
-25441,-1887,51545
-25591,-1805,51789
-25579,-1832,51755
-25567,-1859,51721
-25556,-1886,51689
-25545,-1911,51658
-25534,-1937,51627
-25524,-1961,51597
-25514,-1986,51568
-25504,-2009,51539
-25494,-2035,51510
-25700,-1863,51880
-25485,-2063,51479
-25475,-2090,51450
-25686,-1900,51836
-25466,-2117,51421
-25671,-1936,51794
-25457,-2143,51392
-25658,-1971,51754
-25644,-2004,51715
-25632,-2037,51676
-25619,-2068,51640
-25608,-2099,51604
-25596,-2129,51569
-25585,-2159,51535
-25574,-2188,51502
-25564,-2217,51469
-25739,-2157,51719
-25724,-2197,51673
-25710,-2237,51630
-25553,-2250,51434
-25543,-2282,51400
-25533,-2314,51367
-25523,-2346,51335
-25514,-2376,51303
-25505,-2407,51272
-25496,-2437,51241
-25487,-2466,51211
-25696,-2275,51587
-25683,-2312,51546
-25671,-2348,51506
-25658,-2383,51467
-25647,-2417,51430
-25635,-2453,51392
-25624,-2491,51353
-25613,-2528,51315
-25602,-2565,51278
-25591,-2600,51242
-25581,-2635,51207
-25571,-2668,51173
-25783,-2484,51542
-25769,-2527,51495
-25754,-2568,51450
-25740,-2607,51407
-25727,-2646,51365
-25714,-2684,51324
-25561,-2701,51139
-25552,-2733,51107
-25542,-2765,51075
-25533,-2796,51043
-25524,-2826,51012
-25701,-2726,51280
-25689,-2768,51238
-25677,-2808,51198
-25665,-2847,51158
-25653,-2885,51120
-25642,-2922,51082
-25631,-2958,51046
-25621,-2993,51010
-25830,-2817,51362
-25610,-3027,50975
-25600,-3060,50941
-25815,-2861,51314
-25591,-3093,50908
-25800,-2902,51269
-25581,-3125,50876
-25785,-2947,51222
-25771,-2993,51175
-25757,-3038,51130
-25744,-3082,51086
-25731,-3124,51043
-25878,-3152,51179
-25572,-3156,50844
-25562,-3187,50813
-25718,-3164,51002
-25706,-3204,50962
-25695,-3242,50923
-25683,-3280,50885
-25672,-3316,50848
-25661,-3352,50812
-25651,-3387,50776
-25861,-3203,51128
-25640,-3421,50742
-25845,-3253,51077
-25630,-3454,50708
-25620,-3486,50675
-25830,-3302,51028
-25611,-3518,50643
-25815,-3348,50980
-25601,-3552,50610
-25801,-3394,50934
-25787,-3438,50890
-25774,-3480,50847
-25761,-3522,50805
-25749,-3562,50764
-25737,-3601,50725
-25924,-3503,50987
-25907,-3556,50933
-25891,-3607,50882
-25725,-3639,50686
-25713,-3676,50648
-25702,-3712,50612
-25691,-3748,50576
-25681,-3782,50541
-25670,-3819,50505
-25875,-3657,50832
-25659,-3857,50468
-25648,-3894,50432
-25860,-3704,50784
-25638,-3931,50397
-25846,-3750,50737
-25831,-3795,50692
-25818,-3838,50649
-25805,-3880,50606
-25792,-3921,50565
-25779,-3961,50525
-25767,-3999,50486
-25756,-4037,50448
-25972,-3857,50791
-25744,-4076,50409
-25954,-3911,50737
-25937,-3963,50685
-25921,-4013,50635
-25906,-4061,50586
-25732,-4117,50369
-25720,-4158,50330
-25708,-4197,50292
-25697,-4236,50255
-25686,-4274,50218
-25891,-4108,50539
-25675,-4311,50182
-25876,-4153,50494
-25862,-4197,50449
-25849,-4240,50406
-25836,-4281,50365
-25823,-4321,50324
-25809,-4366,50281
-25796,-4410,50238
-26020,-4211,50595
-25783,-4453,50197
-26002,-4266,50540
-25771,-4495,50156
-25984,-4318,50488
-25759,-4536,50117
-25968,-4369,50437
-25952,-4418,50387
-25937,-4466,50340
-25922,-4512,50294
-25907,-4556,50249
-26068,-4566,50397
-25747,-4577,50078
-25735,-4616,50040
-25724,-4655,50003
-25713,-4693,49967
-25893,-4600,50205
-25879,-4649,50158
-25864,-4697,50113
-25850,-4743,50068
-25837,-4788,50025
-26050,-4621,50342
-25824,-4831,49983
-26032,-4675,50289
-25811,-4874,49942
-25798,-4916,49902
-26015,-4726,50237
-25786,-4957,49863
-25999,-4776,50187
-25774,-4997,49824
-25983,-4824,50139
-25968,-4872,50092
-25951,-4925,50041
-25936,-4976,49993
-25921,-5025,49946
-26118,-4921,50198
-26099,-4977,50143
-26081,-5031,50089
-25763,-5036,49787
-25751,-5074,49750
-25906,-5073,49900
-25892,-5120,49855
-25878,-5166,49811
-25865,-5210,49769
-25852,-5254,49727
-26063,-5084,50037
-25839,-5296,49686
-26046,-5135,49986
-25826,-5338,49647
-25814,-5378,49608
-26029,-5192,49932
-25802,-5418,49570
-26011,-5247,49880
-25790,-5457,49532
-25995,-5300,49829
-25979,-5352,49780
-25964,-5402,49732
-25949,-5451,49685
-26168,-5280,49997
-25934,-5498,49640
-26149,-5337,49940
-26130,-5392,49886
-26111,-5452,49829
-26093,-5511,49773
-25920,-5545,49596
-25906,-5590,49553
-25893,-5634,49511
-25880,-5677,49469
-25867,-5719,49429
-26074,-5569,49718
-25854,-5760,49390
-25842,-5801,49351
-26057,-5625,49665
-25830,-5841,49312
-26040,-5679,49614
-26024,-5732,49564
-26008,-5783,49516
-25993,-5833,49468
-26225,-5658,49787
-25978,-5881,49422
-25963,-5928,49378
-26204,-5719,49728
-25949,-5974,49334
-26184,-5785,49666
-26164,-5848,49607
-26145,-5909,49550
-26126,-5968,49495
-26108,-6026,49441
-25935,-6019,49291
-25922,-6063,49250
-25909,-6106,49209
-25895,-6150,49167
-25881,-6198,49122
-25866,-6247,49077
-26091,-6081,49389
-26075,-6135,49338
-26059,-6188,49289
-26043,-6239,49241
-26028,-6288,49194
-26288,-6078,49556
-26013,-6337,49149
-26267,-6148,49492
-25999,-6384,49104
-25985,-6430,49061
-26246,-6216,49429
-26226,-6281,49369
-26206,-6344,49311
-26188,-6406,49254
-26170,-6465,49200
-26362,-6547,49302
-25970,-6479,49015
-25954,-6533,48966
-25939,-6586,48917
-25924,-6637,48870
-25909,-6688,48824
-26152,-6522,49146
-26135,-6578,49095
-26119,-6632,49045
-26103,-6685,48996
-26088,-6736,48948
-26073,-6786,48902
-26057,-6841,48851
-26340,-6619,49237
-26040,-6899,48799
-26318,-6689,49173
-26024,-6955,48747
-26298,-6756,49112
-26278,-6821,49053
-26259,-6883,48996
-26241,-6944,48940
-26223,-7003,48886
-26445,-7054,49031
-26008,-7010,48697
-25992,-7064,48648
-25977,-7117,48600
-25962,-7169,48553
-26206,-7060,48834
-26190,-7115,48783
-26174,-7169,48733
-26156,-7229,48679
-26138,-7291,48623
-26121,-7351,48569
-26423,-7127,48965
-26104,-7410,48515
-26401,-7198,48901
-26087,-7468,48463
-26380,-7266,48839
-26360,-7332,48779
-26340,-7396,48721
-26322,-7458,48664
-26304,-7518,48610
-26538,-7595,48743
-26071,-7524,48412
-26055,-7579,48362
-26038,-7635,48312
-26021,-7693,48260
-26286,-7577,48556
-26268,-7638,48500
-26249,-7705,48441
-26230,-7770,48382
-26211,-7833,48326
-26193,-7895,48270
-26515,-7670,48675
-26176,-7955,48216
-26493,-7743,48610
-26472,-7813,48548
-26451,-7881,48487
-26431,-7947,48428
-26413,-8011,48370
-26159,-8014,48163
-26142,-8074,48109
-26124,-8135,48054
-26106,-8196,48000
-26089,-8255,47947
-26393,-8078,48310
-26373,-8148,48248
-26353,-8218,48185
-26333,-8288,48124
-26314,-8355,48064
-26296,-8421,48006
-26643,-8183,48431
-26278,-8485,47949
-26620,-8261,48363
-26598,-8337,48296
-26576,-8411,48231
-26556,-8482,48169
-26535,-8556,48104
-26259,-8550,47892
-26241,-8617,47833
-26222,-8683,47775
-26204,-8748,47719
-26187,-8811,47663
-26515,-8629,48040
-26170,-8874,47608
-26493,-8708,47972
-26472,-8785,47905
-26452,-8860,47841
-26433,-8934,47777
-26414,-9006,47716
-26395,-9077,47655
-26763,-8831,48090
-26740,-8915,48019
-26718,-8996,47950
-26696,-9078,47881
-26674,-9160,47810
-26376,-9152,47591
-26356,-9225,47528
-26338,-9297,47466
-26320,-9368,47406
-26303,-9438,47346
-26653,-9244,47740
-26286,-9507,47288
-26631,-9331,47667
-26609,-9416,47596
-26589,-9499,47526
-26569,-9581,47458
-26550,-9661,47392
-26900,-9552,47713
-26877,-9643,47639
-26854,-9737,47562
-26269,-9576,47230
-26530,-9744,47323
-26510,-9827,47254
-26491,-9909,47187
-26472,-9990,47120
-26455,-10069,47055
-26832,-9829,47486
-26437,-10148,46991
-26809,-9924,47408
-26786,-10022,47329
-26765,-10117,47253
-26744,-10210,47177
-27053,-10354,47295
-26420,-10227,46927
-26403,-10306,46863
-26386,-10388,46797
-26724,-10302,47104
-26704,-10394,47030
-26683,-10489,46954
-26664,-10583,46880
-26645,-10675,46806
-27030,-10460,47211
-27007,-10564,47128
-26984,-10673,47043
-26960,-10782,46957
-26626,-10767,46734
-26609,-10858,46663
-26592,-10949,46592
-26574,-11040,46521
-26938,-10889,46874
-26557,-11135,46447
-26917,-10995,46792
-26539,-11231,46371
-26897,-11099,46712
-26877,-11206,46629
-26856,-11314,46546
-27224,-11247,46827
-27201,-11365,46737
-27176,-11489,46643
-26521,-11327,46296
-26836,-11421,46465
-26817,-11527,46384
-26799,-11632,46305
-26782,-11737,46226
-26765,-11842,46148
-27153,-11612,46550
-27131,-11734,46459
-27109,-11854,46370
-27089,-11972,46282
-26746,-11953,46064
-26728,-12064,45980
-26711,-12175,45896
-26694,-12287,45814
-27068,-12096,46189
-26678,-12398,45731
-27047,-12219,46098
-27027,-12341,46008
-27009,-12463,45920
-27412,-12229,46312
-26991,-12583,45832
-27387,-12369,46210
-27363,-12508,46108
-27340,-12646,46008
-26974,-12704,45746
-26955,-12831,45652
-26936,-12960,45559
-27319,-12782,45910
-26918,-13088,45466
-27298,-12919,45812
-27276,-13060,45711
-27256,-13200,45611
-27615,-13308,45744
-26901,-13217,45373
-26885,-13346,45281
-26869,-13476,45189
-27236,-13340,45512
-26853,-13607,45098
-27217,-13478,45414
-27200,-13617,45317
-27590,-13466,45633
-27181,-13761,45216
-27567,-13622,45523
-27545,-13776,45416
-27524,-13933,45307
-27162,-13908,45111
-27143,-14055,45008
-27125,-14203,44905
-27502,-14093,45195
-27108,-14350,44803
-27481,-14252,45085
-27461,-14410,44977
-27442,-14569,44869
-27834,-14478,45126
-27810,-14654,45006
-27092,-14498,44701
-27076,-14648,44599
-27061,-14797,44498
-27423,-14730,44758
-27045,-14950,44394
-27404,-14896,44643
-27787,-14828,44888
-27384,-15063,44529
-27765,-15006,44768
-27742,-15187,44645
-27366,-15230,44415
-27348,-15398,44301
-27331,-15566,44188
-27721,-15367,44525
-27315,-15735,44076
-27701,-15546,44405
-27681,-15728,44283
-27662,-15911,44160
-28067,-15735,44459
-28044,-15931,44329
-28021,-16131,44197
-27299,-15904,43964
-27283,-16075,43850
-27266,-16248,43735
-27641,-16099,44033
-27622,-16288,43907
-27603,-16477,43782
-27998,-16334,44063
-27976,-16536,43931
-27955,-16738,43799
-27250,-16421,43620
-27585,-16666,43657
-27567,-16855,43533
-27551,-17044,43410
-27934,-16944,43664
-27913,-17152,43527
-28315,-17077,43743
-27892,-17363,43388
-28291,-17300,43599
-28266,-17525,43454
-27534,-17233,43287
-27517,-17426,43160
-27500,-17618,43035
-27872,-17574,43250
-27484,-17811,42910
-27853,-17785,43113
-28243,-17751,43309
-27834,-17995,42977
-28221,-17979,43162
-28199,-18209,43014
-28572,-18497,42979
-27468,-18003,42785
-27816,-18205,42842
-27799,-18415,42708
-28177,-18442,42864
-27781,-18627,42571
-28155,-18676,42712
-28134,-18910,42562
-28546,-18746,42820
-28521,-18995,42663
-27764,-18839,42434
-27746,-19051,42298
-27730,-19262,42162
-28114,-19142,42413
-28095,-19373,42266
-28497,-19247,42502
-28076,-19603,42120
-28473,-19498,42343
-28449,-19753,42180
-28831,-19960,42179
-27713,-19472,42028
-27698,-19682,41894
-28058,-19833,41974
-28038,-20065,41826
-28425,-20007,42018
-28019,-20295,41678
-28403,-20260,41857
-28803,-20232,42009
-28381,-20511,41697
-28776,-20505,41836
-28750,-20777,41665
-28001,-20524,41532
-27983,-20752,41387
-28360,-20761,41540
-27966,-20979,41243
-28339,-21009,41383
-28724,-21053,41491
-28319,-21258,41225
-28698,-21328,41317
-28673,-21601,41144
-29087,-21449,41352
-29058,-21744,41167
-27949,-21205,41101
-27932,-21429,40959
-28298,-21507,41067
-28277,-21754,40910
-28257,-22000,40754
-28649,-21871,40974
-28626,-22140,40806
-29029,-22038,40985
-29000,-22334,40798
-28971,-22629,40613
-28238,-22244,40600
-28219,-22486,40447
-28604,-22406,40639
-28201,-22727,40295
-28580,-22674,40469
-28557,-22939,40301
-28944,-22921,40430
-29341,-22956,40499
-28918,-23210,40249
-29310,-23271,40305
-29278,-23587,40109
-28183,-22966,40144
-28162,-23208,39990
-28535,-23202,40135
-28513,-23463,39970
-28892,-23496,40071
-28492,-23721,39808
-28867,-23779,39894
-28841,-24063,39715
-29246,-23901,39913
-29215,-24212,39720
-29593,-24473,39630
-28471,-23976,39647
-28451,-24228,39489
-28430,-24480,39330
-28816,-24343,39538
-28791,-24620,39364
-29186,-24517,39530
-28767,-24893,39192
-29158,-24819,39343
-29557,-24807,39424
-29129,-25118,39156
-29522,-25140,39219
-29488,-25467,39016
-28405,-24738,39164
-28378,-25001,38993
-28743,-25162,39022
-28720,-25428,38855
-29100,-25416,38968
-28697,-25691,38690
-29072,-25710,38784
-29455,-25788,38817
-29044,-25998,38602
-29423,-26104,38622
-29839,-25988,38748
-29391,-26418,38427
-29800,-26339,38533
-29762,-26683,38321
-28672,-25957,38520
-28642,-26230,38343
-29017,-26282,38424
-28610,-26507,38161
-28991,-26562,38248
-28965,-26837,38075
-29358,-26729,38231
-29327,-27034,38040
-29725,-27021,38113
-29690,-27354,37909
-30082,-27504,37853
-30040,-27867,37632
-28576,-26787,37976
-28938,-27111,37902
-28908,-27391,37720
-29296,-27334,37851
-28874,-27675,37534
-29266,-27630,37666
-29654,-27683,37705
-29237,-27921,37483
-29619,-28008,37502
-29584,-28327,37302
-29999,-28223,37415
-29960,-28571,37202
-30322,-29015,36950
-28838,-27964,37344
-28800,-28256,37150
-29209,-28208,37303
-28759,-28552,36953
-29178,-28497,37118
-29550,-28641,37106
-29143,-28790,36927
-29517,-28949,36913
-29106,-29089,36731
-29921,-28915,36990
-29485,-29253,36723
-29882,-29255,36779
-30277,-29388,36724
-29843,-29588,36571
-30234,-29752,36503
-30191,-30110,36284
-30559,-30512,36044
-29066,-29391,36532
-29453,-29552,36534
-29023,-29696,36330
-29418,-29855,36339
-28978,-30004,36124
-29806,-29915,36368
-29380,-30161,36139
-29770,-30236,36168
-29734,-30552,35970
-30147,-30465,36065
-30105,-30812,35850
-30511,-30892,35815
-30463,-31265,35589
-28931,-30314,35916
-29338,-30472,35935
-29294,-30787,35728
-29698,-30864,35771
-29247,-31104,35517
-29659,-31178,35568
-30064,-31152,35639
-29617,-31497,35361
-30024,-31485,35432
-30415,-31634,35362
-29984,-31814,35225
-30369,-31995,35139
-30791,-31986,35139
-30324,-32348,34921
-30739,-32374,34906
-30686,-32758,34672
-29198,-31424,35302
-29146,-31747,35085
-29571,-31820,35149
-29091,-32075,34862
-29523,-32147,34933
-29944,-32138,35019
-29471,-32476,34714
-29901,-32463,34809
-29855,-32793,34594
-30279,-32694,34706
-30235,-33034,34492
-30635,-33132,34442
-30191,-33369,34279
-30585,-33498,34217
-31019,-33435,34237
-30536,-33857,33993
-30961,-33833,33995
-30904,-34222,33759
-29417,-32808,34491
-29361,-33143,34264
-29805,-33128,34374
-29300,-33484,34032
-29752,-33466,34150
-29696,-33807,33923
-30144,-33705,34062
-30093,-34046,33840
-30488,-34209,33773
-30039,-34392,33613
-30439,-34555,33553
-30849,-34600,33527
-30388,-34901,33331
-30795,-34973,33296
-31238,-34855,33335
-30742,-35336,33069
-31176,-35258,33092
-31115,-35651,32853
-29234,-33831,33790
-29637,-34151,33692
-29575,-34498,33456
-29981,-34742,33382
-29508,-34852,33213
-29921,-35094,33147
-30333,-35253,33102
-29857,-35449,32908
-30274,-35610,32868
-30688,-35693,32843
-30212,-35971,32629
-30633,-36049,32615
-31055,-36035,32615
-30574,-36411,32380
-30997,-36410,32382
-31450,-36238,32443
-30939,-36778,32150
-31383,-36645,32196
-31317,-37043,31952
-31654,-37582,31559
-29436,-35212,32960
-29360,-35577,32702
-29790,-35809,32663
-29717,-36176,32408
-30146,-36334,32386
-29639,-36547,32146
-30078,-36700,32139
-30510,-36778,32140
-30443,-37149,31894
-30879,-37144,31917
-30815,-37515,31677
-31254,-37430,31713
-30747,-37893,31430
-31190,-37809,31476
-31126,-38185,31237
-31582,-37994,31308
-31512,-38394,31063
-31444,-38784,30821
-31850,-38886,30683
-29557,-36924,31879
-30005,-37072,31885
-29471,-37305,31606
-29926,-37450,31621
-30373,-37524,31644
-29842,-37834,31350
-30299,-37901,31389
-30220,-38284,31125
-30675,-38274,31178
-30599,-38659,30921
-31058,-38565,30993
-30520,-39047,30659
-30985,-38952,30741
-31374,-39170,30577
-30908,-39344,30482
-31774,-39300,30431
-31302,-39559,30329
-31700,-39702,30185
-31224,-39955,30072
-31624,-40099,29936
-32039,-40147,29819
-31958,-40563,29567
-29754,-38222,31073
-29662,-38615,30790
-30135,-38674,30852
-29566,-39010,30504
-30046,-39069,30572
-29952,-39469,30286
-30435,-39441,30386
-30345,-39843,30104
-30827,-39738,30219
-30743,-40136,29950
-31142,-40356,29808
-30652,-40543,29668
-31548,-40496,29684
-31056,-40761,29538
-31465,-40901,29423
-31877,-40972,29314
-31378,-41311,29155
-31795,-41378,29059
-32220,-41367,28968
-31708,-41790,28795
-32132,-41789,28711
-32045,-42203,28453
-32392,-42547,28127
-29853,-39873,29994
-29753,-40278,29701
-30249,-40249,29816
-29650,-40682,29406
-30149,-40661,29520
-30555,-40955,29378
-30045,-41076,29220
-30966,-41169,29262
-30454,-41374,29081
-30869,-41587,28973
-31287,-41726,28879
-30767,-42011,28675
-31191,-42145,28597
-31616,-42209,28522
-31088,-42574,28300
-31519,-42635,28241
-31954,-42622,28188
-31418,-43064,27953
-31857,-43051,27911
-32299,-42974,27865
-31755,-43486,27625
-32203,-43400,27599
-32102,-43836,27320
-32556,-43689,27294
-32456,-44123,27027
-32569,-44145,26789
-32460,-44595,26511
-32577,-44617,26267
-29939,-41491,28918
-30348,-41797,28777
-29831,-41904,28616
-30238,-42222,28468
-29721,-42317,28314
-30659,-42440,28369
-30126,-42647,28159
-30547,-42875,28056
-30980,-43009,27994
-30431,-43311,27739
-30867,-43450,27681
-31310,-43503,27650
-30748,-43895,27359
-31196,-43949,27337
-31649,-43926,27332
-31535,-44375,27023
-31994,-44281,27030
-31415,-44832,26704
-31882,-44732,26731
-32350,-44567,26747
-31763,-45191,26418
-32237,-45021,26455
-32345,-45057,26218
-32120,-45482,26152
-32460,-45086,25974
-32225,-45526,25914
-32581,-45109,25723
-32335,-45566,25666
-32452,-45600,25412
-32576,-45626,25150
-32316,-46099,25086
-32437,-46136,24822
-32565,-46165,24548
-30013,-43069,27849
-29898,-43491,27539
-30314,-43745,27422
-29781,-43904,27228
-30195,-44178,27105
-30626,-44342,27034
-31076,-44401,27016
-30504,-44787,26709
-30952,-44858,26686
-30824,-45317,26353
-31289,-45295,26375
-31158,-45764,26038
-31637,-45658,26093
-31996,-45951,25835
-31506,-46133,25757
-32096,-46006,25592
-31864,-46429,25504
-32203,-46055,25342
-31961,-46493,25258
-31727,-46914,25162
-32065,-46552,25006
-31821,-46988,24912
-32175,-46606,24747
-31920,-47058,24657
-32291,-46654,24479
-32026,-47122,24394
-32414,-46696,24201
-32137,-47182,24119
-32545,-46728,23913
-32256,-47236,23837
-32383,-47281,23547
-32518,-47318,23249
-32340,-47896,22857
-32478,-47938,22542
-30076,-44601,26788
-29954,-45024,26468
-30380,-45224,26384
-29827,-45447,26144
-30255,-45656,26059
-30695,-45770,26020
-30127,-46087,25731
-30567,-46213,25687
-31024,-46234,25696
-30436,-46654,25355
-30890,-46694,25355
-31369,-46613,25412
-30756,-47147,25014
-31228,-47094,25062
-31583,-47406,24810
-31088,-47562,24713
-31674,-47489,24556
-31437,-47896,24452
-31770,-47569,24296
-31523,-47991,24194
-31870,-47646,24025
-31614,-48084,23926
-31977,-47718,23746
-31710,-48172,23649
-32091,-47784,23460
-31812,-48256,23363
-32212,-47844,23163
-31920,-48336,23068
-32035,-48410,22766
-31749,-48879,22677
-32158,-48476,22455
-31859,-48968,22369
-32290,-48534,22135
-31976,-49049,22053
-32431,-48583,21805
-32103,-49123,21728
-32238,-49188,21393
-32382,-49243,21047
-29996,-46519,25400
-29860,-46952,25065
-30302,-47095,25018
-30165,-47536,24677
-30619,-47598,24673
-30023,-47977,24334
-30479,-48049,24326
-30948,-48026,24364
-30336,-48499,23977
-31290,-48375,24094
-30805,-48487,24014
-31373,-48480,23830
-31143,-48851,23737
-30658,-48948,23657
-31460,-48583,23555
-31222,-48964,23464
-30994,-49323,23375
-31550,-48686,23270
-31303,-49078,23181
-31068,-49446,23095
-31646,-48784,22977
-31390,-49190,22891
-31146,-49568,22807
-31482,-49299,22593
-31230,-49689,22513
-31581,-49405,22289
-31318,-49808,22212
-31686,-49507,21976
-31413,-49925,21902
-31798,-49604,21655
-31513,-50038,21585
-31918,-49696,21324
-31621,-50148,21259
-32047,-49780,20984
-31736,-50252,20923
-32184,-49854,20631
-31858,-50351,20574
-32331,-49917,20263
-31988,-50444,20213
-32127,-50527,19840
-32276,-50600,19450
-32068,-51212,19020
-32220,-51291,18607
-29879,-48418,23988
-30189,-48948,23626
-30039,-49397,23274
-30509,-49408,23299
-30358,-49866,22941
-30841,-49795,23010
-30912,-49925,22726
-30686,-50264,22645
-30988,-50055,22435
-30755,-50401,22357
-30529,-50730,22279
-31068,-50184,22137
-30828,-50538,22063
-30596,-50874,21989
-31154,-50312,21831
-30906,-50675,21761
-30667,-51018,21691
-31244,-50439,21518
-30988,-50812,21452
-31341,-50563,21196
-31075,-50947,21134
-31445,-50684,20865
-31168,-51082,20808
-31553,-50802,20520
-31266,-51214,20468
-31669,-50915,20164
-31370,-51344,20118
-31794,-51022,19797
-31481,-51470,19756
-31186,-51880,19716
-31927,-51122,19419
-31600,-51591,19384
-31292,-52018,19350
-31727,-51706,18997
-31407,-52153,18973
-31862,-51813,18592
-31527,-52282,18577
-32007,-51910,18173
-31656,-52404,18166
-32161,-51997,17735
-31793,-52519,17737
-31940,-52624,17292
-32098,-52719,16830
-29883,-49849,22918
-30203,-50322,22582
-30043,-50780,22221
-29868,-51253,21847
-30369,-51196,21913
-30434,-51345,21620
-30205,-51662,21545
-30741,-51162,21386
-30502,-51495,21320
-30268,-51816,21250
-30821,-51307,21073
-30575,-51646,21011
-30335,-51972,20947
-30905,-51451,20751
-30651,-51799,20695
-30405,-52129,20635
-30993,-51596,20417
-30731,-51952,20366
-30478,-52289,20313
-31086,-51739,20072
-30815,-52105,20026
-30554,-52450,19979
-30905,-52258,19677
-30636,-52612,19635
-31001,-52410,19317
-30722,-52773,19282
-31103,-52559,18946
-30814,-52935,18918
-31212,-52706,18562
-30913,-53095,18542
-31328,-52848,18159
-31017,-53253,18150
-31450,-52985,17739
-31126,-53408,17739
-31580,-53116,17303
-31242,-53559,17312
-31720,-53240,16851
-31367,-53705,16870
-31872,-53354,16383
-31501,-53845,16412
-32034,-53457,15898
-31646,-53978,15938
-31801,-54101,15446
-31967,-54212,14929
-31725,-54866,14467
-31894,-54984,13916
-30031,-52135,21174
-30096,-52290,20878
-29833,-52632,20789
-30162,-52449,20574
-29901,-52785,20496
-30231,-52612,20258
-29971,-52944,20194
-29683,-53304,20093
-30301,-52778,19929
-30041,-53107,19876
-29754,-53463,19789
-30375,-52946,19591
-30113,-53274,19548
-29826,-53626,19473
-30453,-53116,19244
-30188,-53445,19209
-29901,-53794,19146
-30536,-53286,18886
-30266,-53619,18860
-29978,-53965,18809
-30625,-53456,18518
-30347,-53796,18499
-30059,-54141,18462
-30720,-53627,18138
-30433,-53975,18126
-30143,-54319,18102
-30819,-53795,17737
-30524,-54155,17738
-30231,-54501,17730
-30923,-53962,17318
-30617,-54333,17327
-30319,-54684,17335
-31034,-54126,16885
-30717,-54511,16901
-31154,-54286,16438
-30824,-54687,16462
-31282,-54442,15975
-30939,-54861,16008
-31420,-54592,15495
-31062,-55032,15538
-30840,-55616,15113
-31194,-55199,15050
-31568,-54734,14992
-30964,-55797,14613
-31333,-55358,14537
-31098,-55974,14092
-31484,-55510,14005
-31242,-56145,13551
-31644,-55649,13444
-31394,-56302,12980
-31817,-55773,12859
-31559,-56449,12385
-31733,-56579,11760
-29512,-54004,19363
-29586,-54168,19049
-29663,-54337,18724
-29325,-54729,18607
-29743,-54510,18388
-29402,-54900,18282
-29825,-54687,18041
-29483,-55075,17946
-29911,-54867,17682
-29566,-55255,17599
-30000,-55051,17309
-29653,-55439,17241
-30411,-54870,16921
-30089,-55237,16910
-29741,-55625,16860
-30508,-55057,16492
-30183,-55426,16496
-29831,-55815,16461
-30611,-55244,16049
-30282,-55616,16069
-29925,-56008,16048
-30721,-55431,15589
-30386,-55809,15625
-30025,-56203,15620
-30496,-56003,15165
-30130,-56401,15176
-30611,-56197,14682
-30242,-56601,14715
-30356,-56801,14228
-30732,-56391,14176
-30478,-57002,13722
-30861,-56583,13650
-30608,-57202,13195
-30998,-56770,13101
-30744,-57398,12642
-31144,-56947,12523
-30887,-57587,12059
-31299,-57112,11917
-31036,-57768,11446
-31465,-57265,11284
-31196,-57941,10809
-31645,-57403,10627
-31368,-58103,10145
-31552,-58247,9453
-31447,-59104,8225
-29126,-55474,17828
-29206,-55654,17491
-29288,-55838,17143
-28916,-56240,17026
-29373,-56026,16780
-28997,-56429,16676
-29459,-56218,16394
-29079,-56623,16307
-29548,-56413,15993
-29162,-56820,15916
-29642,-56612,15578
-29249,-57022,15513
-29741,-56813,15148
-29341,-57227,15095
-29846,-57018,14703
-29438,-57437,14662
-29955,-57225,14236
-29540,-57650,14212
-30070,-57433,13747
-29645,-57866,13737
-30191,-57642,13239
-29757,-58085,13244
-30320,-57851,12711
-29876,-58305,12732
-30003,-58525,12200
-30456,-58055,12153
-30134,-58739,11635
-30597,-58253,11566
-30272,-58948,11043
-30747,-58444,10953
-30420,-59152,10427
-30907,-58629,10315
-30578,-59350,9788
-31078,-58805,9651
-30747,-59539,9121
-31257,-58964,8954
-30924,-59712,8421
-31112,-59866,7691
-31311,-59994,6929
-31134,-60926,5556
-28692,-57027,16197
-28771,-57226,15822
-28853,-57429,15430
-28453,-57835,15330
-28937,-57638,15023
-28531,-58044,14934
-29027,-57851,14601
-28613,-58260,14524
-29121,-58069,14164
-28699,-58481,14099
-29218,-58291,13706
-28790,-58707,13657
-29320,-58517,13227
-28882,-58939,13190
-29428,-58746,12728
-28980,-59175,12705
-29543,-58978,12211
-29084,-59415,12201
-29665,-59209,11671
-29194,-59659,11678
-29790,-59435,11098
-29310,-59902,11129
-29429,-60141,10547
-29924,-59659,10500
-29556,-60379,9942
-30066,-59878,9879
-29693,-60614,9315
-30219,-60093,9234
-29839,-60846,8664
-30381,-60297,8559
-29993,-61066,7978
-30554,-60489,7854
-30158,-61278,7267
-30736,-60660,7119
-30333,-61469,6524
-30930,-60808,6354
-30517,-61637,5749
-30712,-61781,4945
-30918,-61899,4112
-28202,-58661,14434
-28281,-58884,14019
-28363,-59113,13590
-27955,-59492,13521
-28448,-59348,13139
-28033,-59729,13086
-28536,-59589,12666
-28112,-59972,12626
-28629,-59835,12175
-28195,-60223,12148
-28728,-60087,11665
-28283,-60480,11650
-28832,-60342,11136
-28376,-60743,11134
-28940,-60596,10574
-28475,-61011,10597
-28574,-61275,10023
-29053,-60848,9985
-29174,-61101,9373
-29304,-61353,8738
-29441,-61600,8076
-29587,-61838,7383
-29743,-62069,6664
-29324,-62849,6058
-29909,-62281,5910
-29477,-63082,5290
-30081,-62471,5123
-29634,-63295,4485
-30263,-62641,4305
-29799,-63492,3649
-30454,-62787,3457
-29973,-63669,2782
-30652,-62905,2572
-30152,-63812,1874
-30336,-63925,927
-27707,-60333,12586
-27782,-60585,12121
-27861,-60845,11637
-27458,-61187,11623
-27944,-61112,11134
-27533,-61455,11134
-28032,-61385,10611
-27611,-61731,10626
-27695,-62014,10098
-28123,-61663,10064
-27779,-62299,9540
-28216,-61938,9482
-28680,-61542,9425
-27867,-62586,8951
-28316,-62217,8877
-28793,-61809,8805
-28422,-62499,8250
-28914,-62077,8162
-28535,-62782,7599
-29042,-62340,7488
-28653,-63059,6914
-29178,-62597,6786
-28780,-63335,6203
-28916,-63605,5462
-29054,-63857,4676
-29196,-64095,3854
-29345,-64318,3000
-29500,-64520,2111
-29659,-64693,1181
-29823,-64833,210
-29322,-65708,-497
-29989,-64944,-801
-29465,-65845,-1538
-29613,-65957,-2614
-27211,-62055,10639
-27285,-62338,10126
-26965,-62935,9633
-27364,-62630,9592
-27038,-63233,9091
-27442,-62923,9024
-27111,-63535,8516
-27524,-63220,8429
-27960,-62877,8340
-27188,-63842,7915
-27611,-63523,7811
-28059,-63172,7705
-27270,-64155,7291
-27704,-63830,7170
-28164,-63467,7043
-27801,-64137,6498
-28274,-63760,6350
-27904,-64444,5797
-28392,-64053,5630
-28012,-64753,5065
-28516,-64340,4874
-28123,-65056,4293
-28639,-64611,4070
-28233,-65344,3470
-28767,-64871,3230
-28348,-65624,2615
-28900,-65118,2359
-28466,-65893,1726
-29037,-65343,1449
-28586,-66140,795
-29178,-65544,499
-28708,-66366,-174
-28832,-66554,-1196
-28953,-66714,-2264
-29082,-66854,-3361
-29218,-66964,-4489
-26717,-63827,8597
-26786,-64136,8015
-26466,-64726,7521
-26858,-64452,7409
-26534,-65050,6910
-26935,-64775,6780
-27357,-64473,6644
-26607,-65382,6276
-27016,-65102,6123
-27447,-64791,5962
-26681,-65718,5610
-27098,-65431,5433
-27541,-65112,5251
-26755,-66058,4910
-27184,-65765,4711
-27639,-65436,4506
-26832,-66404,4176
-27272,-66103,3954
-27737,-65752,3716
-27358,-66431,3146
-27835,-66057,2878
-27445,-66752,2294
-27937,-66356,2007
-27534,-67067,1408
-28041,-66644,1102
-27623,-67371,483
-28143,-66911,149
-27710,-67657,-488
-28248,-67159,-842
-27797,-67925,-1501
-28351,-67369,-1888
-27882,-68156,-2569
-28455,-67551,-2977
-27971,-68361,-3674
-28567,-67718,-4091
-28066,-68551,-4804
-28684,-67854,-5238
-28165,-68711,-5970
-28810,-67962,-6414
-28273,-68849,-7163
-28386,-68912,-8412
-26216,-65638,6418
-26284,-65978,5779
-25965,-66561,5286
-26350,-66321,5102
-26025,-66913,4599
-26418,-66672,4392
-26085,-67273,3879
-26486,-67028,3647
-26911,-66754,3407
-26145,-67639,3124
-26556,-67389,2866
-26986,-67092,2582
-26205,-68007,2328
-26620,-67737,2026
-27062,-67427,1717
-26260,-68366,1476
-26686,-68085,1148
-27139,-67758,816
-26750,-68430,231
-27213,-68077,-128
-26810,-68762,-734
-27285,-68381,-1118
-26867,-69082,-1741
-27356,-68667,-2151
-26924,-69385,-2792
-27424,-68916,-3237
-26979,-69652,-3892
-27499,-69143,-4356
-27039,-69900,-5024
-27579,-69354,-5502
-27104,-70128,-6186
-27662,-69537,-6685
-27172,-70333,-7383
-27752,-69701,-7894
-27246,-70520,-8607
-27845,-69802,-9156
-27320,-70649,-9886
-27944,-69770,-10502
-27400,-70655,-11244
-27490,-70620,-12638
-25703,-67493,4101
-25756,-67861,3371
-25432,-68438,2868
-25810,-68236,2606
-25479,-68822,2094
-25860,-68612,1796
-25520,-69203,1270
-25906,-68981,932
-26316,-68727,584
-25557,-69581,393
-25951,-69352,26
-26368,-69084,-348
-25591,-69962,-526
-25991,-69719,-924
-26414,-69428,-1332
-25620,-70338,-1493
-26025,-70075,-1923
-26458,-69762,-2356
-26056,-70423,-2962
-26502,-70080,-3421
-26088,-70752,-4040
-26543,-70364,-4534
-26119,-71053,-5164
-26591,-70631,-5677
-26154,-71338,-6317
-26642,-70875,-6855
-26191,-71597,-7509
-26695,-71099,-8066
-26230,-71839,-8733
-26753,-71306,-9306
-26272,-72063,-9989
-26809,-71459,-10600
-26313,-72238,-11297
-26871,-71503,-11968
-26356,-72317,-12675
-26942,-71498,-13378
-26408,-72339,-14100
-27023,-71460,-14822
-26469,-72331,-15560
-26541,-72286,-17059
-25152,-69394,1586
-25185,-69781,748
-24853,-70347,231
-25212,-70167,-140
-24872,-70740,-670
-25237,-70557,-1074
-24886,-71137,-1617
-25253,-70940,-2057
-25641,-70704,-2508
-24892,-71527,-2615
-25265,-71317,-3084
-25663,-71065,-3557
-24896,-71913,-3651
-25278,-71688,-4141
-25684,-71404,-4647
-24900,-72295,-4716
-25288,-72037,-5244
-25703,-71719,-5781
-25296,-72366,-6387
-25726,-72021,-6944
-25308,-72683,-7560
-25750,-72295,-8150
-25319,-72971,-8778
-25776,-72553,-9387
-25332,-73244,-10027
-25804,-72793,-10658
-25346,-73497,-11312
-25829,-72987,-11979
-25856,-73099,-13366
-25890,-73145,-14806
-25932,-73163,-16280
-25982,-73148,-17793
-26044,-73091,-19350
-25473,-73946,-20087
-25512,-73874,-21720
-24535,-71301,-1195
-24540,-71704,-2154
-24198,-72256,-2689
-24537,-72099,-3166
-24187,-72658,-3708
-24532,-72493,-4209
-23841,-73204,-4244
-24175,-73060,-4759
-24528,-72885,-5282
-24162,-73459,-5841
-24899,-72652,-5830
-24517,-73250,-6408
-24142,-73831,-6976
-24898,-72993,-6982
-24506,-73602,-7568
-24121,-74194,-8145
-24898,-73322,-8166
-24495,-73942,-8763
-24897,-73624,-9394
-24483,-74257,-10000
-24898,-73911,-10655
-24472,-74558,-11270
-24897,-74177,-11953
-24459,-74833,-12581
-25356,-73709,-12646
-24894,-74404,-13299
-24442,-75075,-13939
-25367,-73851,-14041
-24890,-74570,-14703
-25385,-73918,-15494
-24891,-74660,-16168
-25408,-73960,-16983
-24893,-74724,-17674
-25438,-73972,-18511
-24894,-74761,-19225
-24895,-74762,-20827
-24900,-74717,-22486
-24913,-74606,-24216
-23822,-73613,-5302
-23474,-74153,-5838
-23801,-74018,-6394
-23445,-74563,-6939
-23093,-75096,-7477
-23772,-74398,-7537
-23407,-74950,-8090
-23743,-74770,-8713
-23369,-75330,-9274
-24100,-74543,-9350
-23710,-75126,-9928
-23326,-75693,-10497
-24076,-74871,-10596
-23676,-75465,-11181
-23278,-76042,-11762
-24054,-75183,-11875
-23640,-75789,-12471
-24027,-75468,-13198
-23594,-76084,-13813
-23992,-75723,-14571
-23537,-76350,-15206
-24421,-75260,-15355
-23948,-75927,-16006
-23469,-76571,-16659
-24398,-75375,-16837
-23899,-76064,-17507
-24372,-75459,-18366
-23847,-76162,-19059
-24344,-75515,-19942
-23792,-76235,-20657
-24315,-75537,-21567
-23735,-76278,-22304
-24288,-75519,-23249
-23677,-76284,-24007
-24262,-75446,-25001
-23615,-76231,-25786
-24244,-75177,-26902
-23549,-76031,-27696
-23511,-75536,-29798
-23047,-75488,-8636
-22689,-76013,-9177
-22999,-75875,-9827
-22626,-76407,-10381
-22246,-76927,-10938
-22941,-76245,-11065
-22550,-76783,-11635
-22874,-76604,-12345
-22464,-77150,-12930
-23222,-76376,-13069
-22798,-76946,-13669
-22370,-77497,-14271
-23155,-76682,-14428
-22711,-77260,-15046
-23076,-76956,-15841
-22613,-77540,-16476
-22988,-77188,-17312
-22507,-77784,-17960
-23397,-76724,-18178
-22894,-77359,-18845
-22392,-77972,-19506
-23321,-76836,-19750
-22796,-77484,-20434
-23241,-76925,-21366
-22691,-77588,-22070
-23156,-76987,-23034
-22582,-77665,-23756
-23069,-77012,-24758
-22473,-77707,-25495
-22977,-76975,-26561
-22361,-77682,-27313
-22881,-76822,-28474
-22240,-77558,-29235
-22807,-76391,-30575
-22738,-75727,-32843
-22034,-76560,-33595
-21952,-75812,-35983
-22153,-77308,-12207
-21752,-77817,-12781
-22051,-77679,-13516
-21636,-78193,-14102
-21220,-78692,-14684
-21940,-78031,-14872
-21510,-78549,-15469
-22266,-77818,-15662
-21820,-78359,-16275
-21374,-78884,-16884
-22151,-78105,-17107
-21688,-78652,-17733
-21227,-79183,-18353
-22026,-78358,-18604
-21546,-78913,-19243
-21892,-78563,-20162
-21394,-79129,-20813
-22272,-78108,-21112
-21752,-78709,-21784
-22145,-78224,-22766
-21611,-78835,-23447
-22019,-78314,-24464
-21473,-78939,-25151
-21896,-78371,-26211
-21337,-79005,-26908
-21765,-78355,-28043
-21189,-78997,-28747
-21623,-78244,-29971
-22129,-77193,-31322
-21479,-77940,-32049
-21357,-77349,-34322
-21251,-76631,-36717
-21154,-75770,-39249
-20342,-75584,-42643
-21079,-79052,-16063
-20649,-79536,-16651
-20929,-79392,-17488
-20485,-79880,-18085
-20045,-80355,-18675
-20767,-79696,-18968
-20313,-80190,-19571
-21069,-79449,-19876
-20598,-79969,-20498
-20139,-80468,-21103
-20906,-79676,-21452
-20429,-80204,-22076
-21242,-79288,-22441
-20745,-79848,-23082
-20261,-80388,-23707
-21091,-79425,-24110
-20586,-79994,-24755
-20095,-80542,-25383
-20944,-79540,-25818
-20430,-80118,-26467
-20794,-79613,-27582
-20266,-80196,-28231
-20630,-79611,-29426
-20087,-80198,-30087
-21027,-78894,-30683
-20450,-79513,-31376
-20853,-78634,-32761
-20251,-79280,-33458
-20705,-78097,-35027
-20076,-78806,-35711
-20577,-77404,-37427
-19927,-78137,-38116
-20455,-76574,-39964
-19783,-77332,-40657
-19647,-76370,-43341
-19514,-75244,-46159
-18659,-74745,-49790
-19868,-80670,-20163
-19433,-81137,-20742
-19689,-80954,-21696
-19250,-81426,-22277
-19964,-80712,-22683
-19509,-81204,-23276
-19065,-81683,-23857
-19789,-80907,-24315
-19329,-81410,-24904
-19617,-81067,-25985
-19150,-81575,-26571
-19930,-80674,-27089
-19443,-81204,-27694
-18968,-81715,-28286
-19754,-80753,-28864
-19254,-81285,-29479
-19561,-80758,-30730
-19049,-81291,-31355
-19890,-80102,-32049
-19348,-80663,-32705
-18820,-81194,-33341
-19672,-79882,-34140
-19112,-80447,-34805
-19470,-79472,-36377
-18886,-80094,-37028
-19300,-78832,-38783
-18696,-79487,-39430
-19137,-78047,-41328
-18514,-78721,-41978
-18979,-77111,-44016
-18334,-77807,-44668
-18820,-76013,-46840
-18152,-76732,-47497
-17964,-75490,-50455
-17742,-74039,-53562
-18819,-81885,-22846
-18630,-82148,-24416
-18204,-82601,-24963
-18879,-81897,-25474
-18440,-82371,-26032
-18010,-82831,-26578
-18695,-82068,-27142
-18250,-82545,-27702
-17816,-83008,-28249
-18504,-82208,-28864
-18051,-82685,-29430
-18768,-81796,-30080
-18294,-82288,-30667
-17832,-82763,-31240
-18550,-81801,-31964
-18065,-82291,-32560
-17592,-82762,-33142
-18307,-81702,-33962
-17808,-82188,-34569
-18570,-80983,-35449
-18043,-81496,-36077
-17532,-81986,-36688
-18323,-80671,-37663
-17781,-81209,-38287
-18112,-80107,-40056
-17547,-80695,-40666
-17912,-79356,-42607
-17329,-79960,-43219
-17711,-78461,-45300
-17108,-79081,-45913
-17507,-77407,-48133
-16883,-78042,-48752
-17285,-76178,-51106
-16618,-76814,-51748
-17012,-74731,-54241
-16301,-75370,-54906
-16693,-73047,-57531
-15937,-73695,-58217
-15551,-71789,-61660
-17589,-83275,-27114
-17390,-83457,-28786
-16972,-83893,-29313
-17608,-83145,-29985
-17174,-83591,-30528
-16750,-84022,-31060
-17381,-83221,-31801
-16939,-83663,-32349
-16508,-84091,-32887
-17129,-83215,-33711
-16678,-83651,-34269
-17321,-82654,-35161
-16848,-83101,-35739
-16388,-83531,-36305
-17037,-82455,-37283
-16555,-82904,-37865
-17257,-81712,-38898
-16750,-82187,-39496
-16256,-82640,-40080
-17000,-81248,-41262
-16471,-81769,-41847
-16764,-80533,-43814
-16215,-81079,-44394
-16525,-79668,-46510
-15958,-80224,-47092
-16269,-78635,-49361
-15665,-79186,-49962
-15962,-77402,-52381
-15319,-77948,-53003
-15605,-75960,-55558
-14927,-76506,-56197
-15206,-74295,-58883
-14800,-72427,-62323
-14398,-70335,-65875
-16335,-84441,-31582
-16085,-84504,-33415
-15671,-84903,-33933
-16237,-84070,-34816
-15807,-84474,-35352
-15386,-84864,-35878
-15938,-83945,-36858
-15499,-84344,-37399
-15069,-84729,-37929
-16085,-83336,-38432
-15626,-83751,-38987
-15178,-84150,-39530
-15775,-83075,-40650
-15306,-83491,-41207
-14847,-83890,-41752
-15957,-82257,-42420
-15459,-82714,-42984
-14976,-83142,-43539
-15682,-81599,-44959
-15162,-82094,-45512
-14653,-82555,-46058
-15400,-80745,-47666
-14849,-81233,-48233
-15069,-79700,-50555
-14484,-80180,-51138
-14691,-78458,-53612
-14075,-78933,-54210
-14266,-77015,-56821
-14502,-74860,-59527
-13825,-75392,-60149
-14079,-73026,-62963
-13386,-73588,-63580
-13658,-70975,-66509
-12948,-71574,-67120
-13246,-68669,-70176
-12519,-69316,-70778
-12096,-66746,-74576
-14972,-85240,-36394
-14649,-85102,-38449
-14236,-85461,-38959
-14740,-84534,-40062
-14311,-84904,-40584
-13890,-85261,-41095
-14399,-84273,-42286
-13960,-84642,-42809
-13529,-84995,-43323
-14505,-83544,-44086
-14042,-83924,-44624
-13584,-84282,-45156
-14149,-82984,-46601
-13652,-83383,-47140
-14305,-81690,-48794
-13768,-82119,-49347
-13240,-82523,-49892
-13911,-80630,-51712
-13347,-81053,-52275
-13473,-79376,-54796
-12885,-79795,-55368
-13627,-77495,-57426
-13009,-77951,-58013
-13173,-75895,-60750
-12544,-76371,-61332
-12720,-74118,-64176
-12077,-74617,-64753
-12268,-72138,-67710
-11614,-72668,-68279
-11822,-69921,-71359
-11380,-67407,-75143
-10946,-64506,-79079
-13478,-85605,-41598
-13103,-85331,-43831
-12679,-85649,-44335
-13130,-84621,-45683
-12679,-84940,-46205
-12231,-85240,-46722
-13161,-83750,-47677
-12678,-84089,-48210
-12202,-84402,-48740
-12721,-82905,-50429
-12210,-83264,-50958
-12794,-81450,-52829
-12251,-81824,-53373
-11721,-82180,-53906
-12316,-80195,-55924
-11763,-80577,-56465
-12412,-78384,-58581
-11833,-78797,-59133
-11272,-79191,-59668
-11936,-76822,-61895
-11348,-77251,-62442
-11458,-75090,-65311
-10861,-75538,-65852
-10984,-73168,-68830
-10376,-73641,-69364
-11153,-70487,-71920
-10509,-71020,-72462
-10693,-68023,-75690
-10034,-68599,-76217
-9565,-65822,-80104
-10241,-65185,-79601
-9099,-62608,-84177
-9788,-61924,-83687
-9771,-61886,-83752
-8703,-61637,-85785
-11787,-85525,-47234
-11735,-84693,-49264
-11274,-84966,-49783
-10818,-85225,-50294
-11708,-83598,-51482
-11215,-83910,-51999
-10732,-84205,-52509
-11205,-82522,-54425
-10701,-82850,-54933
-11225,-80943,-56992
-10703,-81294,-57505
-10194,-81630,-58005
-10728,-79568,-60189
-10199,-79928,-60696
-10779,-77659,-62972
-10227,-78047,-63487
-9691,-78419,-63989
-10284,-75964,-66376
-9725,-76370,-66885
-9789,-74088,-69881
-9221,-74512,-70382
-9889,-71522,-72986
-9291,-71996,-73494
-9401,-69139,-76723
-8791,-69647,-77212
-8292,-66973,-81062
-8915,-66416,-80590
-8437,-63257,-84646
-7694,-61369,-87711
-10260,-84483,-53010
-9801,-84746,-53503
-10210,-83165,-55429
-9731,-83469,-55914
-9263,-83761,-56389
-9698,-81954,-58493
-9214,-82265,-58970
-8741,-82566,-59435
-9685,-80273,-61190
-9184,-80604,-61671
-8696,-80923,-62141
-9172,-78775,-64476
-8667,-79116,-64951
-9184,-76756,-67379
-8658,-77125,-67860
-8148,-77477,-68328
-8672,-74916,-70869
-8139,-75300,-71342
-8714,-72444,-73986
-8156,-72869,-74463
-8203,-70126,-77687
-7635,-70578,-78147
-7691,-67495,-81520
-7189,-64455,-85532
-7801,-63872,-85096
-6737,-61078,-89540
-6260,-51672,-96393
-8805,-84039,-56856
-8280,-82855,-59891
-7829,-83135,-60337
-8220,-81229,-62600
-7756,-81524,-63048
-7303,-81810,-63487
-8176,-79443,-65415
-7697,-79757,-65867
-7230,-80060,-66308
-7652,-77814,-68784
-7169,-78137,-69228
-7623,-75666,-71802
-7121,-76016,-72250
-7615,-73273,-74922
-7092,-73658,-75367
-6584,-74024,-75799
-7086,-71007,-78593
-6556,-71414,-79027
-6555,-68450,-82396
-7113,-67986,-81964
-6031,-65519,-86363
-6599,-65003,-85953
-5515,-62098,-90539
-6091,-61533,-90150
-5826,-60768,-91279
-5208,-50799,-98657
-6860,-82085,-63917
-6775,-80351,-66739
-6330,-80631,-67161
-5894,-80898,-67571
-6698,-78448,-69662
-6239,-78746,-70086
-5792,-79030,-70498
-6633,-76351,-72685
-6159,-76672,-73111
-5696,-76977,-73522
-6091,-74373,-76221
-5612,-74707,-76631
-6041,-71801,-79449
-5543,-72169,-79859
-4989,-69694,-83618
-5494,-69302,-83223
-6015,-68888,-82815
-4953,-66462,-87148
-5482,-66005,-86761
-4419,-63144,-91275
-4958,-62636,-90914
-4959,-60444,-92936
-4217,-49918,-100801
-5354,-79303,-70901
-4926,-79566,-71295
-5245,-77269,-73920
-4805,-77550,-74309
-4376,-77820,-74690
-5146,-75023,-77029
-4691,-75326,-77418
-4249,-75616,-77797
-5058,-72517,-80256
-4588,-72849,-80643
-4130,-73166,-81021
-4026,-70421,-84377
-4500,-70066,-84002
-3945,-67297,-87890
-4441,-66890,-87524
-3394,-64082,-91967
-3898,-63626,-91625
-4131,-60100,-94515
-3353,-59789,-95965
-3340,-59746,-96023
-3285,-49053,-102820
-2485,-39295,-109817
-3955,-78081,-75063
-3816,-75896,-78169
-3394,-76165,-78532
-2982,-76425,-78888
-3684,-73471,-81390
-3249,-73763,-81750
-2825,-74044,-82103
-2679,-71394,-85446
-3116,-71083,-85098
-3565,-70759,-84742
-2546,-68399,-88937
-2999,-68049,-88596
-3465,-67682,-88247
-2434,-64923,-92627
-2907,-64514,-92301
-2354,-60765,-96596
-2846,-60287,-96286
-2583,-59385,-97467
-2407,-48213,-104722
-1496,-38211,-112036
-2411,-74315,-82448
-2008,-74574,-82783
-2254,-71691,-85786
-1840,-71972,-86116
-1438,-72240,-86436
-1265,-69340,-89901
-1679,-69044,-89590
-2106,-68731,-89269
-1534,-65672,-93250
-1976,-65309,-92944
-1417,-61652,-97179
-1878,-61220,-96894
-1859,-59012,-98847
-1169,-58624,-100162
-1580,-47406,-106513
-1046,-72494,-86746
-90,-70139,-90781
-471,-69887,-90496
-863,-69621,-90203
-287,-66638,-94114
-690,-66334,-93835
-1105,-66013,-93547
-124,-62807,-97975
-541,-62445,-97718
-972,-62060,-97453
-511,-58224,-101417
-798,-46634,-108202
-59,-45894,-109795
-572,-37177,-114105
854,-67451,-94901
484,-67196,-94647
104,-66925,-94384
1051,-63773,-98696
672,-63471,-98464
280,-63149,-98223
832,-58999,-102589
431,-58621,-102372
17,-58226,-102143
115,-57819,-102615
713,-57406,-103755
636,-45174,-111293
291,-36193,-116038
1777,-64324,-99136
1420,-64057,-98920
1963,-60025,-103183
1598,-59701,-102994
1221,-59358,-102796
1282,-56986,-104837
1825,-56562,-105868
1292,-44474,-112703
1102,-35254,-117849
2664,-60628,-103544
2318,-60334,-103366
2344,-56142,-106855
2839,-55744,-107783
2842,-55725,-107802
1912,-43791,-114033
1239,-28341,-121927
3509,-56381,-108083
3178,-56068,-107937
3320,-55312,-108713
3779,-54899,-109586
2496,-43120,-115284
1862,-34357,-119547
3047,-42464,-116463
3567,-41824,-117578
2572,-33487,-121134
2164,-27216,-124008
4062,-41202,-118636
3236,-32643,-122618
4533,-40599,-119644
3857,-31823,-124007
3025,-26147,-125942
4982,-40015,-120605
5408,-39447,-121521
5815,-38895,-122395
4437,-31025,-125308
3825,-25127,-127741
6196,-38351,-123224
4979,-30247,-126526
5490,-29497,-127676
4565,-24139,-129407
5971,-28773,-128762
6426,-28074,-129790
5251,-23183,-130950
6855,-27399,-130763
5885,-22255,-132381
4905,-19024,-132632
7259,-26746,-131685
7637,-26110,-132555
6473,-21357,-133710
7982,-25481,-133370
5764,-17901,-134525
8296,-24861,-134135
7023,-20495,-134953
8587,-24255,-134856
7536,-19667,-136119
6552,-16816,-136257
8016,-18873,-137212
7271,-15765,-137839
8465,-18109,-138237
8882,-17372,-139199
7935,-14758,-139297
9259,-16648,-140091
9597,-15937,-140918
8550,-13800,-140647
9905,-15245,-141688
10187,-14576,-142410
9119,-12885,-141898
10455,-13936,-143093
8465,-11244,-141796
10709,-13325,-143740
9645,-12011,-143058
10950,-12742,-144355
10127,-11173,-144128
9256,-10207,-143392
10556,-10373,-145089
9981,-9230,-144847
10939,-9614,-145958
11293,-8891,-146763
10646,-8308,-146174
11626,-8209,-147516
11235,-7414,-147367
11934,-7565,-148209
12218,-6958,-148843
11735,-6531,-148420
12475,-6386,-149419
12180,-5698,-149358
12713,-5847,-149949
11907,-5323,-149157
12928,-5339,-150435
12576,-4926,-150182
13107,-4858,-150866
12500,-4313,-150335
13253,-4404,-151250
12934,-4208,-150923
13238,-3540,-151574
13020,-3389,-151352
13466,-2918,-152120
13431,-2543,-152200
13654,-2389,-152576
13792,-1963,-152936
13692,-1880,-152806
13830,-1673,-153175
13852,-1424,-153375
13803,-1442,-153203
13873,-1201,-153552
13891,-1001,-153706
13843,-1124,-153490
13812,-1115,-153389
13908,-824,-153841
13879,-852,-153731
13870,-771,-153732
13939,-528,-154056
13924,-666,-153957
13912,-621,-153931
13920,-496,-154001
-26243,462,54033
-26242,461,54031
-26241,460,54029
-26241,460,54029
-26240,459,54027
-26240,459,54027
-26243,462,54034
-26242,461,54032
-26242,461,54032
-26241,460,54030
-26240,459,54028
-26240,459,54028
-26243,462,54035
-26242,461,54033
-26258,490,54068
-26258,490,54068
-26258,490,54068
-26258,490,54068
-26258,490,54068
-26258,490,54068
-26258,490,54068
-26258,490,54068
-26258,490,54068
-26258,490,54068
-26258,490,54068
-26258,490,54068
-26258,490,54068
-26258,490,54068
-26258,490,54068
-26258,490,54068
-26258,490,54068
-26258,490,54068
-26258,490,54068
-26258,490,54068
-26241,460,54031
-26240,459,54029
13968,-276,-154221
13964,-286,-154206
13941,-430,-154093
-25972,6,53432
-25988,7,53465
-25968,2,53424
-25983,3,53455
-25979,12,53447
-25993,11,53476
-25975,9,53439
-25971,19,53431
-25987,20,53464
-25968,16,53425
-25983,16,53456
-25965,13,53419
-25998,16,53487
-25977,24,53444
-25974,21,53438
-25991,23,53473
-25990,36,53471
-26003,21,53498
-25983,30,53457
-25980,27,53451
-25995,27,53482
-25988,47,53468
-26004,35,53501
-25986,33,53464
-25999,31,53491
-25993,39,53479
-26008,52,53510
-26004,49,53502
-25985,45,53463
-26000,45,53494
-25999,58,53492
-25996,55,53486
-25996,42,53486
-26013,44,53521
-25993,52,53480
-26008,40,53511
-26008,66,53511
-25990,50,53474
-26020,64,53536
-26018,49,53532
-26011,69,53518
-26011,56,53518
-26024,68,53545
-26001,60,53498
-26015,60,53527
-26014,72,53525
-26007,79,53511
-26004,63,53505
-26021,78,53540
-26017,75,53532
-26033,76,53565
-26032,88,53563
-26012,84,53522
-26028,72,53555
-26028,85,53555
-26009,81,53516
-26024,82,53547
-26023,94,53545
-26040,96,53580
-26004,77,53506
-26020,91,53539
-26036,92,53572
-26017,89,53533
-26014,86,53527
-26044,100,53589
-26038,108,53577
-26029,113,53559
-26028,99,53557
-26025,96,53551
-26024,109,53549
-26041,111,53584
-26036,119,53574
-26034,105,53570
-26031,102,53564
-26031,115,53564
-26048,104,53599
-26048,117,53599
-26026,111,53554
-26041,124,53585
-26033,117,53569
-26044,140,53592
-26044,114,53592
-26038,122,53580
-26055,137,53615
-26055,124,53615
-26052,134,53609
-26051,121,53607
-26049,132,53603
-26048,144,53601
-26046,129,53597
-26046,142,53597
-26063,131,53632
-26061,143,53628
-26043,127,53591
-26059,128,53624
-26058,140,53622
-26057,152,53620
-26072,166,53653
-26069,164,53647
-26050,146,53606
-26064,146,53635
-26059,155,53625
-26071,179,53652
-26054,150,53615
-26071,152,53650
-26069,177,53648
-26052,148,53611
-26067,176,53644
-26065,174,53640
-26063,172,53636
-26064,159,53636
-26080,174,53671
-26077,172,53665
-26075,183,53661
-26074,169,53659
-26073,181,53657
-26090,183,53692
-26084,191,53680
-26067,149,53643
-26083,177,53678
-26066,161,53641
-26079,187,53670
-26061,157,53631
-26077,185,53666
-26078,159,53666
-26093,187,53699
-26074,155,53658
-26089,196,53691
-26086,180,53685
-26086,194,53685
-26083,204,53679
-26081,189,53675
-26094,201,53702
-26091,198,53696
-26090,210,53694
-26088,209,53690
-26086,207,53686
-26084,205,53682
-26099,206,53713
-26096,203,53707
-26106,225,53728
-26105,211,53726
-26102,208,53720
-26097,217,53710
-26095,216,53706
-26093,214,53702
-26091,212,53698
-26108,227,53733
-26108,214,53733
-26104,237,53725
-26101,221,53719
-26099,219,53715
-26113,232,53744
-26110,230,53738
-26107,240,53732
-26103,223,53724
-26102,236,53722
-26118,237,53755
-26115,234,53749
-26112,244,53743
-26110,243,53739
-26108,241,53735
-26123,255,53766
-26123,242,53766
-26105,238,53729
-26121,253,53762
-26120,239,53760
-26119,251,53758
-26117,249,53754
-26115,248,53750
-26113,246,53746
-26127,258,53775
-26125,256,53771
-26140,284,53804
-26122,267,53765
-26138,282,53800
-26131,262,53784
-26129,260,53780
-26126,271,53774
-26123,269,53768
-26136,281,53797
-26136,267,53795
-26135,279,53793
-26133,265,53789
-26149,293,53824
-26147,291,53820
-26130,275,53783
-26145,302,53816
-26145,289,53816
-26127,272,53777
-26143,287,53812
-26141,286,53808
-26124,270,53771
-26138,269,53800
-26154,311,53835
-26153,297,53833
-26151,295,53829
-26150,307,53827
-26133,278,53790
-26131,276,53786
-26147,305,53821
-26146,303,53819
-26128,274,53780
-26160,316,53848
-26142,300,53811
-26141,299,53809
-26157,313,53842
-26152,309,53832
-26151,308,53830
-26148,306,53824
-26165,321,53859
-26163,319,53855
-26143,301,53814
-26158,315,53845
-26155,312,53839
-26166,335,53862
-26165,334,53860
-26164,334,53858
-26163,333,53856
-26162,332,53854
-26161,331,53852
-26161,318,53852
-26169,338,53869
-26168,324,53867
-26168,337,53867
-26167,336,53865
-26183,365,53900
-26166,323,53863
-26182,364,53898
-26175,344,53882
-26189,370,53913
-26188,369,53911
-26171,341,53874
-26187,369,53909
-26170,339,53872
-26186,368,53907
-26185,367,53905
-26182,350,53897
-26181,363,53897
-26180,363,53895
-26179,348,53891
-26195,376,53926
-26194,375,53924
-26193,374,53922
-26176,345,53885
-26173,343,53879
-26172,342,53877
-26184,366,53904
-26183,366,53902
-26197,378,53931
-26180,349,53894
-26196,377,53929
-26177,346,53888
-26191,373,53919
-26190,372,53917
-26189,371,53915
-26200,394,53938
-26183,352,53901
-26198,379,53934
-26207,401,53953
-26205,399,53949
-26203,397,53945
-26202,397,53943
-26201,395,53941
-26211,404,53962
-26227,433,53997
-26210,404,53960
-26209,403,53958
-26223,429,53989
-26206,400,53952
-26205,400,53950
-26204,398,53948
-26203,398,53946
-26201,396,53942
-26200,395,53940
-26228,434,54000
-26226,432,53996
-26225,431,53994
-26208,402,53957
-26224,430,53992
-26207,402,53955
-26223,430,53990
-26222,429,53988
-26213,407,53968
-26212,406,53966
-26228,435,54001
-26211,405,53964
-26227,433,53999
-26225,432,53995
-26224,431,53993
-26223,430,53991
-26222,428,53987
-26221,428,53985
-26220,427,53983
-26220,427,53983
-26239,458,54025
-26239,458,54025
-26221,428,53986
-26220,427,53984
-26219,426,53982
-26239,458,54026
-26239,458,54026
