-22726,-392,46474
-22719,-362,46459
-22713,-333,46441
-22692,-225,46376
-22697,-249,46385
-22682,-174,46346
-22685,-189,46351
-22674,-131,46320
-22655,-26,46258
-22656,-33,46256
-23375,-392,47108
-23420,-381,47193
-23417,-336,47156
-23373,-339,47067
-23415,-286,47119
-23451,-168,47119
-23413,-183,47038
-23451,-116,47079
-23413,-124,46994
-23451,-55,47038
13980,5,-154201
13982,43,-154195
13984,84,-154189
13987,129,-154183
13990,177,-154176
13994,229,-154168
-22810,-761,46710
-22811,-766,46710
-22796,-704,46674
-22797,-708,46676
-22782,-647,46631
-22770,-592,46602
-22768,-584,46594
-22758,-540,46569
-22754,-524,46559
-22730,-414,46491
-22739,-454,46510
-23323,-788,47273
-23309,-718,47204
-23365,-725,47303
-23303,-678,47169
-23357,-689,47270
-23351,-650,47236
-23340,-566,47161
-23391,-572,47258
-23386,-535,47224
-23336,-519,47122
-23382,-490,47189
-22883,-1035,46892
-22894,-1071,46917
-22878,-1016,46880
-22920,-1158,46977
-22837,-866,46780
-22901,-1097,46931
-22928,-1186,46996
-22855,-936,46822
-22839,-874,46785
-22852,-921,46815
-22920,-1162,46973
-22873,-1000,46862
-22827,-829,46748
-23139,-1210,47233
-23173,-1200,47273
-23161,-1180,47246
-23194,-1165,47284
-23182,-1145,47256
-23220,-1204,47339
-23202,-1097,47260
-23240,-1150,47340
-23215,-1115,47287
-23253,-1169,47366
-23266,-1186,47391
-23234,-1043,47278
-23259,-1076,47331
-23271,-1095,47356
-23223,-1024,47251
-23284,-1112,47382
-23277,-999,47320
-23290,-1017,47345
-23302,-1034,47371
-23256,-957,47263
-23246,-931,47233
-23320,-951,47357
-23309,-930,47329
-23298,-904,47302
-23281,-848,47239
-23273,-815,47206
-23341,-849,47335
-23331,-821,47304
-22937,-1212,47016
-22947,-1248,47037
-22963,-1291,47072
-22974,-1328,47097
-22981,-1345,47111
-22968,-1313,47080
-22994,-1390,47139
-23006,-1416,47163
-23020,-1461,47195
-23016,-1455,47184
-23025,-1470,47204
-23042,-1523,47238
-23050,-1533,47252
-23068,-1585,47290
-23070,-1587,47293
-23066,-1588,47284
-23073,-1509,47262
-23091,-1583,47309
-23092,-1584,47311
-23082,-1546,47286
-23089,-1572,47302
-23074,-1510,47263
-23080,-1535,47279
-23098,-1609,47326
-23064,-1472,47238
-23083,-1547,47287
-23079,-1536,47276
-23062,-1461,47231
-23046,-1397,47190
-23047,-1400,47192
-23065,-1473,47239
-23088,-1573,47300
-23071,-1498,47255
-23055,-1435,47214
-23056,-1437,47216
-23061,-1462,47228
-23098,-1611,47324
-23070,-1499,47252
-23053,-1424,47207
-23037,-1360,47166
-23038,-1363,47168
-23044,-1387,47184
-23029,-1326,47145
-23052,-1425,47204
-23095,-1600,47314
-23026,-1313,47136
-23028,-1323,47142
-23035,-1350,47160
-23019,-1286,47119
-23020,-1289,47121
-23077,-1525,47266
-23043,-1387,47180
-23049,-1413,47194
-23086,-1563,47290
-23017,-1276,47112
-23025,-1313,47132
-23011,-1252,47097
-23068,-1488,47242
-23034,-1350,47156
-23040,-1376,47170
-23059,-1451,47218
-23031,-1339,47146
-23019,-1282,47114
-23022,-1302,47122
-23019,-1261,47110
-23027,-1282,47128
-23027,-1263,47122
-23036,-1309,47143
-23043,-1309,47155
-23042,-1286,47150
-23050,-1308,47168
-23049,-1286,47160
-23059,-1335,47184
-23066,-1333,47195
-23072,-1330,47206
-23064,-1308,47187
-23082,-1358,47223
-23088,-1354,47233
-23094,-1350,47243
-23104,-1377,47261
-23072,-1277,47183
-23110,-1372,47269
-23086,-1300,47211
-23125,-1394,47297
-23116,-1345,47269
-23131,-1369,47296
-23146,-1392,47324
-23095,-1258,47202
-23109,-1281,47230
-23138,-1324,47287
-23152,-1347,47313
-23168,-1369,47341
-23117,-1236,47218
-23131,-1257,47246
-23159,-1299,47303
-23173,-1322,47329
-23188,-1343,47357
-23152,-1230,47261
-23180,-1271,47317
-23194,-1293,47343
-23209,-1313,47370
-23200,-1239,47329
-23214,-1260,47355
-23228,-1280,47382
-23234,-1224,47365
-23247,-1243,47392
14034,917,-153912
14040,975,-153895
-23091,-1647,47334
-23094,-1642,47337
-23115,-1701,47382
-23116,-1696,47380
-23116,-1711,47381
-23109,-1657,47357
-23118,-1694,47381
-23110,-1658,47358
-23116,-1683,47374
-23100,-1620,47333
-23119,-1695,47382
-23101,-1621,47334
-23107,-1646,47350
-23116,-1685,47371
-23107,-1648,47348
-23125,-1722,47395
-23122,-1712,47386
-23104,-1637,47338
-23113,-1674,47362
14048,1038,-153876
14055,1106,-153856
14064,1178,-153834
14073,1255,-153811
14083,1337,-153785
14094,1424,-153758
14107,1516,-153729
14153,3274,-152904
14162,3303,-152911
14171,3336,-152915
14181,3373,-152919
14191,3415,-152921
14201,3461,-152922
14212,3510,-152921
14224,3564,-152920
14237,3622,-152917
14250,3684,-152913
14263,3751,-152909
14401,5348,-151960
14419,5421,-151938
14438,5501,-151913
14459,5589,-151885
14480,5684,-151854
14504,5789,-151819
14529,5899,-151781
14555,6015,-151741
14582,6135,-151698
14604,10597,-149257
14659,10567,-149326
14714,10541,-149392
14768,10520,-149455
14379,10764,-148957
14434,10717,-149036
14490,10674,-149112
14547,10633,-149186
14324,10814,-148877
14271,10869,-148795
14217,10929,-148710
14989,13938,-147226
15052,13944,-147256
15115,13957,-147283
15178,13975,-147307
15241,13998,-147327
15303,14027,-147345
14798,13949,-147116
14861,13941,-147156
14925,13937,-147193
15145,20426,-143583
15058,20596,-143412
14972,20767,-143242
14886,20938,-143071
14801,21109,-142899
14718,21282,-142727
14635,21456,-142554
14553,21632,-142381
14471,21811,-142206
14391,21991,-142030
16017,24521,-141041
14310,22173,-141852
15917,24630,-140927
15820,24739,-140813
15724,24849,-140700
15630,24960,-140587
15537,25072,-140473
15446,25186,-140359
15356,25301,-140244
15268,25418,-140129
15790,32795,-136082
15679,33158,-135775
15808,33876,-135327
15569,33519,-135469
15687,33688,-135404
15459,33877,-135164
15350,34233,-134859
16964,37290,-133221
16842,37574,-132989
15241,34587,-134555
15133,34938,-134251
15025,35288,-133947
16722,37855,-132759
16603,38133,-132531
16486,38409,-132305
16900,39691,-131479
14918,35636,-133643
14810,35984,-133340
14703,36331,-133036
15155,37447,-132469
15272,37629,-132397
15390,37813,-132324
15511,38000,-132249
15634,38190,-132171
15759,38383,-132091
15887,38580,-132009
16370,38682,-132081
16255,38953,-131858
16141,39222,-131636
16028,39489,-131415
16514,39641,-131427
16776,39969,-131250
16654,40218,-131042
17056,40554,-130886
14705,36749,-132739
14815,36920,-132673
14926,37093,-132606
15040,37269,-132538
16414,40787,-130575
16296,41055,-130352
16984,43413,-128769
16855,43705,-128527
15696,43016,-128699
15826,43210,-128618
15958,43405,-128536
16091,43601,-128445
16215,43804,-128323
16727,43967,-128307
16602,44418,-127947
16475,44562,-127814
16351,44842,-127580
17152,45248,-127417
14722,41526,-129304
14837,41704,-129234
14954,41884,-129161
15073,42067,-129088
15194,42253,-129012
15317,42442,-128936
15441,42632,-128858
15567,42823,-128779
17032,46966,-126076
16896,47264,-125825
16762,47534,-125596
17185,49583,-124018
15458,47387,-125324
15585,47548,-125256
15714,47709,-125188
15845,47870,-125120
15978,48031,-125052
16112,48194,-124974
16497,48136,-125085
16238,48368,-124861
16366,48419,-124842
16629,48889,-124511
17040,50275,-123444
16898,50575,-123184
16757,50847,-122946
14727,46403,-125724
14846,46569,-125660
14966,46734,-125593
15087,46898,-125526
15209,47062,-125459
15333,47224,-125391
16479,51452,-122419
16342,51737,-122169
16070,52381,-121605
16198,52523,-121501
16593,52947,-121180
17011,53329,-120879
17155,53505,-120732
16861,53630,-120612
16714,53905,-120367
14662,50972,-122159
14784,51105,-122113
14907,51238,-122066
15031,51369,-122019
15157,51499,-121972
15283,51627,-121923
15411,51754,-121873
15540,51880,-121822
15670,52006,-121771
15802,52130,-121720
15936,52254,-121667
16423,54510,-119827
16280,54796,-119571
16946,56138,-118389
16791,56440,-118116
16499,56601,-117970
16637,56716,-117865
17067,57024,-117568
16850,58724,-115969
14901,55420,-118595
15030,55517,-118567
15160,55612,-118539
15291,55707,-118511
15424,55800,-118483
15558,55891,-118453
15694,55981,-118422
15831,56069,-118391
15968,56161,-118348
16098,56273,-118255
16331,57321,-117309
16180,57607,-117042
16687,59028,-115686
16525,59307,-115424
16203,59913,-114845
16348,59895,-114858
16933,60224,-114493
16727,61159,-113574
16555,61467,-113278
14509,55122,-118662
14642,55222,-118644
14772,55321,-118621
14825,59129,-115247
14966,59193,-115248
15104,59256,-115245
15241,59318,-115239
15379,59379,-115232
15519,59439,-115224
15661,59497,-115215
15802,59559,-115191
15936,59644,-115110
16043,60201,-114567
16386,61750,-113004
16047,62362,-112401
15880,62652,-112110
15727,62756,-112007
16154,62959,-111777
16758,63219,-111440
16581,63479,-111188
16401,63790,-110880
16224,64077,-110594
16413,65693,-108810
16549,66041,-108399
14229,58859,-115191
14385,58929,-115214
14535,58997,-115230
14682,59064,-115241
14517,62392,-111955
14678,62435,-111990
14836,62477,-112020
14990,62519,-112043
15142,62561,-112062
15291,62601,-112075
15441,62641,-112086
15589,62686,-112079
15867,64693,-109960
15690,64984,-109653
15168,65593,-108950
15328,65623,-108964
15473,65678,-108902
15921,65840,-108702
16224,66005,-108487
16038,66293,-108184
15659,66916,-107518
16222,67809,-106434
16022,68125,-106095
15825,68417,-105778
16302,68706,-105365
13827,62205,-111753
14003,62253,-111809
14178,62301,-111863
14350,62347,-111913
13929,65400,-108561
14116,65431,-108631
14302,65461,-108700
14484,65491,-108764
14661,65518,-108820
14834,65544,-108869
15002,65569,-108912
15471,67212,-107195
14642,68371,-105730
14829,68382,-105798
15008,68397,-105839
15169,68439,-105794
15644,68561,-105629
15424,69041,-105080
15221,69337,-104738
16007,69829,-104064
15798,70145,-103710
15590,70438,-103378
15160,71061,-102641
15329,71115,-102563
16017,71190,-102351
15769,71723,-101709
15548,72038,-101336
15683,73409,-99377
13365,65295,-108338
13554,65331,-108414
13742,65366,-108489
14254,68344,-105574
14450,68358,-105655
13460,68272,-105227
14057,68329,-105490
13859,68312,-105405
13660,68293,-105317
14632,71000,-102706
14432,70994,-102637
14223,70993,-102539
14013,70991,-102440
13803,70988,-102339
14808,71030,-102678
14939,71356,-102274
15327,72331,-100983
14863,72948,-100201
14624,73241,-99815
14398,73429,-99562
14959,73443,-99509
15499,73450,-99380
15264,73763,-98991
15028,74054,-98620
14529,74667,-97803
15197,75007,-97099
14946,75317,-96693
15304,75364,-96476
14871,76465,-94844
13260,68250,-105136
13060,68227,-105044
12859,68202,-104950
13592,70981,-102234
13381,70973,-102129
13170,70963,-102022
12958,70953,-101914
12747,70940,-101806
12539,70927,-101700
14206,73417,-99571
13991,73428,-99478
13770,73442,-99360
13547,73449,-99240
13324,73453,-99120
13101,73454,-98998
14272,74958,-97400
13734,75581,-96512
13934,75568,-96518
14529,75497,-96529
13509,75614,-96395
14692,75609,-96307
14157,76221,-95457
13886,76511,-95042
14603,76776,-94423
14332,77067,-94020
14892,77180,-93612
14055,77358,-93606
13768,77670,-93144
14527,77842,-92612
14242,78150,-92175
13957,78437,-91759
14453,78858,-90791
14168,79132,-90408
12333,70913,-101595
12877,73454,-98876
12656,73452,-98754
12437,73450,-98634
12222,73446,-98516
12009,73441,-98400
11799,73435,-98286
13277,75649,-96252
13045,75680,-96108
12812,75706,-95965
12581,75728,-95824
12353,75747,-95685
12129,75762,-95551
13427,77458,-93562
13219,77487,-93543
12984,77538,-93406
12742,77592,-93240
12503,77644,-93074
13486,77954,-92718
13371,79028,-90862
13564,79072,-90730
12906,79198,-90657
12688,79234,-90629
13078,79308,-90426
13869,79434,-89957
13573,79716,-89531
12966,80298,-88617
13796,80329,-88244
13988,80385,-88034
13059,80643,-87917
13486,80625,-87787
13179,80903,-87353
13413,81431,-86138
13093,81723,-85673
13504,81757,-85368
11907,75774,-95419
11687,75783,-95290
11471,75789,-95163
11256,75791,-95040
12267,77693,-92912
12035,77740,-92753
11807,77783,-92598
11581,77819,-92448
11358,77850,-92302
11137,77877,-92159
12443,79290,-90477
12194,79349,-90299
11950,79406,-90124
11710,79460,-89953
11474,79513,-89785
11242,79563,-89620
12662,80573,-88172
12373,80798,-87810
12148,80843,-87773
11898,80906,-87612
11645,80970,-87422
11397,81032,-87237
12550,81473,-86423
12237,81743,-85972
12775,81996,-85232
12537,82062,-85193
11832,82249,-85053
11604,82305,-85009
12126,82555,-84289
13021,82447,-84088
11807,82820,-83836
12690,82734,-83615
12362,83003,-83167
13006,82993,-82792
12002,83340,-82562
12620,83384,-82092
12278,83666,-81612
11941,83932,-81156
12492,84108,-80301
12210,84249,-80146
11964,85117,-77891
10919,77902,-92019
10703,77920,-91879
11014,79611,-89457
10788,79657,-89298
10566,79700,-89140
10346,79740,-88983
10128,79778,-88829
11153,81092,-87056
10913,81149,-86878
10677,81204,-86704
10445,81256,-86531
10215,81303,-86361
11350,82375,-84836
11093,82446,-84634
10841,82514,-84437
10594,82579,-84244
10350,82642,-84055
11286,83559,-82397
11055,83625,-82345
11698,83553,-82216
10797,83701,-82160
10537,83777,-81947
11375,83814,-81761
11267,84475,-80201
11461,84496,-80024
10735,84744,-79835
10501,84820,-79775
10939,84733,-79744
11859,84528,-79660
11517,84791,-79202
11793,85049,-78251
10833,85327,-78243
11436,85326,-77761
10915,85543,-77575
11090,85587,-77301
11372,85790,-76407
11011,86064,-75916
11426,86027,-75563
10659,86324,-75453
10948,86474,-74615
10882,86853,-73315
9988,81349,-86193
9764,81394,-86027
9543,81436,-85864
10110,82700,-83867
9873,82755,-83683
9639,82808,-83501
9409,82859,-83323
9182,82908,-83147
8958,82955,-82974
10281,83850,-81738
10029,83920,-81532
9781,83984,-81329
9537,84047,-81130
9296,84107,-80934
9059,84165,-80741
10239,84902,-79579
9975,84982,-79354
9715,85057,-79132
9458,85128,-78913
9207,85197,-78699
10501,85583,-77784
10179,85820,-77361
9942,85905,-77293
9677,85991,-77087
9407,86071,-76848
9143,86149,-76613
10397,86118,-76338
10059,86371,-75876
10364,86495,-75210
9619,86799,-74971
9378,86892,-74895
9956,86851,-74484
10581,86747,-74120
9612,87105,-74020
10223,87008,-73654
10517,87113,-72870
9803,87364,-72928
9507,87538,-72681
10143,87388,-72373
9780,87649,-71904
10328,87617,-71131
10082,87713,-71163
9704,87987,-70663
9336,88247,-70190
9647,88274,-69488
9774,88318,-68997
8826,84221,-80552
8595,84275,-80365
8367,84327,-80181
8959,85264,-78488
8715,85328,-78281
8474,85390,-78078
8237,85450,-77878
8003,85508,-77681
7772,85564,-77487
8883,86224,-76384
8627,86296,-76158
8376,86366,-75936
8128,86434,-75719
7883,86501,-75505
7642,86566,-75294
9107,86980,-74675
8832,87065,-74424
8563,87148,-74179
8298,87227,-73938
8038,87304,-73702
7782,87378,-73470
9045,87696,-72660
8801,87798,-72575
8526,87891,-72345
9157,87789,-72213
8247,87979,-72083
7974,88064,-71826
9053,88173,-70924
9234,88159,-70717
8699,88423,-70453
8466,88513,-70427
8218,88623,-70334
7940,88719,-70093
8598,88768,-69202
9263,88546,-68982
8240,89017,-68727
8663,88888,-68558
8889,88805,-68505
7884,89264,-68252
9209,88799,-67837
8143,89326,-67509
8820,89070,-67328
9217,88963,-66904
8443,89329,-66846
8090,89560,-66443
8771,89287,-66213
8377,89555,-65701
7995,89812,-65217
8658,89520,-64864
8331,89720,-64624
7933,89988,-64107
7891,90126,-63043
8098,90032,-62849
7403,86629,-75087
7168,86689,-74882
7529,87450,-73242
7281,87520,-73018
7036,87587,-72797
6794,87652,-72579
6556,87716,-72365
7706,88146,-71575
7442,88225,-71328
7182,88301,-71086
6926,88375,-70848
6674,88447,-70613
6426,88516,-70383
7658,88810,-69820
7381,88898,-69553
7109,88982,-69291
6841,89064,-69033
6578,89143,-68780
6319,89219,-68532
7633,89381,-68154
7350,89481,-67904
7064,89573,-67622
6783,89662,-67345
7780,89575,-67031
6507,89748,-67074
7300,89958,-66124
7046,90082,-66021
7687,89850,-65843
6760,90184,-65763
6470,90278,-65471
7319,90099,-65361
7516,90163,-64375
7229,90325,-64202
6716,90592,-64025
6458,90726,-63913
7545,90246,-63609
6857,90572,-63709
7487,90396,-62513
6770,90760,-62575
6940,90702,-62327
7096,90654,-62011
6393,91007,-62078
7450,90509,-61474
7536,90506,-60850
7042,90780,-60939
6645,91039,-60433
7009,90871,-59923
6595,91142,-59383
6975,90936,-58886
6567,91199,-58397
6413,91312,-56964
6181,88583,-70156
5939,88649,-69931
6063,89293,-68287
5811,89364,-68046
5563,89433,-67809
5317,89500,-67576
6236,89831,-66807
5969,89912,-66545
5707,89989,-66287
5448,90065,-66032
5192,90138,-65778
4941,90208,-65527
6185,90369,-65180
5905,90456,-64895
5630,90541,-64615
5360,90623,-64340
5093,90702,-64069
4831,90778,-63802
6168,90835,-63640
5874,90932,-63333
5585,91025,-63034
5302,91114,-62739
5023,91200,-62450
6129,91151,-61963
5868,91292,-61846
5573,91403,-61565
5276,91504,-61248
6311,91170,-60968
4983,91601,-60938
5929,91418,-60466
6363,91203,-60309
5541,91671,-59933
5277,91818,-59812
5851,91557,-59381
4978,91931,-59523
6194,91403,-58873
5465,91806,-58875
5786,91669,-58323
6149,91467,-57855
5391,91919,-57814
4953,92155,-57934
5744,91725,-57342
5001,92165,-57307
6126,91495,-56895
5703,91765,-56349
5208,92070,-56383
4932,92238,-56278
5293,92025,-55832
5684,91775,-55409
5851,91660,-55068
5257,92046,-54858
4842,92308,-54336
5242,92039,-53938
5288,91984,-53197
4691,90274,-65278
4572,90851,-63539
4315,90919,-63278
4062,90985,-63020
4749,91283,-62167
4478,91363,-61887
4212,91439,-61611
3949,91510,-61338
3689,91579,-61069
3433,91646,-60804
4696,91695,-60633
4414,91786,-60334
4136,91874,-60040
3862,91957,-59750
3591,92035,-59463
4677,92033,-59198
3325,92111,-59180
4380,92131,-58879
4089,92226,-58566
3803,92318,-58259
3521,92403,-57954
4685,92308,-57809
3243,92485,-57655
4383,92423,-57512
4077,92525,-57179
3777,92624,-56851
3482,92720,-56530
4365,92580,-55978
4537,92486,-55766
4093,92741,-55848
3787,92860,-55542
3477,92965,-55198
4471,92541,-54757
4630,92443,-54469
4072,92789,-54241
3775,92971,-54052
3499,93138,-53918
4810,92312,-53383
4008,92828,-53253
4388,92577,-52856
4798,92290,-52482
4048,92793,-52581
3602,93080,-52732
4358,92567,-51922
4720,92286,-51351
3543,93102,-51764
3931,92834,-51391
4351,92526,-51043
3463,93122,-50716
3907,92799,-50481
3476,93064,-49948
4153,92544,-49540
3905,92732,-49626
3456,93008,-49060
3459,92928,-48223
3586,92784,-47751
3062,92185,-58901
2803,92256,-58626
2969,92564,-57360
2699,92641,-57069
2433,92715,-56783
2170,92787,-56500
3191,92808,-56212
2905,92894,-55899
2624,92976,-55591
2345,93057,-55288
2070,93135,-54990
3172,93067,-54861
1799,93211,-54696
2871,93163,-54528
2575,93255,-54200
2284,93344,-53878
3187,93259,-53604
1997,93430,-53562
2871,93366,-53252
1715,93513,-53250
2561,93465,-52904
2256,93561,-52563
3179,93340,-52152
1956,93653,-52227
2900,93512,-52014
1661,93742,-51897
2584,93634,-51693
3131,93356,-51238
2264,93738,-51330
1949,93837,-50973
1640,93932,-50623
3077,93360,-50291
2583,93685,-50274
2300,93863,-50133
2662,93611,-49763
1980,93983,-49802
1655,94086,-49430
2880,93403,-48889
2613,93586,-48842
3021,93274,-48522
1989,93984,-48433
2193,93838,-48311
1702,94166,-48286
3006,93205,-47651
2148,93799,-47407
2566,93472,-47110
3014,93110,-46834
2298,93663,-47084
1725,94046,-46872
2559,93383,-46263
3023,92996,-45991
1690,93983,-45996
2118,93641,-45723
2577,93265,-45470
1726,93876,-45319
2120,93529,-44901
2474,93161,-44275
1679,93779,-44364
2147,93390,-44134
1690,93645,-43567
1726,93485,-42823
1938,93273,-42605
1531,93284,-54405
1437,93594,-52942
1162,93672,-52640
891,93748,-52341
1371,93828,-51573
1085,93912,-51253
803,93993,-50939
525,94071,-50628
1337,94024,-50280
250,94147,-50322
1038,94114,-49942
744,94200,-49610
455,94284,-49282
1337,94184,-49066
169,94364,-48960
1024,94280,-48708
717,94372,-48356
1377,94287,-47946
414,94461,-48010
116,94548,-47670
1049,94390,-47566
726,94489,-47193
410,94584,-46828
1397,94249,-46619
1108,94433,-46471
99,94675,-46470
781,94551,-46127
451,94648,-45743
1266,94222,-45464
126,94742,-45366
820,94464,-44853
1240,94135,-44614
528,94649,-44704
200,94762,-44358
816,94368,-44085
1168,94041,-43600
799,94258,-43260
1247,93889,-43032
256,94631,-43133
374,94485,-42734
1269,93728,-42263
625,94153,-41930
369,94347,-41940
827,93958,-41736
1316,93538,-41551
1421,93323,-40992
861,93768,-40999
921,93554,-40316
424,93984,-40482
110,94188,-40332
470,93769,-39774
928,93314,-39439
541,93534,-39117
37,93970,-39268
95,93734,-38586
459,93250,-37943
176,93480,-37953
12,93140,-36500
-112,94442,-48641
-392,94515,-48324
-176,94631,-47335
-466,94710,-47003
-754,94784,-46674
-1038,94853,-46347
-205,94762,-46118
-505,94845,-45771
-803,94922,-45429
-1096,94994,-45089
-191,94832,-44997
-1387,95061,-44753
-503,94917,-44635
-811,94998,-44279
-132,94854,-43969
-1115,95073,-43926
-458,94943,-43589
-1415,95142,-43577
-778,95027,-43217
-36,94816,-42984
-1093,95105,-42849
-366,94925,-42635
-1404,95178,-42486
-700,95012,-42243
-1027,95092,-41861
-52,94555,-41426
-287,94737,-41471
-1349,95165,-41486
-580,94918,-41326
-908,95016,-40980
-42,94382,-40668
-1240,95087,-40592
-459,94574,-40165
-1561,95146,-40215
-798,94756,-39888
-1087,94929,-39750
-436,94375,-39437
-1406,95006,-39414
-377,94159,-38798
-846,94550,-38948
-332,93920,-38090
-808,94326,-38248
-1265,94693,-38384
-1539,94846,-38262
-1199,94470,-37782
-263,93665,-37434
-829,94063,-37331
-173,93397,-36823
-680,93832,-36953
-1149,94226,-37108
-1522,94343,-36660
-602,93563,-36316
-505,93286,-35722
-1462,94087,-36006
-1237,93902,-35927
-1003,93707,-35851
-409,92991,-35101
-918,93429,-35231
-815,93144,-34653
-1301,93548,-34782
-1604,93684,-34577
-1209,93259,-34181
-793,92785,-33762
-1099,92961,-33626
-1573,93347,-33753
-1475,93048,-33171
-1361,92748,-32631
-1140,92526,-32481
-1603,92504,-31671
-1453,92215,-31261
-1675,95123,-44420
-1712,95206,-43231
-2005,95265,-42889
-2295,95317,-42550
-1711,95244,-42127
-2012,95303,-41773
-2307,95352,-41427
-1663,95229,-41117
-2594,95390,-41089
-1969,95281,-40758
-2874,95417,-40758
-2266,95321,-40408
-2555,95349,-40067
-1872,95191,-39849
-2834,95364,-39736
-2172,95223,-39494
-3104,95367,-39414
-2463,95241,-39150
-1724,95047,-39039
-2743,95246,-38816
-2030,95074,-38676
-3012,95238,-38493
-2324,95086,-38324
-3269,95214,-38182
-1843,94893,-37940
-2607,95083,-37985
-2877,95066,-37658
-2144,94901,-37579
-3134,95034,-37344
-2432,94895,-37231
-1676,94542,-36959
-1936,94676,-36851
-2707,94874,-36894
-2224,94694,-36542
-2971,94840,-36569
-3228,94798,-36250
-2507,94673,-36193
-2780,94640,-35853
-1817,94177,-35574
-2041,94324,-35594
-2286,94438,-35500
-3045,94598,-35521
-2560,94434,-35198
-1749,93909,-34937
-2836,94394,-34851
-2086,93973,-34522
-3103,94345,-34511
-2368,94052,-34279
-2605,94155,-34191
-2010,93691,-33906
-2873,94135,-33891
-2334,93733,-33503
-3142,94077,-33546
-1929,93398,-33289
-2670,93734,-33008
-2254,93447,-32902
-1823,93115,-32756
-2902,93829,-32924
-3163,93793,-32624
-2571,93475,-32504
-1721,92813,-32190
-2233,93081,-32038
-2487,93185,-31917
-2061,92861,-31783
-2955,93388,-31767
-3180,93474,-31687
-2796,93197,-31528
-1955,92551,-31239
-2708,92897,-30962
-1835,92243,-30736
-2287,92586,-30838
-2516,92725,-30831
-3009,92896,-30579
-3219,93005,-30570
-2179,92276,-30310
-1748,91881,-30081
-2056,91967,-29826
-2918,92595,-30030
-2502,92297,-29917
-2783,92344,-29665
-3211,92579,-29656
-2390,91982,-29411
-2024,91515,-28948
-2265,91673,-28944
-3117,92274,-29128
-2705,91988,-29026
-2592,91675,-28535
-3033,91939,-28540
-2466,91369,-28083
-2901,91670,-28155
-2285,91133,-27849
-2786,91361,-27679
-2659,91057,-27242
-3096,91352,-27297
-2533,90738,-26783
-2980,91045,-26836
-2851,90745,-26413
-2778,90340,-25738
-3044,90432,-25597
-3022,89933,-24722
-3366,95354,-39101
-3515,95176,-37881
-3761,95124,-37582
-3384,94992,-37036
-3628,94943,-36734
-3870,94883,-36433
-4115,94808,-36130
-3478,94748,-35937
-3721,94691,-35630
-3962,94625,-35326
-3303,94548,-35196
-4204,94542,-35019
-3554,94491,-34877
-4452,94437,-34703
-3798,94425,-34564
-4037,94352,-34257
-3362,94288,-34179
-4277,94263,-33947
-3614,94222,-33854
-4522,94152,-33628
-3859,94149,-33536
-4777,94018,-33297
-3402,94010,-33208
-4097,94068,-33223
-4335,93974,-32910
-3655,93935,-32877
-4582,93861,-32587
-3901,93852,-32554
-3426,93719,-32279
-4839,93725,-32249
-4141,93763,-32235
-3680,93637,-31941
-4381,93667,-31916
-3929,93548,-31609
-4630,93554,-31586
-3435,93424,-31389
-4176,93456,-31280
-4889,93418,-31241
-3694,93335,-31043
-4421,93359,-30951
-3949,93243,-30699
-4672,93247,-30614
-3440,93084,-30491
-4202,93147,-30359
-3696,93026,-30188
-4453,93047,-30020
-3959,92931,-29833
-4706,92935,-29677
-3473,92600,-29407
-4217,92831,-29482
-3696,92677,-29324
-4474,92726,-29134
-3956,92612,-29014
-3411,92254,-28752
-4730,92612,-28784
-4221,92509,-28651
-3315,91951,-28239
-3729,92190,-28266
-4484,92402,-28292
-3954,92266,-28177
-3613,91929,-27858
-4747,92286,-27931
-4217,92196,-27859
-3284,91532,-27435
-3516,91628,-27361
-4487,92086,-27488
-3987,91781,-27144
-4756,91969,-27117
-3818,91605,-26976
-4215,91856,-27049
-4482,91780,-26723
-3294,91035,-26449
-3719,91306,-26494
-3537,91127,-26348
-4757,91661,-26341
-3176,90731,-26003
-4024,91281,-26105
-4249,91372,-26038
-4480,91446,-25937
-3492,90717,-25613
-3922,90984,-25640
-4750,91362,-25603
-3791,90718,-25284
-3371,90411,-25187
-4229,90952,-25251
-3236,90113,-24798
-3689,90393,-24795
-4509,90955,-24959
-4125,90655,-24803
-4743,91025,-24853
-3566,90091,-24383
-4435,90621,-24409
-4046,90305,-24241
-3430,89796,-24008
-3889,90071,-23987
-4329,90327,-23976
-3268,89530,-23722
-3763,89772,-23588
-4642,90291,-23578
-3624,89477,-23232
-4088,89747,-23191
-4303,89893,-23216
-4534,89999,-23160
-3514,89120,-22747
-3960,89448,-22812
-3819,89157,-22470
-4288,89422,-22411
-4562,89475,-22216
-4158,89126,-22045
-3763,88715,-21788
-4015,88840,-21717
-4493,89096,-21640
-4361,88804,-21289
-4214,88518,-20978
-4014,88307,-20851
-4562,88477,-20549
-4413,88196,-20250
-4267,87898,-19930
-4523,87495,-19024
-5108,93569,-31898
-5161,93262,-30884
-5446,93084,-30510
-4933,93112,-30263
-5206,92958,-29899
-5492,92782,-29521
-4969,92802,-29321
-5795,92581,-29125
-5243,92648,-28952
-5530,92473,-28568
-4994,92481,-28424
-5832,92275,-28169
-5269,92327,-28050
-6153,92051,-27751
-5556,92152,-27662
-5012,92158,-27566
-5858,91956,-27260
-5288,92006,-27186
-6176,91734,-26840
-5576,91835,-26793
-5025,91842,-26744
-5877,91641,-26386
-5302,91694,-26359
-6194,91423,-25963
-5032,91533,-25957
-5591,91525,-25961
-5310,91389,-25567
-5892,91334,-25549
-5031,91231,-25210
-5600,91224,-25164
-6208,91121,-25122
-5312,91088,-24815
-5902,91036,-24747
-5019,90931,-24508
-5601,90924,-24409
-6219,90826,-24316
-5306,90789,-24104
-5904,90738,-23990
-4773,90536,-23897
-5009,90603,-23783
-5598,90629,-23692
-6221,90530,-23557
-5293,90499,-23428
-5901,90447,-23269
-5589,90342,-23010
-5041,90113,-22852
-4853,89957,-22760
-6217,90243,-22832
-5283,90175,-22731
-5892,90164,-22581
-4742,89666,-22361
-5573,90060,-22365
-6208,89966,-22141
-5066,89618,-21955
-5877,89886,-21933
-5313,89683,-21830
-5559,89741,-21700
-4954,89332,-21570
-6191,89692,-21489
-4826,89056,-21232
-5855,89613,-21322
-5281,89278,-21161
-4697,88767,-20883
-5164,88993,-20795
-5586,89248,-20826
-6169,89424,-20875
-5835,89299,-20690
-5495,88934,-20381
-5089,88631,-20269
-4903,88437,-20137
-6138,89157,-20300
-5376,88653,-20029
-4765,88152,-19816
-5861,88808,-19838
-4614,87876,-19531
-6114,88854,-19693
-5712,88588,-19607
-5110,88108,-19398
-5356,88207,-19318
-5591,88313,-19269
-4970,87829,-19091
-4817,87559,-18819
-5931,88243,-18841
-6140,88369,-18861
-5319,87779,-18665
-5807,87974,-18516
-5177,87505,-18371
-5627,87784,-18377
-4782,87093,-18128
-5021,87241,-18113
-5531,87452,-17940
-6026,87637,-17771
-5386,87184,-17659
-5228,86926,-17414
-5900,87364,-17449
-5043,86695,-17244
-5744,87127,-17221
-5597,86865,-16954
-5435,86611,-16724
-5958,86801,-16514
-5305,86296,-16378
-5806,86543,-16263
-5641,86296,-16047
-5568,85899,-15527
-6017,86224,-15580
-5850,85982,-15376
-5833,85506,-14688
-6512,91488,-26404
-6530,91180,-25521
-6880,90918,-25070
-6544,90881,-24677
-6897,90617,-24218
-6553,90590,-23871
-7255,90342,-23753
-6904,90327,-23407
-6552,90298,-23108
-7267,90048,-22935
-6901,90041,-22643
-7633,89760,-22459
-6547,90017,-22380
-7267,89761,-22162
-6893,89766,-21913
-7638,89470,-21677
-6537,89745,-21686
-7258,89488,-21427
-6881,89500,-21216
-6519,89475,-21032
-7634,89194,-20933
-7243,89229,-20729
-6861,89236,-20561
-6494,89211,-20416
-7621,88933,-20227
-7219,88970,-20072
-6834,88976,-19943
-6462,88951,-19838
-7597,88679,-19567
-7189,88716,-19455
-6800,88722,-19362
-6425,88700,-19290
-7562,88430,-18950
-7153,88469,-18872
-6761,88478,-18812
-6397,88410,-18708
-7522,88191,-18366
-7112,88232,-18319
-6718,88243,-18291
-6152,87900,-18082
-6422,87932,-17897
-7478,87961,-17811
-7066,88004,-17796
-6685,87967,-17735
-6375,87559,-17330
-7016,87786,-17301
-7430,87741,-17285
-6246,87302,-17032
-6708,87497,-16943
-7377,87531,-16789
-6978,87525,-16770
-6176,86944,-16535
-6600,87218,-16588
-6467,86965,-16307
-7319,87329,-16323
-6995,87059,-16008
-6171,86475,-15817
-6824,86874,-15858
-7271,87078,-15826
-6451,86524,-15639
-6688,86628,-15591
-6387,86151,-15128
-7050,86533,-15136
-7285,86622,-15086
-6230,85907,-14903
-6911,86294,-14882
-6060,85672,-14712
-7569,86632,-14892
-6730,86108,-14754
-6604,85831,-14445
-7278,86194,-14420
-6443,85591,-14237
-7136,85962,-14180
-6269,85361,-14063
-6098,85113,-13868
-7010,85694,-13885
-6821,85509,-13776
-7508,85855,-13713
-6657,85276,-13582
-6480,85052,-13420
-7361,85629,-13492
-6367,84726,-13059
-7039,85189,-13115
-7291,85281,-13032
-6873,84963,-12932
-6693,84747,-12784
-7260,84873,-12459
-6636,84343,-12261
-7090,84654,-12290
-6906,84443,-12155
-7306,84344,-11660
-7118,84140,-11538
-6905,83959,-11479
-7331,83838,-10925
-7175,83578,-10704
-8013,89172,-21191
-8014,88893,-20437
-8397,88586,-19941
-8005,88628,-19722
-8392,88317,-19216
-7985,88370,-19053
-8783,87998,-18710
-8376,88054,-18540
-7952,88120,-18430
-8771,87731,-18026
-8348,87801,-17907
-7910,87886,-17842
-9169,87401,-17510
-8747,87475,-17383
-8310,87564,-17309
-7862,87664,-17286
-9150,87142,-16858
-8714,87235,-16775
-7810,87453,-16759
-8263,87343,-16746
-9122,86899,-16241
-7754,87251,-16262
-8672,87012,-16202
-8208,87138,-16217
-7692,87055,-15797
-8147,86945,-15718
-9084,86673,-15658
-8620,86805,-15664
-7623,86866,-15364
-8080,86756,-15255
-8559,86614,-15161
-9037,86464,-15110
-8008,86577,-14821
-8486,86433,-14698
-8979,86269,-14599
-7933,86406,-14415
-8410,86261,-14263
-7580,86186,-14172
-8909,86088,-14128
-7871,86188,-13967
-8330,86100,-13855
-8830,85923,-13691
-8247,85947,-13475
-7877,85750,-13275
-8745,85769,-13282
-8176,85743,-13059
-7740,85516,-13018
-8657,85626,-12900
-7587,85298,-12811
-8563,85487,-12553
-8178,85315,-12391
-7974,85178,-12328
-7576,84872,-12189
-7816,84970,-12135
-8485,85299,-12163
-7479,84557,-11815
-8209,84841,-11648
-8883,85029,-11643
-8481,84881,-11521
-8044,84640,-11473
-7859,84464,-11365
-8795,84854,-11282
-7699,84243,-11180
-7523,84036,-11037
-8444,84503,-10977
-8275,84312,-10817
-8785,84447,-10656
-7921,83931,-10550
-8144,84060,-10552
-7741,83730,-10418
-7541,83502,-10337
-8682,84168,-10301
-8507,83986,-10157
-8140,83606,-9928
-7943,83324,-9859
-7733,83057,-9815
-8431,83658,-9736
-8738,83661,-9506
-7555,82394,-9309
-8338,83147,-9388
-8137,82874,-9327
-7922,82616,-9293
-8534,82691,-8855
-8110,82177,-8778
-8328,82427,-8804
-8295,81742,-8270
-8517,81983,-8288
-7951,81135,-7854
-8477,81309,-7772
-8362,79801,-6365
-9556,86802,-16332
-9533,86556,-15705
-9947,86207,-15169
-9500,86328,-15113
-9919,85975,-14568
-9457,86116,-14556
-10341,85615,-14021
-9403,85917,-14037
-9881,85761,-14001
-9338,85733,-13556
-9830,85558,-13475
-10308,85398,-13446
-9262,85566,-13109
-9769,85372,-12984
-10261,85192,-12912
-9177,85416,-12694
-9699,85202,-12527
-10205,85003,-12411
-9084,85280,-12313
-9618,85050,-12102
-8985,85150,-11965
-10139,84831,-11938
-9527,84913,-11709
-10063,84677,-11498
-9425,84790,-11355
-9976,84537,-11097
-9316,84678,-11031
-9878,84412,-10732
-9203,84571,-10739
-9768,84302,-10405
-9107,84412,-10400
-9648,84205,-10112
-9524,84116,-9847
-9090,84017,-9799
-10228,83913,-9775
-8919,83835,-9636
-9418,83974,-9536
-10109,83816,-9475
-9980,83736,-9210
-9147,83444,-9014
-8947,83189,-8948
-9395,83590,-8960
-9845,83665,-8973
-9729,83539,-8689
-9360,82959,-8456
-9153,82715,-8402
-8727,82238,-8330
-8846,82406,-8272
-10165,83217,-8116
-9570,82479,-7907
-9357,82246,-7864
-8919,81789,-7813
-8704,81543,-7780
-9862,82270,-7443
-8654,80878,-7286
-8885,81103,-7287
-9107,81341,-7308
-9779,82002,-7367
-9558,81779,-7336
-8829,80449,-6808
-9064,80667,-6801
-9292,80896,-6813
-9755,81315,-6822
-9982,81528,-6841
-9294,81077,-6767
-9002,80024,-6337
-9242,80235,-6322
-9475,80454,-6325
-9173,79603,-5872
-9417,79805,-5849
-9656,80015,-5844
-9339,79184,-5422
-9589,79379,-5388
-9775,79660,-5215
-9502,78768,-4981
-8802,78363,-4822
-9273,76836,-3232
-10308,73484,95
-10738,85027,-12891
-10695,84818,-12342
-10644,84627,-11827
-11133,84438,-11768
-10582,84453,-11344
-11086,84244,-11242
-10511,84296,-10895
-11029,84067,-10750
-11530,83856,-10659
-10428,84153,-10485
-10963,83908,-10291
-11480,83675,-10156
-10335,84027,-10110
-10884,83763,-9873
-11418,83513,-9687
-10794,83633,-9490
-11343,83365,-9260
-10691,83517,-9147
-11256,83231,-8871
-10576,83417,-8839
-10449,83335,-8565
-11156,83112,-8520
-10311,83269,-8325
-11044,83011,-8205
-10921,82927,-7923
-10786,82859,-7675
-11516,82597,-7573
-10640,82808,-7460
-11396,82511,-7283
-10216,82194,-7152
-11264,82441,-7027
-11121,82389,-6804
-10676,81838,-6559
-9950,80854,-6315
-10184,81056,-6325
-10367,80872,-5885
-10143,80396,-5816
-11163,81408,-5894
-10383,80589,-5815
-10736,80778,-5582
-9834,79580,-5372
-10333,79942,-5325
-10580,80125,-5315
-9757,78954,-4940
-10007,79147,-4915
-11205,80404,-4981
-10519,79491,-4846
-10772,79665,-4825
-9661,78355,-4549
-9921,78533,-4501
-10177,78717,-4469
-10699,79043,-4384
-10959,79206,-4353
-10896,79400,-4294
-9817,77945,-4127
-10081,78114,-4072
-10342,78290,-4032
-10875,78598,-3932
-9968,77538,-3713
-10238,77699,-3652
-10503,77866,-3605
-10290,78135,-3606
-10114,77133,-3315
-10388,77286,-3247
-10658,77445,-3193
-10256,76731,-2926
-10534,76876,-2852
-10809,77026,-2791
-10394,76332,-2545
-10676,76469,-2465
-10528,75936,-2172
-9778,75215,-1592
-11572,73740,66
-11422,73366,358
-11551,73058,729
-10853,71652,1823
-11929,83281,-9566
-11875,83111,-9085
-11806,82959,-8648
-12328,82711,-8489
-11721,82821,-8254
-12268,82548,-8041
-11624,82701,-7896
-12189,82404,-7638
-12722,82141,-7445
-12095,82281,-7274
-12652,81987,-7030
-11990,82175,-6943
-12567,81856,-6654
-11873,82087,-6646
-11745,82016,-6382
-12467,81746,-6315
-11605,81962,-6151
-12353,81656,-6011
-12228,81583,-5740
-12091,81527,-5501
-12835,81217,-5377
-11653,80970,-5232
-12713,81142,-5099
-12580,81085,-4853
-12146,80525,-4573
-11702,79955,-4310
-11272,79296,-3985
-11141,78751,-3893
-12640,80072,-3917
-12201,79498,-3642
-11047,78156,-3491
-11318,78300,-3444
-11750,78899,-3375
-11213,77717,-3062
-11490,77851,-3005
-12256,78422,-2694
-11372,77280,-2647
-11440,77841,-2665
-11654,77405,-2585
-10955,76611,-2399
-11823,77728,-2352
-11527,76847,-2243
-11810,76962,-2177
-10814,76065,-2087
-11097,76198,-2015
-10826,76535,-1964
-11673,76416,-1852
-10660,75543,-1806
-11958,76522,-1782
-10949,75663,-1716
-11235,75789,-1639
-11812,75988,-1472
-10788,75152,-1447
-11080,75265,-1353
-11366,75381,-1273
-10914,74763,-1093
-11944,75562,-1102
-11206,74868,-997
-11996,76212,-1013
-11492,74976,-916
-11035,74377,-746
-11327,74473,-648
-11612,74573,-565
-11151,73993,-405
-11442,74080,-306
-11375,74860,-298
-11727,74171,-223
-11287,73673,-23
-12582,74363,32
-11849,73805,137
-12410,73880,294
-12688,73936,368
-11706,73426,449
-11984,73483,523
-12567,74508,664
-12543,73541,682
-12811,73570,741
-11835,73109,821
-12113,73159,897
-12960,74379,980
-12669,73205,1058
-11678,72749,1093
-11961,72793,1187
-12237,72836,1264
-11938,73096,1404
-12788,72870,1426
-11800,72440,1451
-12082,72478,1546
-12356,72514,1624
-11918,72132,1803
-12198,72163,1898
-12471,72193,1977
-12032,71825,2148
-12309,71850,2244
-12581,71873,2324
-12140,71519,2483
-12416,71538,2581
-12244,71215,2810
-12519,71227,2910
-12512,71225,3143
-12344,70912,3132
-12441,70610,3450
-11413,69733,3584
-13109,81575,-6432
-13033,81433,-6043
-12942,81314,-5692
-13492,81015,-5443
-13410,80886,-5079
-13313,80779,-4752
-13871,80463,-4477
-13200,80695,-4461
-13072,80634,-4207
-13783,80346,-4137
-13680,80252,-3834
-13561,80180,-3568
-13137,79611,-3265
-12701,79030,-2976
-14035,79730,-2948
-13628,79150,-2624
-13202,78552,-2315
-12762,77938,-2020
-12309,77311,-1738
-13694,78078,-1668
-12097,76084,-1400
-13267,77450,-1353
-12822,76814,-1055
-12229,75650,-1028
-12070,75139,-740
-12386,76089,-697
-12353,75218,-665
-12189,74718,-387
-13329,76317,-383
-12471,74789,-312
-12880,75654,-80
-12302,74299,-42
-13824,75827,270
-14694,76025,528
-13389,75147,597
-14302,75345,901
-12933,73228,1116
-13885,74648,1254
-13051,72888,1485
-13447,73940,1587
-12903,72536,1787
-14365,74157,1889
-13166,72549,1849
-13016,72204,2143
-13945,73431,2248
-13279,72212,2209
-13139,72732,2360
-13126,71873,2495
-13389,71876,2563
-13526,72609,2664
-12688,71554,2666
-13234,71544,2843
-13497,71542,2913
-12792,71237,2998
-13338,71216,3182
-14004,72161,3258
-12619,70918,3234
-13602,71209,3257
-12894,70921,3326
-13440,70891,3515
-12718,70609,3556
-13704,70879,3592
-12993,70607,3650
-12537,70309,3764
-13539,70567,3843
-12815,70302,3873
-13091,70294,3970
-13702,70863,4071
-12631,70009,4075
-13636,70245,4168
-12910,69995,4187
-13186,69983,4286
-12723,69710,4382
-13003,69690,4497
-13279,69673,4598
-12800,69389,4656
-13081,69366,4776
-13360,69350,4885
-13086,69276,4894
-12859,69040,4896
-13141,69010,5019
-12916,68692,5134
-13199,68657,5259
-12972,68347,5369
-11990,67712,5375
-13255,68306,5495
-13027,68002,5601
-13080,67659,5831
-12568,65605,7183
-14242,79917,-3537
-14147,79813,-3222
-14600,79378,-2629
-14492,79285,-2350
-14103,78694,-2003
-14931,78843,-1775
-14559,78238,-1401
-14170,77610,-1042
-14997,77786,-824
-13760,76969,-703
-14627,77147,-440
-14237,76494,-75
-15064,76690,137
-15481,76237,691
-15130,75562,1107
-15879,75786,1219
-14759,74868,1507
-15549,75099,1661
-15199,74393,2088
-14826,73668,2497
-15617,73925,2642
-14429,72926,2887
-15265,73186,3079
-14890,72429,3499
-14489,71641,3904
-13803,70550,3923
-13900,70223,4250
-14082,70745,4363
-14951,71129,4522
-13731,69924,4488
-13994,69898,4572
-13823,69605,4803
-14545,70297,4940
-14086,69573,4890
-13908,69283,5105
-13419,68989,5129
-14174,69252,5199
-13966,68911,5351
-13476,68630,5370
-14233,68878,5449
-14022,68543,5594
-13531,68274,5607
-14289,68504,5694
-14251,68935,5785
-13309,67957,5728
-14076,68177,5834
-13584,67921,5841
-14345,68132,5937
-14620,68824,6063
-13361,67609,5959
-14129,67813,6071
-13636,67568,6073
-13132,67318,6058
-14401,67763,6179
-13412,67263,6187
-14183,67452,6308
-13686,67218,6302
-13182,66980,6282
-13461,66920,6411
-14237,67091,6544
-13735,66870,6528
-13230,66644,6503
-13646,67268,6648
-13508,66580,6633
-13277,66310,6721
-13784,66525,6753
-13555,66241,6853
-13322,65979,6937
-13833,66181,6976
-13602,65905,7071
-13366,65649,7150
-13883,65840,7199
-13649,65571,7288
-13411,65322,7362
-13697,65239,7504
-13456,64997,7573
-13744,64908,7720
-13501,64673,7782
-13544,64353,7986
-13588,64035,8189
-13130,63428,8995
-15416,77338,-270
-15946,74642,2189
-16319,74190,2690
-16013,73462,3171
-15683,72711,3635
-16384,73005,3672
-15330,71939,4084
-16730,72554,4144
-16077,72242,4165
-16448,71780,4666
-15746,71455,4642
-15391,70625,5112
-16140,70975,5175
-15008,69776,5562
-15807,70130,5675
-15448,69263,6156
-14458,67397,6420
-15062,68377,6616
-15864,68759,6721
-14515,67031,6660
-14292,66733,6778
-14573,66667,6899
-14347,66376,7012
-15502,67854,7213
-14631,66305,7137
-14402,66023,7244
-14689,65946,7374
-14780,66949,7496
-13933,65501,7420
-14458,65671,7475
-15132,66844,7753
-14748,65589,7609
-13984,65163,7640
-14515,65321,7705
-14808,65234,7844
-14035,64828,7860
-14571,64974,7934
-13792,64581,7931
-14867,64881,8077
-14084,64496,8074
-14628,64628,8161
-13838,64256,8139
-14188,65193,8401
-14134,64166,8287
-14683,64286,8383
-13885,63932,8346
-13632,63718,8391
-14183,63838,8498
-14739,63946,8603
-13932,63611,8553
-13676,63403,8592
-14234,63511,8708
-13979,63291,8758
-13721,63090,8793
-14284,63187,8917
-14027,62973,8962
-13766,62778,8992
-14335,62864,9126
-14075,62657,9166
-13811,62469,9191
-14386,62543,9333
-14123,62343,9368
-13857,62161,9388
-14172,62030,9570
-13901,61857,9580
-14219,61722,9765
-13946,61555,9771
-13991,61254,9961
-14037,60955,10150
-13677,61180,10815
-16792,71323,5140
-17121,70873,5596
-16509,70501,5680
-16852,70034,6157
-16199,69642,6209
-17180,69573,6616
-16567,69161,6716
-16910,68688,7194
-16256,68263,7258
-16622,67775,7764
-15918,67340,7780
-16309,66835,8317
-15552,66396,8281
-14927,64531,8308
-14985,64183,8533
-15968,65871,8852
-15044,63838,8758
-14794,63608,8823
-15102,63495,8982
-15282,64896,9199
-14851,63272,9041
-15617,64798,9437
-15162,63153,9204
-14907,62937,9259
-15221,62814,9426
-14964,62605,9475
-14437,62224,9540
-16014,64349,9942
-15281,62477,9647
-15021,62274,9691
-14489,61907,9745
-15341,62141,9866
-15079,61945,9905
-14712,63047,10161
-14539,61594,9945
-14267,61415,9960
-15402,61807,10085
-15136,61618,10119
-14590,61283,10143
-14315,61110,10154
-15193,61295,10327
-14641,60973,10341
-14364,60807,10347
-14082,60658,10339
-14692,60665,10538
-14412,60505,10539
-14128,60362,10526
-14744,60358,10734
-14461,60204,10731
-14174,60067,10713
-14796,60052,10930
-14511,59904,10922
-14221,59773,10900
-14849,59748,11125
-14560,59607,11112
-14268,59481,11086
-14610,59310,11302
-14314,59192,11269
-14359,58905,11448
-14658,59017,11486
-14404,58620,11627
-14450,58335,11805
-14207,58865,12638
-17496,69118,7061
-17237,68221,7654
-17552,67760,8100
-16964,67293,8244
-17855,67305,8533
-17291,66819,8707
-16675,66337,8827
-17606,66351,9156
-17017,65848,9311
-16359,65355,9394
-17344,65366,9779
-16725,64848,9908
-17067,64350,10397
-16406,63822,10489
-15463,61475,10302
-15522,61148,10514
-15250,60975,10533
-16772,63305,11008
-15757,62773,10901
-15582,60822,10724
-15307,60655,10739
-16075,62682,11119
-15642,60499,10934
-15365,60337,10944
-15702,60177,11142
-15423,60020,11149
-16449,62234,11602
-15762,59857,11349
-15481,59706,11352
-14901,59446,11319
-15822,59539,11556
-15540,59393,11555
-14953,59146,11511
-15212,60831,11920
-15598,59082,11755
-15004,58849,11698
-14706,58726,11669
-15654,58775,11951
-15056,58553,11885
-14755,58437,11852
-14496,58053,11983
-14803,58148,12033
-15107,58259,12071
-16205,60579,12603
-14542,57771,12160
-14852,57861,12215
-15159,57966,12257
-14588,57491,12336
-14901,57575,12395
-15211,57675,12441
-14635,57212,12512
-14951,57291,12575
-15263,57385,12626
-14682,56934,12687
-15000,57008,12754
-14729,56658,12861
-15050,56726,12933
-14776,56383,13035
-15100,56445,13110
-15685,58544,13678
-14823,56109,13208
-14871,55836,13380
-14722,56485,14465
-17909,65890,9592
-18200,65435,10013
-17658,64891,10231
-17960,64423,10667
-17394,63859,10868
-18249,63962,11089
-17707,63377,11321
-17115,62797,11500
-18008,62902,11759
-17441,62298,11973
-16815,61705,12125
-15882,59222,11761
-15941,58910,11962
-17157,61187,12620
-15999,58599,12160
-15711,58469,12145
-16505,60496,12801
-16057,58291,12357
-15768,58165,12339
-16116,57984,12553
-15825,57863,12532
-16854,60048,13258
-16174,57680,12749
-15881,57563,12724
-15315,57096,12809
-16233,57376,12943
-15938,57264,12915
-15368,56809,12992
-16291,57075,13136
-15995,56967,13105
-15421,56523,13174
-16053,56671,13294
-15150,56166,13288
-15474,56238,13355
-16110,56377,13483
-15201,55888,13464
-15527,55955,13536
-14919,55564,13552
-16624,58313,14301
-15251,55611,13641
-15581,55672,13716
-14966,55294,13724
-15302,55335,13816
-15634,55391,13896
-15014,55024,13895
-15353,55061,13991
-15688,55111,14075
-15063,54756,14065
-15404,54787,14165
-15111,54489,14235
-15456,54515,14339
-15160,54222,14404
-15507,54244,14512
-15209,53957,14573
-15257,53693,14741
-15307,53430,14909
-15217,54048,16288
-18527,63507,11498
-18296,62434,12184
-17754,61807,12430
-18573,61974,12595
-18053,61324,12871
-17484,60678,13097
-18340,60850,13298
-17796,60179,13558
-17197,59518,13760
-18095,59688,14003
-16350,56775,13329
-16409,56476,13521
-17524,58999,14242
-16167,56084,13671
-16467,56179,13712
-16224,55793,13858
-16526,55884,13902
-16905,58238,14480
-17836,58491,14707
-16281,55503,14044
-16585,55590,14091
-16339,55215,14229
-16644,55298,14279
-17233,57791,14918
-15742,54833,14253
-16396,54929,14414
-16703,55007,14467
-15796,54555,14431
-16454,54643,14597
-15850,54279,14608
-16511,54359,14780
-15559,53974,14685
-15904,54004,14785
-16132,56189,15432
-15611,53705,14857
-15959,53730,14961
-15662,53437,15029
-16013,53458,15136
-15354,53170,15073
-17014,55981,15998
-15714,53171,15198
-16067,53187,15309
-15402,52912,15236
-15764,52908,15364
-16120,52920,15478
-15450,52655,15397
-15815,52646,15529
-15498,52399,15559
-15865,52385,15695
-15546,52144,15719
-15916,52126,15859
-15594,51890,15880
-15642,51636,16040
-15690,51384,16199
-15685,51546,18108
-18838,61521,12993
-18616,60383,13711
-18880,59924,14111
-19135,59472,14501
-18382,59206,14433
-18656,58732,14848
-18918,58267,15250
-18134,57992,15155
-16762,54718,14654
-17560,57262,15405
-18419,57502,15588
-16821,54430,14840
-16569,54077,14963
-16881,54144,15025
-17872,56744,15874
-16626,53796,15144
-16940,53859,15210
-16684,53516,15325
-16999,53575,15393
-17280,55914,16161
-18170,56236,16327
-16742,53237,15506
-17058,53293,15576
-16798,52962,15682
-17117,53013,15758
-16172,52655,15647
-17592,55469,16586
-16854,52689,15856
-16225,52390,15815
-16910,52417,16030
-16278,52127,15982
-15967,51867,16023
-16330,51864,16149
-16018,51609,16187
-16383,51603,16315
-16069,51352,16350
-16551,53776,17180
-16436,51343,16481
-15739,51133,16359
-16120,51097,16512
-16489,51084,16646
-15802,50886,16546
-16181,50845,16693
-17381,53588,17696
-15865,50640,16732
-16247,50595,16883
-15928,50395,16918
-16312,50346,17072
-15991,50151,17102
-16053,49910,17283
-16116,49670,17463
-19173,57809,15642
-19423,57357,16028
-18692,57021,16006
-18953,56549,16410
-19206,56085,16803
-18454,55738,16762
-17175,52736,15935
-17232,52461,16111
-18725,55251,17182
-17904,54941,17059
-16966,52147,16202
-17290,52187,16286
-17022,51878,16375
-17347,51914,16461
-17078,51610,16546
-18201,54425,17515
-17405,51643,16635
-17134,51343,16717
-17463,51373,16809
-17190,51077,16887
-17520,51104,16982
-16545,50827,16817
-18484,53920,17953
-17636,53528,17848
-17246,50813,17057
-16612,50574,17009
-17307,50551,17235
-16680,50322,17202
-17933,53087,18258
-16378,50098,17261
-16747,50071,17393
-16443,49852,17446
-16815,49820,17584
-16507,49608,17630
-16178,49430,17643
-16881,49573,17771
-16572,49365,17813
-16241,49191,17823
-16948,49327,17957
-16637,49123,17995
-16303,48952,18002
-16943,51312,18919
-16701,48881,18177
-16366,48714,18180
-16429,48476,18358
-16491,48240,18536
-16113,48935,19943
-19456,55629,17190
-19701,55180,17571
-18984,54773,17587
-19236,54304,17983
-17578,50836,17154
-19484,53843,18371
-17636,50569,17326
-18754,53426,18374
-17378,50293,17433
-17706,50307,17521
-17450,50035,17631
-17779,50046,17721
-19011,52943,18781
-18230,52563,18716
-17521,49778,17828
-17852,49786,17921
-17592,49522,18025
-17925,49527,18121
-18511,52051,19157
-17663,49269,18217
-17014,49082,18142
-17733,49018,18408
-17080,48838,18327
-16766,48640,18359
-17730,51145,19393
-17147,48594,18511
-17972,51092,19534
-16830,48400,18539
-17213,48351,18695
-16895,48160,18720
-16555,47998,18711
-16555,47998,18711
-17280,48108,18878
-18255,50657,19929
-16960,47921,18900
-17346,47867,19060
-17024,47683,19079
-17090,47442,19257
-17090,47442,19257
-17305,48788,20653
-16507,46258,21771
-19728,53390,18752
-19968,52944,19127
-19263,52469,19178
-17998,49269,18319
-19509,52003,19567
-18069,49015,18513
-18779,51551,19579
-17803,48768,18599
-18141,48762,18706
-19752,51547,19949
-17873,48519,18788
-18213,48509,18899
-19035,51063,19987
-17943,48270,18977
-18285,48258,19090
-18013,48022,19166
-18357,48007,19282
-19285,50584,20386
-18083,47774,19354
-17413,47626,19242
-18535,50139,20371
-18153,47528,19541
-17479,47385,19424
-17546,47146,19605
-18801,49633,20795
-17612,46907,19785
-17612,46907,19785
-16927,46415,19817
-18059,48661,21084
-18289,48617,21213
-17458,45872,20354
-17634,46164,22406
-19990,51098,20324
-20224,50657,20692
-18429,47757,19472
-18501,47508,19663
-19531,50115,20776
-18223,47282,19728
-18572,47259,19852
-18293,47037,19915
-19772,49655,21159
-18644,47011,20041
-18363,46793,20100
-18716,46764,20229
-19056,49139,21204
-18433,46549,20286
-18788,46518,20417
-18502,46309,20467
-19305,48657,21604
-18570,46070,20647
-18556,48189,21591
-17975,45354,20868
-18820,47678,22016
-17294,44811,20927
-17819,44287,21447
-18357,46098,22783
-18578,46077,22894
-16867,43532,23585
-20008,49204,21533
-18858,46275,20601
-20240,48761,21900
-18928,46033,20784
-18639,45831,20826
-18639,45831,20826
-18999,45792,20966
-19549,48184,21995
-20468,48325,22259
-19069,45552,21148
-19789,47721,22378
-19139,45312,21329
-19139,45312,21329
-19074,47180,22427
-20023,47268,22750
-19322,46693,22828
-18331,43783,21952
-19565,46217,23219
-18831,45661,23255
-17652,43188,22035
-19084,45158,23668
-17937,43486,24154
-17197,40776,25379
-20252,46823,23114
-18994,44308,21888
-20478,46387,23472
-19491,43800,22383
-19802,45752,23599
-20034,45297,23970
-18173,42680,22546
-19330,44667,24067
-18683,42189,23043
-19571,44189,24456
-18004,41512,23164
-18624,43458,24490
-18835,43450,24587
-19077,43045,24933
-20700,45959,23822
-19344,42761,22957
-20262,44851,24334
-20485,44415,24690
-19806,43722,24836
-18522,41016,23667
-20037,43266,25207
-19322,42552,25333
-18353,39813,24299
-19562,42072,25722
-18212,40768,25891
-18864,40778,26183
-17508,38031,27136
-19839,42265,23444
-20705,43987,25040
-20921,43567,25382
-19690,41190,24033
-19030,40539,24155
-20263,42819,25570
-20485,42382,25926
-19796,41604,26101
-18867,39329,24795
-20025,41147,26472
-19070,40782,26272
-19306,40387,26609
-18460,38036,27599
-20182,40706,24511
-20703,41951,26274
-20032,39565,25124
-20919,41527,26615
-19373,38858,25275
-20250,40698,26834
-18698,38089,25440
-20472,40256,27188
-19545,39905,26998
-19778,39435,27377
-19088,38066,27870
-19290,38079,27954
-17799,35319,28845
-20520,39095,25587
-21131,41110,26950
-20690,39823,27535
-19211,37608,25927
-20904,39399,27875
-19712,37151,26394
-20008,38972,27747
-20233,38520,28108
-19042,36335,26582
-19522,37690,28281
-19756,37215,28660
-18695,35324,29271
-20367,37909,26217
-21115,38983,28209
-21322,38575,28536
-20453,38078,28462
-19549,35871,27056
-20670,37646,28807
-19985,36751,29030
-19309,35348,29537
-19507,35360,29619
-18077,32652,30500
-20848,37457,26667
-20693,36237,27310
-20043,35431,27510
-20882,37223,29146
-21091,36807,29479
-19378,34570,27720
-20209,36299,29391
-20428,35857,29744
-19732,34981,29939
-21169,35802,27747
-21296,36400,29805
-19879,34123,28181
-21498,36001,30124
-20643,35424,30089
-20854,35002,30426
-19707,32800,28851
-19961,34517,30308
-20183,34064,30668
-18930,32640,30909
-19527,32659,31173
-21011,34552,28400
-20366,33700,28622
-21061,34588,30755
-20200,32370,29299
-21264,34183,31084
-20401,33623,31018
-20615,33192,31362
-19720,32670,31255
-19939,32302,31564
-18344,30055,32088
-21481,34134,28825
-21321,32856,29487
-20681,31964,29728
-21464,33786,31407
-21661,33395,31724
-20029,31031,29971
-20824,32771,31703
-20161,31850,31925
-20378,31410,32281
-19165,30021,32495
-21781,32456,29892
-20515,30618,30406
-21030,32359,32038
-21232,31956,32365
-20591,30981,32629
-19932,30033,32858
-19744,30027,32772
-21621,31156,30560
-20989,30227,30823
-21429,31561,32684
-21624,31174,32996
-20340,29258,31082
-20800,30563,32968
-21003,30154,33298
-20146,29676,33166
-20363,29239,33520
-18609,27576,33603
-22053,30786,30917
-21815,30795,33303
-20821,28875,31507
-21203,29754,33621
-20574,28814,33863
-19966,27487,34325
-19404,27505,34038
-21890,29470,31599
-21285,28511,31914
-21399,29363,33937
-20635,27473,32204
-21592,28980,34247
-20781,28400,34197
-20984,27997,34524
-20147,27486,34414
-20355,27143,34708
-18882,25244,35050
-22316,29117,31948
-21110,27127,32607
-21782,28604,34552
-21970,28233,34851
-21183,27603,34843
-20566,26726,35047
-22152,27794,32627
-21552,26801,32957
-21378,27216,35155
-21571,26835,35461
-20773,26319,35377
-20976,25917,35699
-20193,25075,35795
-19650,25127,35500
-22572,27456,32964
-20915,25680,33317
-21762,26461,35762
-21176,25526,36014
-20369,25063,35887
-20573,24729,36173
-19166,23067,36405
-22407,26132,33637
-21367,25367,33666
-21949,26095,36057
-22133,25736,36346
-21372,25143,36322
-20781,24325,36499
-22819,25815,33960
-21803,25072,33994
-21170,23901,34380
-21565,24770,36624
-21754,24405,36920
-20984,23932,36817
-21184,23550,37127
-20434,22795,37183
-19908,22887,36873
-22648,24476,34631
-21611,23609,34709
-21940,24048,37209
-21380,23177,37430
-20604,22770,37280
-20804,22451,37556
-19465,21060,37662
-23052,24196,34929
-22040,23337,35021
-22124,23698,37494
-22305,23355,37773
-21572,22813,37727
-21008,22068,37869
-21412,22142,35417
-21845,21871,35730
-21761,22457,38018
-21947,22110,38302
-21208,21695,38175
-20180,20818,38154
-22869,22811,35612
-23263,22577,35880
-22264,21625,36023
-22130,21770,38581
-21403,21332,38473
-21596,20978,38765
-20853,20645,38585
-20688,20683,38482
-21049,20340,38851
-19781,19257,38818
-21643,20413,36425
-22310,21436,38855
-22488,21110,39124
-21785,20633,39050
-21249,19978,39152
-23070,21159,36562
-22065,20168,36713
-21970,20295,39330
-22153,19966,39603
-21445,19626,39445
-20470,18943,39339
-23454,20950,36807
-22474,19945,36982
-22333,19643,39872
-21638,19283,39732
-21118,18705,39795
-20960,18759,39686
-20118,17669,39872
-23258,19526,37481
-21863,18717,37388
-22510,19328,40134
-21827,18948,40012
-22013,18622,40286
-21311,18414,40053
-21508,18073,40341
-23630,19345,37705
-22274,18494,37658
-22684,19019,40391
-22194,18303,40553
-21701,17741,40623
-20780,17277,40422
-22671,18296,37909
-22373,17992,40814
-22549,17687,41070
-21889,17418,40896
-21251,17038,40792
-21404,16967,40907
-20473,16295,40826
-23431,17929,38368
-22071,17065,38316
-22723,17388,41321
-22074,17103,41162
-22256,16796,41423
-21591,16692,41154
-23787,17779,38569
-22855,16690,38800
-22470,16865,38568
-22894,17096,41568
-22435,16496,41678
-21784,16372,41427
-21974,16062,41695
-21112,15839,41398
-22611,16203,41929
-22159,15759,41956
-21563,15546,41784
-21709,15457,41906
-20842,15105,41693
-23914,16273,39380
-23587,16377,39218
-22654,15286,39440
-22267,15464,39206
-22785,15917,42175
-22956,15636,42416
-22342,15465,42211
-21894,15195,42144
-22084,14897,42406
-21460,14607,42275
-23025,15134,39654
-23124,15360,42653
-22521,15177,42461
-22697,14896,42706
-22271,14608,42661
-21897,14275,42674
-21216,14046,42499
-23714,14895,40011
-22871,14621,42946
-22454,14325,42911
-22038,14172,42801
-22219,13924,43032
-24012,14829,40141
-22823,13774,40264
-22454,13933,40050
-23042,14352,43182
-23211,14089,43414
-22634,14050,43156
-22811,13782,43395
-22407,13646,43283
-21822,13533,43082
-21592,13053,43272
-23177,13649,40455
-23377,13831,43642
-22985,13520,43630
-22592,13376,43528
-22247,13178,43487
-22384,13067,43616
-24087,13439,40860
-23815,13474,40756
-23156,13263,43861
-23325,13013,44086
-22772,13114,43767
-22950,12858,43999
-22561,12832,43838
-22187,12546,43846
-22981,12350,41032
-22628,12493,40834
-23491,12767,44306
-23124,12608,44227
-22746,12572,44077
-22927,12318,44312
-22603,12192,44246
-21967,12073,44036
-23315,12240,41205
-23655,12527,44523
-23295,12364,44451
-23464,12126,44670
-23105,12070,44542
-22737,12078,44375
-22912,11850,44592
-22552,11573,44602
-24139,12103,41538
-23896,12110,41460
-22793,11143,41564
-23629,11893,44884
-23791,11667,45091
-23279,11828,44766
-23449,11592,44984
-23093,11599,44825
-23270,11353,45051
-22960,11226,44993
-22343,11095,44798
-23128,11008,41749
-23950,11448,45293
-23616,11363,45196
-23778,11139,45403
-23442,11115,45272
-23091,11115,45118
-23260,10894,45326
-24171,10834,42171
-23958,10820,42116
-23435,10913,41904
-23937,10921,45604
-23610,10883,45485
-23774,10657,45693
-23435,10653,45549
-22913,10607,45347
-22713,10126,45546
-22952,9872,42247
-24093,10708,45801
-24246,10500,45992
-23934,10438,45896
-23605,10419,45765
-23771,10192,45974
-23435,10171,45840
-23309,10276,45722
-23540,9668,42551
-23263,9749,42417
-24090,10224,46092
-24243,10016,46284
-23932,9971,46178
-24089,9757,46375
-23598,9961,46038
-23765,9732,46250
-23264,9664,46069
-24184,9645,42754
-24003,9611,42720
-24393,9813,46471
-24537,9618,46652
-24243,9548,46568
-23929,9509,46455
-24087,9294,46653
-23767,9254,46537
-23645,9352,46425
-23072,9183,46270
-23382,8582,43028
-23102,8693,42878
-24393,9346,46755
-24538,9151,46934
-24242,9085,46846
-24393,8883,47033
-23923,9055,46725
-24084,8838,46925
-23602,8749,46766
-24179,8543,43283
-24029,8493,43271
-23630,8516,43143
-24671,8969,47101
-24793,8806,47253
-24536,8692,47209
-24666,8519,47370
-24240,8629,47118
-24390,8430,47302
-24085,8367,47207
-23969,8457,47102
-23417,8270,46967
-23237,7610,43453
-24782,8365,47513
-24883,8231,47637
-24967,8119,47742
-24530,8246,47473
-24656,8081,47625
-24232,8185,47380
-24380,7992,47558
-23924,7872,47428
-24166,7525,43767
-24039,7469,43764
-23704,7461,43678
-23487,7514,43583
-24767,7936,47760
-24863,7810,47878
-24942,7705,47977
-24518,7814,47723
-24641,7655,47870
-24372,7546,47817
-24265,7621,47726
-23741,7403,47620
-25002,7623,48056
-25050,7556,48122
-24749,7516,48000
-24841,7397,48112
-24915,7300,48205
-24971,7224,48279
-24502,7394,47963
-24623,7240,48106
-24727,7106,48232
-24212,7065,48027
-24148,6598,44201
-24040,6538,44208
-23761,6507,44155
-23576,6544,44080
-23357,6624,43971
-25018,7160,48343
-25057,7103,48401
-25090,7054,48452
-24815,6994,48338
-24886,6902,48427
-24940,6829,48499
-24986,6765,48564
-25025,6709,48620
-24702,6706,48455
-24605,6816,48346
-24518,6866,48278
-24033,6606,48214
-25056,6662,48669
-25081,6623,48712
-25099,6591,48748
-24788,6598,48558
-24856,6509,48644
-24909,6437,48715
-24954,6374,48777
-24992,6320,48833
-25022,6274,48881
-24762,6194,48781
-24699,6217,48737
-24458,6337,48558
-24121,5775,44578
-24032,5708,44596
-23801,5652,44574
-23648,5671,44522
-23460,5734,44434
-25045,6237,48921
-25061,6209,48954
-25073,6184,48985
-25086,6159,49015
-24826,6122,48855
-24879,6049,48926
-24923,5987,48989
-24959,5934,49042
-24987,5890,49088
-25008,5855,49127
-25023,5827,49160
-25036,5801,49191
-24641,5697,49009
-24289,5885,48740
-25049,5775,49222
-25061,5749,49252
-25074,5724,49283
-24891,5604,49194
-24849,5652,49141
-24926,5551,49247
-24953,5508,49293
-24973,5473,49332
-24986,5445,49365
-24808,5653,49118
-25000,5418,49397
-25013,5392,49429
-25026,5365,49460
-25039,5339,49491
-24502,5221,49214
-24088,5039,44909
-24017,4970,44935
-23823,4901,44934
-23700,4897,44905
-23545,4937,44843
-25051,5313,49522
-25064,5287,49552
-24894,5158,49459
-24920,5127,49497
-24938,5093,49535
-24951,5064,49569
-24866,5146,49447
-24965,5036,49602
-24978,5008,49635
-24991,4980,49667
-25004,4953,49699
-25016,4928,49729
-25028,4903,49757
-25040,4879,49786
-24753,5137,49386
-24049,4389,45196
-23995,4314,45230
-23837,4234,45248
-23732,4225,45229
-23607,4243,45190
-25051,4855,49814
-24903,4703,49744
-24918,4684,49772
-24932,4654,49807
-24888,4678,49743
-24945,4626,49840
-24957,4599,49871
-24970,4573,49901
-24982,4547,49931
-24994,4521,49961
-25005,4496,49990
-25017,4471,50019
-25028,4446,50047
-25040,4421,50075
-24815,4629,49716
-24649,4646,49611
-24002,3814,45444
-24899,4273,50011
-24912,4254,50037
-24925,4226,50069
-24887,4255,50007
-24937,4199,50101
-24950,4171,50132
-24962,4145,50162
-24974,4118,50192
-24849,4212,49990
-24985,4092,50222
-24997,4066,50251
-25008,4042,50278
-25019,4019,50304
-25029,3997,50330
-24753,4223,49914
-23965,3733,45487
-23842,3641,45523
-23755,3624,45514
-23649,3633,45487
-24912,3937,50233
-24924,3915,50260
-24901,3929,50225
-24937,3886,50292
-24949,3861,50322
-24960,3836,50351
-24870,3910,50199
-24972,3811,50379
-24983,3787,50407
-24993,3765,50432
-24825,3904,50152
-25003,3745,50456
-25012,3725,50480
-25022,3705,50504
-25031,3685,50527
-24936,3666,50424
-24928,3665,50414
-24947,3645,50450
-24959,3621,50478
-24902,3664,50382
-24969,3599,50504
-24979,3577,50530
-24865,3663,50336
-24989,3555,50555
-24999,3534,50580
-23947,3315,45653
-23927,3227,45705
-23838,3118,45761
-23768,3092,45764
-23679,3089,45749
-25009,3514,50604
-25018,3493,50628
-25028,3473,50652
-25037,3454,50675
-25046,3434,50698
-24964,3448,50586
-24956,3447,50577
-24974,3430,50609
-24984,3408,50635
-24933,3442,50549
-24994,3386,50661
-25004,3364,50686
-24899,3441,50506
-25014,3343,50711
-25024,3323,50736
-25033,3302,50760
-25043,3282,50783
-25051,3264,50805
-25059,3247,50826
-25067,3231,50846
-24991,3238,50743
-24984,3237,50734
-25001,3220,50765
-25011,3198,50791
-24962,3234,50705
-25021,3176,50816
-25030,3157,50840
-24930,3232,50664
-25039,3139,50862
-25047,3122,50884
-25055,3105,50905
-25063,3088,50925
-23891,2876,45833
-23879,2788,45888
-23823,2656,45967
-23770,2617,45981
-23698,2600,45980
-25071,3072,50946
-25079,3056,50966
-25087,3040,50986
-25018,3035,50894
-25012,3033,50886
-25026,3021,50914
-25035,3002,50936
-24991,3029,50860
-25044,2984,50959
-25052,2967,50981
-24961,3029,50818
-25060,2949,51002
-25069,2932,51023
-25077,2916,51044
-25084,2899,51064
-25092,2883,51084
-25100,2867,51104
-25107,2851,51124
-25042,2848,51034
-25036,2846,51026
-25050,2833,51053
-25059,2815,51076
-25017,2842,51001
-25067,2797,51098
-25075,2780,51119
-24991,2837,50964
-25083,2763,51140
-25091,2746,51161
-25099,2731,51180
-25106,2718,51198
-25113,2705,51216
-25120,2692,51234
-25126,2679,51251
-25067,2664,51172
-25075,2652,51190
-25061,2663,51164
-25082,2637,51209
-25044,2661,51138
-25019,2659,51101
-23838,2480,45994
-23828,2397,46047
-23796,2244,46144
-23787,2116,46141
-23759,2189,46172
-23704,2155,46184
-25090,2623,51229
-25097,2609,51248
-25104,2595,51266
-25112,2582,51284
-25119,2569,51302
-25125,2556,51320
-25132,2543,51338
-25139,2530,51355
-25145,2518,51372
-25090,2504,51294
-25085,2503,51287
-25097,2493,51312
-25105,2478,51331
-25069,2499,51263
-25112,2464,51350
-25046,2494,51229
-25119,2451,51368
-25126,2437,51387
-25133,2424,51405
-25140,2411,51422
-25146,2398,51440
-25153,2385,51457
-25159,2374,51472
-25165,2365,51487
-25114,2350,51414
-25109,2349,51407
-25121,2338,51431
-25128,2327,51448
-25094,2347,51383
-25134,2316,51465
-25072,2346,51348
-25141,2306,51482
-25148,2295,51498
-25154,2285,51514
-25160,2275,51530
-25167,2265,51545
-25173,2255,51560
-25179,2246,51575
-25185,2236,51590
-25137,2222,51519
-25133,2222,51512
-25144,2214,51534
-25118,2220,51489
-25150,2203,51551
-25099,2219,51455
-23777,2032,46194
-23756,1870,46299
-23733,1784,46269
-23735,1798,46341
-23724,1696,46325
-23696,1746,46367
-25157,2192,51567
-25163,2182,51584
-25170,2171,51599
-25176,2161,51615
-25182,2151,51630
-25188,2142,51645
-25194,2132,51660
-25200,2122,51675
-25206,2113,51689
-25162,2104,51619
-25157,2104,51612
-25168,2097,51633
-25144,2104,51588
-25174,2089,51648
-25126,2107,51554
-25181,2081,51663
-25187,2074,51677
-25193,2066,51691
-25199,2059,51705
-25205,2052,51719
-25211,2044,51733
-25216,2037,51746
-25222,2031,51759
-25228,2024,51772
-25187,2021,51702
-25183,2022,51694
-25171,2024,51670
-25153,2029,51636
-25193,2015,51715
-25199,2007,51730
-25206,1999,51744
-25212,1991,51758
-25218,1984,51772
-25223,1977,51786
-25229,1970,51799
-25235,1963,51812
-25240,1956,51825
-25182,1969,51710
-25246,1949,51838
-25199,1961,51745
-25215,1953,51778
-25211,1955,51770
-25251,1942,51851
-25220,1948,51790
-25226,1943,51803
-25233,1937,51816
-25238,1932,51829
-25212,1928,51776
-25229,1920,51810
-25256,1917,51866
-25250,1922,51854
-25244,1927,51842
-25240,1914,51834
-25267,1908,51890
-25243,1912,51841
-25261,1912,51878
-25255,1902,51866
-25272,1903,51901
-25249,1908,51854
-25267,1892,51891
-25261,1897,51879
-25277,1898,51913
-25242,1887,51841
-25258,1879,51874
-25278,1882,51916
-25272,1887,51904
-25283,1877,51927
-25269,1873,51898
-25289,1873,51939
-25278,1867,51917
-25294,1868,51950
-25272,1872,51905
-25284,1862,51929
-25299,1863,51962
-25305,1859,51973
-25295,1852,51954
-25289,1857,51942
-25301,1847,51965
-25272,1846,51907
-25306,1842,51977
-25287,1838,51939
-25311,1838,51989
-25298,1833,51961
-25317,1833,52000
-25307,1826,51980
-25322,1829,52011
-25327,1824,52022
-25301,1831,51969
-25332,1820,52032
-25318,1817,52004
-25312,1822,51992
-25323,1812,52016
-25329,1807,52027
-25302,1805,51972
-25317,1797,52003
-25334,1803,52039
-25339,1798,52050
-25336,1786,52043
-25327,1792,52025
-25330,1790,52032
-25349,1789,52071
-25344,1794,52061
-25341,1781,52055
-25354,1785,52082
-25359,1781,52092
-25346,1776,52067
-23706,1521,46438
-23678,1454,46396
-23696,1434,46491
-23670,1367,46452
-23674,1365,46532
-25352,1772,52078
-25357,1767,52089
-25332,1763,52038
-25362,1763,52100
-25372,1754,52121
-25367,1758,52111
-25346,1756,52068
-25382,1746,52142
-25377,1750,52132
-25356,1751,52089
-25370,1741,52118
-25359,1750,52096
-25386,1742,52152
-25364,1745,52107
-25375,1736,52129
-25380,1732,52140
-25385,1727,52151
-25362,1722,52103
-25376,1715,52132
-25400,1715,52182
-25395,1719,52172
-25390,1723,52162
-25385,1711,52153
-25414,1702,52212
-25409,1706,52202
-25404,1710,52192
-25393,1705,52170
-25388,1709,52160
-25398,1700,52181
-25403,1696,52192
-25392,1681,52169
-25408,1692,52202
-25418,1683,52223
-25413,1687,52213
-25423,1679,52233
-25405,1675,52197
-25432,1671,52253
-25427,1675,52243
-25417,1668,52223
-25436,1667,52262
-25414,1670,52217
-25422,1664,52233
-25441,1663,52272
-25432,1656,52254
-25427,1660,52244
-25437,1652,52265
-25451,1639,52294
-25446,1643,52285
-25441,1648,52275
-25421,1640,52234
-25455,1636,52304
-25444,1629,52281
-25451,1624,52296
-25464,1628,52323
-25459,1632,52313
-25434,1634,52262
-25468,1624,52332
-25446,1628,52287
-25456,1620,52307
-25470,1608,52337
-25465,1612,52327
-25460,1616,52317
-25474,1604,52346
-25464,1593,52326
-25483,1596,52365
-25451,1599,52300
-25487,1592,52374
-25478,1600,52356
-25473,1588,52345
-25480,1583,52360
-25475,1587,52350
-25491,1589,52383
-25489,1575,52379
-25495,1585,52392
-25484,1579,52370
-25498,1568,52398
-25493,1571,52389
-25502,1564,52408
-25481,1558,52365
-25506,1560,52417
-25515,1553,52434
-25502,1548,52408
-25519,1549,52443
-25509,1543,52423
-25523,1546,52452
-25493,1552,52391
-25510,1557,52426
-25504,1546,52414
-25522,1531,52451
-25513,1539,52433
-25526,1528,52460
-25517,1535,52442
-25530,1524,52469
-25523,1511,52455
-25538,1517,52486
-25534,1521,52478
-25511,1517,52431
-25546,1510,52503
-25542,1514,52495
-25531,1507,52472
-25550,1507,52511
-25542,1499,52496
-25537,1502,52486
-25533,1506,52478
-25546,1495,52505
-25550,1491,52513
-25554,1488,52522
-25566,1478,52547
-25562,1481,52539
-25541,1476,52496
-25558,1484,52531
-25570,1474,52555
-25560,1466,52536
-25577,1468,52571
-25573,1471,52563
-25552,1470,52520
-25562,1465,52541
-25570,1458,52558
-25566,1462,52550
-25574,1455,52567
-25590,1441,52600
-25586,1445,52592
-25582,1448,52584
-25578,1451,52576
-25594,1438,52608
-25582,1429,52584
-25571,1435,52562
-25601,1432,52624
-25597,1435,52616
-25589,1426,52600
-25604,1429,52631
-25591,1424,52605
-25599,1418,52621
-25595,1421,52613
-25607,1411,52638
-25603,1415,52630
-25614,1405,52654
-25610,1408,52646
-25618,1402,52661
-25625,1395,52676
-25601,1394,52627
-25632,1389,52691
-25621,1398,52669
-25611,1389,52649
-25628,1392,52684
-25628,1378,52684
-25624,1381,52676
-25618,1385,52664
-25620,1384,52669
-25635,1371,52700
-25631,1374,52692
-25639,1368,52708
-25646,1362,52723
-25642,1365,52715
-25656,1353,52744
-25631,1353,52693
-25649,1359,52730
-25652,1356,52737
-25659,1350,52751
-25640,1348,52713
-23653,1194,46564
-23624,1125,46522
-23645,1102,46620
-23616,1039,46578
-23636,1013,46675
-23600,866,46690
-25653,1340,52739
-25649,1343,52732
-25647,1344,52728
-25660,1334,52755
-25656,1337,52747
-25667,1328,52769
-25663,1331,52762
-25680,1317,52797
-25677,1319,52791
-25670,1325,52777
-25683,1314,52804
-25673,1322,52784
-25661,1311,52758
-25670,1307,52778
-25686,1311,52811
-25682,1300,52803
-25676,1304,52791
-25685,1297,52810
-25678,1303,52796
-25688,1294,52817
-25692,1291,52824
-25695,1288,52831
-25698,1285,52838
-25704,1280,52851
-25701,1283,52845
-25710,1275,52864
-25707,1277,52858
-25699,1266,52842
-25714,1257,52873
-25713,1272,52871
-25690,1270,52824
-25707,1262,52859
-25705,1263,52855
-25717,1254,52880
-25710,1259,52866
-25723,1248,52893
-25720,1251,52887
-25732,1240,52912
-25729,1243,52906
-25726,1246,52900
-25741,1233,52931
-25738,1235,52925
-25735,1238,52919
-25735,1222,52919
-25729,1225,52907
-25720,1229,52889
-25739,1219,52929
-25736,1221,52923
-25745,1213,52942
-25742,1216,52936
-25760,1201,52973
-25757,1203,52967
-25754,1206,52961
-25751,1208,52955
-25768,1194,52990
-25748,1211,52949
-25765,1196,52985
-25762,1199,52979
-25764,1181,52983
-25758,1184,52971
-25750,1188,52955
-25777,1171,53011
-25774,1173,53005
-25771,1176,52999
-25768,1178,52993
-25765,1181,52987
-25785,1164,53028
-25793,1157,53045
-25782,1166,53023
-25779,1168,53017
-25795,1155,53050
-25790,1159,53040
-25787,1161,53034
-25780,1147,53020
-25788,1143,53036
-25793,1141,53047
-25800,1135,53062
-25797,1138,53056
-25794,1140,53050
-25808,1128,53079
-25805,1131,53073
-25810,1126,53084
-25802,1133,53068
-25818,1120,53100
-25813,1124,53090
-25820,1118,53105
-25815,1122,53095
-25822,1116,53110
-25817,1103,53100
-25810,1106,53086
-25826,1097,53119
-25822,1100,53111
-25831,1093,53130
-25823,1099,53114
-25841,1084,53151
-25836,1089,53141
-25833,1091,53135
-25828,1095,53125
-25843,1082,53156
-25838,1086,53146
-25845,1080,53161
-25850,1076,53170
-25847,1078,53165
-25840,1065,53151
-25855,1057,53182
-25851,1059,53174
-25846,1062,53165
-25857,1055,53188
-25852,1059,53178
-25864,1049,53202
-25862,1051,53198
-25873,1041,53221
-25871,1043,53217
-25866,1047,53207
-25859,1053,53193
-25877,1037,53230
-25875,1039,53226
-25868,1045,53212
-25876,1021,53229
-25870,1024,53217
-25886,1014,53250
-25880,1019,53238
-25888,1012,53255
-25881,1018,53241
-25892,1009,53264
-25890,1011,53260
-25883,1016,53246
-25894,1007,53269
-25898,1003,53277
-25896,1005,53273
-25904,998,53290
-25902,1000,53286
-25900,1002,53282
-25900,983,53282
-25905,980,53294
-25909,978,53302
-25914,974,53313
-25930,961,53346
-25912,976,53309
-25928,962,53342
-25910,977,53305
-25926,964,53338
-25924,965,53334
-25922,967,53330
-25920,969,53326
-25918,970,53322
-25916,972,53318
-25931,959,53350
-25935,939,53358
-25930,942,53348
-25947,930,53384
-25945,932,53380
-25943,934,53376
-25941,935,53372
-25939,937,53368
-25938,937,53366
-25952,926,53395
-25950,927,53392
-25948,929,53388
-25954,924,53399
-25959,920,53410
-25957,921,53406
-25955,923,53403
-23570,799,46647
-23593,776,46744
-23563,712,46702
-23585,686,46801
-23548,540,46814
-23516,475,46770
-23540,450,46869
-22571,503,45950
-22571,503,45950
-22571,503,45950
-22571,503,45950
-22571,503,45950
-22571,503,45950
-22571,503,45950
-22571,503,45950
-22571,503,45950
-22571,503,45950
-22571,503,45950
-22571,503,45950
-22571,503,45950
-22571,503,45950
-22571,503,45950
-22571,503,45950
-22571,503,45950
-22571,503,45950
-22571,503,45950
-22571,503,45950
-22571,503,45950
-22571,503,45950
-22571,503,45950
-22571,503,45950
-22571,503,45950
-22571,503,45950
-22571,503,45950
-22571,503,45950
-22571,503,45950
-22571,503,45950
-22571,503,45950
-22571,503,45950
-22571,503,45950
-22571,503,45950
-22571,503,45950
-22571,503,45950
-22571,503,45950
-22571,503,45950
-22571,503,45950
-22571,503,45950
-22571,503,45950
-22571,503,45950
-22571,503,45950
-22571,503,45950
-22571,503,45950
-22571,503,45950
-22571,503,45950
-22571,503,45950
-22571,503,45950
-22571,503,45950
-22571,503,45950
-22571,503,45950
-22571,503,45950
-22571,503,45950
-22571,503,45950
-22571,503,45950
-22571,503,45950
-22571,503,45950
-22571,503,45950
-22571,503,45950
-22571,503,45950
-22571,503,45950
-22571,503,45950
-22571,503,45950
-22571,503,45950
-22571,503,45950
-22571,503,45950
-22571,503,45950
-22571,503,45950
-22571,503,45950
-22571,503,45950
-22571,503,45950
-22571,503,45950
-22571,503,45950
-22571,503,45950
-22571,503,45950
-22571,503,45950
-22571,503,45950
-22571,503,45950
-22571,503,45950
-22571,503,45950
-22571,503,45950
-22571,503,45950
-22571,503,45950
-22571,503,45950
-22571,503,45950
-22571,503,45950
-22571,503,45950
-22571,503,45950
-22571,503,45950
-22571,503,45950
-22571,503,45950
-22571,503,45950
-22571,503,45950
-22571,503,45950
-22571,503,45950
-22571,503,45950
-22571,503,45950
-22571,503,45950
-22571,503,45950
-22571,503,45950
-22571,503,45950
-22571,503,45950
-22571,503,45950
-22571,503,45950
-22571,503,45950
-22571,503,45950
-22571,503,45950
-22571,503,45950
-22571,503,45950
-22571,503,45950
-22571,503,45950
-22571,503,45950
-22571,503,45950
-22571,503,45950
-22571,503,45950
-22571,503,45950
-22571,503,45950
-22571,503,45950
-22571,503,45950
-22571,503,45950
-22571,503,45950
-22571,503,45950
-22571,503,45950
-22571,503,45950
-22571,503,45950
-22571,503,45950
-22571,503,45950
-22571,503,45950
-22571,503,45950
-22571,503,45950
-22571,503,45950
-22571,503,45950
-22571,503,45950
-22571,503,45950
-22571,503,45950
-22571,503,45950
-22571,503,45950
-22571,503,45950
-22571,503,45950
-22571,503,45950
-22571,503,45950
-22571,503,45950
-22571,503,45950
-22571,503,45950
-22571,503,45950
-22571,503,45950
-22571,503,45950
-22571,503,45950
-22571,503,45950
-22570,505,45951
-22570,505,45951
-22570,505,45951
-22570,505,45951
-22570,505,45951
-22570,505,45951
-22570,505,45951
-22570,505,45951
-22570,505,45951
-22570,505,45951
-22570,505,45951
-22570,505,45951
-22570,505,45951
-22570,505,45951
-22570,505,45951
-22570,505,45951
-22570,505,45951
-22570,505,45951
-22570,505,45951
-22570,505,45951
-22570,505,45951
-22570,505,45951
-22570,505,45951
-22570,505,45951
-22570,505,45951
-22570,505,45951
-22570,505,45951
-22570,505,45951
-22570,505,45951
-22570,505,45951
-22570,505,45951
-22570,505,45951
-22570,505,45951
-22570,505,45951
-22570,505,45951
-22570,505,45951
-22570,505,45951
-22570,505,45951
-22570,505,45951
-22570,505,45951
-22570,505,45951
-22570,505,45951
-22570,505,45951
-22570,505,45951
-22570,505,45951
-22570,505,45951
-22570,505,45951
-22570,505,45951
-22570,505,45951
-22570,505,45951
-22570,505,45951
-22570,505,45951
-22570,505,45951
-22570,505,45951
-22570,505,45951
-22570,505,45951
-22570,505,45951
-22570,505,45951
-22570,505,45951
-22570,505,45951
-22570,505,45951
-22570,505,45951
-22570,505,45951
-22570,505,45951
-22570,505,45951
-22570,505,45951
-22570,505,45951
-22570,505,45951
-22570,505,45951
-22570,505,45951
-22570,505,45951
-22570,505,45951
-22570,505,45951
-22570,505,45951
-22570,505,45951
-22570,505,45951
-22570,505,45951
-22570,505,45951
-22570,505,45951
-22570,505,45951
-22570,505,45951
-22570,505,45951
-22570,505,45951
-22570,505,45951
-22570,505,45951
-22570,505,45951
-22570,505,45951
-22570,505,45951
-22570,505,45951
-22570,505,45951
-22570,505,45951
-22570,505,45951
-22570,505,45951
-22570,505,45951
-22570,505,45951
-22570,505,45951
-22570,505,45951
-22570,505,45951
-22570,505,45951
-22570,505,45951
-22570,505,45951
-22570,505,45951
-22570,505,45951
-22570,505,45951
-22570,505,45951
-22570,505,45951
-22570,505,45951
-22570,505,45951
-22570,505,45951
-22570,505,45951
-22570,505,45951
-22570,505,45951
-22570,505,45951
-22570,505,45951
-22570,505,45951
-22570,505,45951
-22570,505,45951
-22570,505,45951
-22570,505,45951
-22570,505,45951
-22570,505,45951
-22570,505,45951
-22570,505,45951
-22570,505,45951
-22570,505,45951
-22570,505,45951
-22570,505,45951
-22570,505,45951
-22570,505,45951
-22570,505,45951
-22570,505,45951
-22570,505,45951
-22570,505,45951
-22570,505,45951
-22570,505,45951
-22570,505,45951
-22570,505,45951
-22570,505,45951
-22570,505,45951
-22570,505,45951
-22570,505,45951
-22570,505,45951
-22570,505,45951
-22570,505,45951
-22570,505,45951
-22570,505,45951
-22570,505,45951
-22570,505,45951
-22570,505,45951
-22570,505,45951
-22570,509,45952
-22570,509,45952
-22570,509,45952
-22570,509,45952
-22570,509,45952
-22570,509,45952
-22570,509,45952
-22570,509,45952
-22570,509,45952
-22570,509,45952
-22570,509,45952
-22570,509,45952
-22570,509,45952
-22570,509,45952
-22570,509,45952
-22570,509,45952
-22570,509,45952
-22570,509,45952
-22570,509,45952
-22570,509,45952
-22570,509,45952
-22570,509,45952
-22570,509,45952
-22570,509,45952
-22570,509,45952
-22570,509,45952
-22570,509,45952
-22570,509,45952
-22570,509,45952
-22570,509,45952
-22570,509,45952
-22570,509,45952
-22570,509,45952
-22570,509,45952
-22570,509,45952
-22570,509,45952
-22570,509,45952
-22570,509,45952
-22570,509,45952
-22570,509,45952
-22570,509,45952
-22570,509,45952
-22570,509,45952
-22570,509,45952
-22570,509,45952
-22570,509,45952
-22570,509,45952
-22570,509,45952
-22570,509,45952
-22570,509,45952
-22570,509,45952
-22570,509,45952
-22570,509,45952
-22570,509,45952
-22570,509,45952
-22570,509,45952
-22570,509,45952
-22570,509,45952
-22570,509,45952
-22570,509,45952
-22570,509,45952
-22570,509,45952
-22570,509,45952
-22570,509,45952
-22570,509,45952
-22570,509,45952
-22570,509,45952
-22570,509,45952
-22570,509,45952
-22570,509,45952
-22570,509,45952
-22570,509,45952
-22570,509,45952
-22570,509,45952
-22570,509,45952
-22570,509,45952
-22570,509,45952
-22570,509,45952
-22570,509,45952
-22570,509,45952
-22570,509,45952
-22570,509,45952
-22570,509,45952
-22570,509,45952
-22570,509,45952
-22570,509,45952
-22570,509,45952
-22570,509,45952
-22570,509,45952
-22570,509,45952
-22570,509,45952
-22570,509,45952
-22570,509,45952
-22570,509,45952
-22570,509,45952
-22570,509,45952
-22570,509,45952
-22570,509,45952
-22570,509,45952
-22570,509,45952
-22570,509,45952
-22570,509,45952
-22570,509,45952
-22570,509,45952
-22570,509,45952
-22570,509,45952
-22570,509,45952
-22570,509,45952
-22570,509,45952
-22570,509,45952
-22570,509,45952
-22570,509,45952
-22570,509,45952
-22570,509,45952
-22570,509,45952
-22570,509,45952
-22570,509,45952
-22570,509,45952
-22570,509,45952
-22570,509,45952
-22570,509,45952
-22570,509,45952
-22570,509,45952
-22570,509,45952
-22570,509,45952
-22570,509,45952
-22570,509,45952
-22570,509,45952
-22570,509,45952
-22570,509,45952
-22570,509,45952
-22570,509,45952
-22570,509,45952
-22570,509,45952
-22570,509,45952
-22570,509,45952
-22570,509,45952
-22570,509,45952
-22570,509,45952
-22570,509,45952
-22570,509,45952
-22570,509,45952
-22570,509,45952
-22570,509,45952
-22570,509,45952
-22570,509,45952
-22570,509,45952
-22570,509,45952
-22570,509,45952
-22570,509,45952
-22570,509,45952
-22570,509,45952
-22570,509,45952
-22570,509,45952
-22570,509,45952
-22570,509,45952
-22570,509,45952
-22570,509,45952
-22570,509,45952
-22570,509,45952
-22570,509,45952
-22570,509,45952
-22570,509,45952
-22570,509,45952
-22570,509,45952
-22570,509,45952
-22570,509,45952
-22570,509,45952
-22570,509,45952
-22570,509,45952
-22570,509,45952
-22570,509,45952
-22570,509,45952
-22570,509,45952
-22570,509,45952
-22570,509,45952
-22570,509,45952
-22570,509,45952
-22570,509,45952
-22570,509,45952
-22570,509,45952
-22570,509,45952
-22570,509,45952
-22570,509,45952
-22570,509,45952
-22570,509,45952
-22570,509,45952
-22570,509,45952
-22570,509,45952
-22570,509,45952
-22570,509,45952
-22570,509,45952
-22570,509,45952
-22570,509,45952
-22570,509,45952
-22570,509,45952
-22570,509,45952
-22570,509,45952
-22570,509,45952
-22570,509,45952
-22570,509,45952
-22570,509,45952
-22570,509,45952
-22570,509,45952
-22570,509,45952
-22570,509,45952
-22570,509,45952
-22570,509,45952
-22570,509,45952
-22570,509,45952
-22570,509,45952
-22570,509,45952
-22570,509,45952
-22570,509,45952
-22570,509,45952
-22570,509,45952
-22570,509,45952
-22570,509,45952
-22570,509,45952
-22570,509,45952
-22570,509,45952
-22570,509,45952
-22570,509,45952
-22570,509,45952
-22570,509,45952
-22570,509,45952
-22570,509,45952
-22570,509,45952
-22570,509,45952
-22570,509,45952
-22570,509,45952
-22570,509,45952
-22570,509,45952
-22570,509,45952
-22570,509,45952
-22570,509,45952
-22570,509,45952
-22570,509,45952
-22570,509,45952
-22570,509,45952
-22570,509,45952
-22570,509,45952
-22570,509,45952
-22570,509,45952
-22570,509,45952
-22570,509,45952
-22570,509,45952
-22570,509,45952
-22570,509,45952
-22570,509,45952
-22570,509,45952
-22570,509,45952
-22570,509,45952
-22570,509,45952
-22570,509,45952
-22570,509,45952
-22570,509,45952
-22570,509,45952
-22570,509,45952
-22570,509,45952
-22570,509,45952
-22570,509,45952
-22570,509,45952
-22570,509,45952
-22570,509,45952
-22570,509,45952
-22570,509,45952
-22570,509,45952
-22570,509,45952
-22570,509,45952
-22570,509,45952
-22570,509,45952
-22570,509,45952
-22570,509,45952
-22570,509,45952
-22570,509,45952
-22570,509,45952
-22570,509,45952
-22570,509,45952
-22570,509,45952
-22570,509,45952
-22570,509,45952
-22570,509,45952
-22570,509,45952
-22570,509,45952
-22570,509,45952
-22570,509,45952
-22570,509,45952
-22570,509,45952
-22570,509,45952
-22570,509,45952
-22570,509,45952
-22570,509,45952
-22570,509,45952
-22570,509,45952
-22570,509,45952
-22570,509,45952
-22570,509,45952
-22570,509,45952
-22570,509,45952
-22570,509,45952
-22570,509,45952
-22570,509,45952
-22570,509,45952
-22570,509,45952
-22570,509,45952
-22570,509,45952
-22570,509,45952
-22570,509,45952
-22570,509,45952
-22570,509,45952
-22570,509,45952
-22570,509,45952
-22570,509,45952
-22570,509,45952
-22570,509,45952
-22570,509,45952
-22570,509,45952
-22570,509,45952
-22570,509,45952
-22570,509,45952
-22570,509,45952
-22570,509,45952
-22570,509,45952
-22570,509,45952
-22570,509,45952
-22570,509,45952
-22570,509,45952
-22570,509,45952
-22570,509,45952
-22570,509,45952
-22570,509,45952
-22570,509,45952
-22570,509,45952
-22570,509,45952
-22570,509,45952
-22570,509,45952
-22570,509,45952
-22570,509,45952
-22570,509,45952
-22570,509,45952
-22570,509,45952
-22570,509,45952
-22570,509,45952
-22570,509,45952
-22570,509,45952
-22570,509,45952
-22570,509,45952
-22570,509,45952
-22570,509,45952
-22570,509,45952
-22570,509,45952
-22570,509,45952
-22570,509,45952
-22570,509,45952
-22570,509,45952
-22570,509,45952
-22570,509,45952
-22570,509,45952
-22570,509,45952
-22570,509,45952
-22570,509,45952
-22570,509,45952
-22570,509,45952
-22570,509,45952
-22570,509,45952
-22570,509,45952
-22570,509,45952
-22570,509,45952
-22570,509,45952
-22570,509,45952
-22570,509,45952
-22570,509,45952
-22570,509,45952
-22570,509,45952
-22570,509,45952
-22570,509,45952
-22570,509,45952
-22570,509,45952
-22570,509,45952
-22570,509,45952
-22570,509,45952
-22570,509,45952
-22570,509,45952
-22570,509,45952
-22570,509,45952
-22570,509,45952
-22570,509,45952
-22570,509,45952
-22570,509,45952
-22570,509,45952
-22570,509,45952
-22570,509,45952
-22570,509,45952
-22570,509,45952
-22570,509,45952
-22570,509,45952
-22570,509,45952
-22570,509,45952
-22570,509,45952
-22570,509,45952
-22570,509,45952
-22570,509,45952
-22570,509,45952
-22570,509,45952
-22570,509,45952
-22570,509,45952
-22570,509,45952
-22570,509,45952
-22570,509,45952
-22570,509,45952
-22570,509,45952
-22570,509,45952
-22570,509,45952
-22570,509,45952
-22570,509,45952
-22570,509,45952
-22570,509,45952
-22570,509,45952
-22570,509,45952
-22570,509,45952
-22570,509,45952
-22570,509,45952
-22570,509,45952
-22570,509,45952
-22570,509,45952
-22570,509,45952
-22570,509,45952
-22570,509,45952
-22570,509,45952
-22570,509,45952
-22570,509,45952
-22570,509,45952
-22570,509,45952
-22570,509,45952
-22570,509,45952
-22570,509,45952
-22570,509,45952
-22570,509,45952
-22570,509,45952
-22570,509,45952
-22570,509,45952
-22570,509,45952
-22570,509,45952
-22570,509,45952
-22570,509,45952
-22570,509,45952
-22570,509,45952
-22570,509,45952
-22570,509,45952
-22570,509,45952
-22570,509,45952
-22570,509,45952
-22570,509,45952
-22570,509,45952
-22570,509,45952
-22570,509,45952
-22570,509,45952
-22573,490,45960
-22581,436,45988
-22578,450,45985
-22585,404,46011
-25964,898,53423
-25959,901,53413
-25972,893,53439
-25977,889,53450
-25975,890,53446
-25970,895,53436
-25968,896,53432
-25967,897,53430
-25983,883,53463
-25980,886,53457
-25978,888,53453
-25973,892,53443
-25986,881,53470
-25984,882,53466
-25981,885,53460
-25994,857,53488
-26002,852,53505
-25999,854,53499
-26008,847,53518
-25989,859,53479
-26005,849,53512
-26000,853,53502
-25997,855,53496
-25996,856,53494
-26013,842,53529
-26012,843,53527
-26009,845,53521
-26006,848,53515
-26003,850,53509
-26010,844,53524
-26028,814,53562
-26026,815,53558
-26023,817,53552
-26019,818,53544
-26036,807,53579
-26032,810,53571
-26029,813,53565
-26026,815,53559
-26034,808,53576
-26033,809,53574
-26030,811,53568
-26038,805,53584
-26037,806,53582
-26040,803,53589
-26039,804,53587
-26055,775,53621
-26049,777,53610
-26057,773,53625
-26052,776,53617
-26059,771,53630
-26058,772,53628
-26068,764,53649
-26067,764,53647
-26066,765,53645
-26061,769,53635
-26060,770,53633
-26055,774,53623
-26064,766,53642
-26063,767,53640
-26062,768,53638
-26084,734,53685
-26082,735,53681
-26079,736,53675
-26095,724,53709
-26094,725,53707
-26093,726,53705
-26092,727,53703
-26091,728,53701
-26090,728,53699
-26089,729,53697
-26088,730,53695
-26087,731,53693
-26086,732,53691
-26085,733,53689
-26084,734,53687
-26118,689,53759
-26117,690,53757
-26113,693,53749
-26109,695,53741
-26121,687,53766
-26120,687,53764
-26119,688,53762
-26116,691,53756
-26115,691,53754
-26114,692,53752
-26113,693,53750
-26111,694,53746
-26122,685,53769
-26121,686,53767
-26118,689,53761
-26141,653,53810
-26139,654,53806
-26148,648,53825
-26146,649,53821
-26144,651,53817
-26143,652,53815
-26142,652,53813
-26149,647,53828
-26148,647,53826
-26147,648,53824
-26146,649,53822
-26145,650,53820
-26144,651,53818
-26142,652,53814
-26149,646,53829
-26172,611,53878
-26169,613,53872
-26177,607,53889
-26176,608,53887
-26175,609,53885
-26174,609,53883
-26173,610,53881
-26171,612,53877
-26171,612,53877
-26170,612,53875
-26176,607,53888
-26175,608,53886
-26174,609,53884
-26173,610,53882
-26172,611,53880
-26200,571,53939
-26199,572,53937
-26204,568,53948
-26203,569,53946
-26202,570,53944
-26201,571,53942
-26201,570,53942
-26204,568,53949
-26203,568,53947
-26203,569,53947
-26202,569,53945
-26202,570,53945
-26201,570,53943
-26200,571,53941
-26200,571,53941
-26231,529,54007
-26231,529,54007
-26230,530,54005
-26230,530,54005
-26231,529,54008
-26231,529,54008
-26231,529,54008
-26230,530,54006
-26230,530,54006
-26230,530,54006
-26229,530,54004
-26229,531,54004
-26230,529,54007
-26229,530,54005
-26228,531,54003
-26258,490,54068
-26258,490,54068
-26258,490,54068
-26258,490,54068
-26258,490,54068
-26258,490,54068
-26258,490,54068
-26258,490,54068
-26258,490,54068
-26258,490,54068
-26258,490,54068
-26258,490,54068
-26258,490,54068
-26258,490,54068
-26258,490,54068
-23509,389,46825
-23533,363,46924
-23496,222,46935
-23461,157,46890
-23491,143,46984
-23456,78,46942
-23488,73,47032
-22600,305,46066
-22608,251,46094
-22611,231,46109
-22618,195,46124
-22619,183,46136
-22636,81,46195
-22646,24,46225
-22646,23,46229
13978,-28,-154206
13977,-59,-154211
13976,-88,-154215
13975,-113,-154219
13974,-136,-154223
