-25932,-3,53349
-25934,-1,53353
-25936,0,53357
-25924,-11,53332
-25926,-9,53336
-25928,-7,53340
-25930,-5,53344
-25916,-18,53315
-25918,-16,53319
-25920,-14,53323
-25922,-12,53327
-25910,-23,53302
-25912,-22,53306
-25914,-20,53310
-25904,-29,53289
-25906,-27,53293
-25908,-25,53297
-25915,-32,53311
-25900,-33,53280
-25902,-31,53284
-25904,-42,53288
-25911,-36,53302
-25913,-34,53306
-25900,-46,53279
-25902,-44,53283
-25887,-58,53252
-25907,-40,53293
-25909,-38,53297
-25896,-50,53270
-25898,-48,53274
-25885,-60,53247
-25892,-54,53261
-25892,-67,53261
-25894,-52,53265
-25881,-64,53238
-25883,-62,53242
-25885,-74,53246
-25890,-56,53256
-25890,-69,53256
-25879,-66,53233
-25883,-76,53241
-25888,-72,53251
-25875,-70,53224
-25876,-82,53226
-25877,-68,53228
-25881,-78,53236
-25867,-91,53207
-25872,-86,53217
-25874,-84,53221
-25860,-97,53192
-25879,-80,53231
-25864,-107,53200
-25865,-93,53202
-25869,-102,53210
-25870,-88,53212
-25858,-99,53187
-25863,-95,53197
-25867,-104,53205
-25851,-105,53172
-25852,-118,53174
-25856,-101,53182
-25857,-113,53184
-25862,-109,53194
-25849,-108,53167
-25850,-120,53169
-25854,-103,53177
-25855,-116,53179
-25840,-129,53148
-25860,-111,53189
-25845,-125,53158
-25846,-137,53160
-25838,-131,53143
-25841,-142,53149
-25843,-127,53153
-25828,-140,53122
-25848,-122,53163
-25833,-136,53132
-25823,-145,53111
-25844,-140,53154
-25831,-151,53127
-25831,-138,53127
-25836,-147,53137
-25836,-134,53137
-25839,-144,53143
-25823,-158,53110
-25826,-156,53116
-25826,-143,53116
-25834,-149,53132
-25829,-154,53121
-25818,-163,53099
-25821,-161,53105
-25813,-168,53088
-25815,-180,53092
-25816,-166,53094
-25808,-173,53077
-25811,-170,53083
-25800,-180,53060
-25818,-177,53097
-25803,-178,53066
-25821,-175,53103
-25806,-175,53072
-25824,-172,53109
-25807,-187,53074
-25810,-185,53080
-25813,-182,53086
-25798,-182,53055
-25799,-195,53057
-25802,-192,53063
-25791,-202,53040
-25805,-190,53068
-25794,-200,53045
-25797,-197,53051
-25780,-212,53016
-25783,-210,53022
-25801,-207,53059
-25786,-220,53028
-25786,-207,53028
-25789,-217,53034
-25789,-205,53034
-25792,-215,53040
-25795,-212,53046
-25798,-210,53052
-25772,-220,52998
-25772,-233,52998
-25775,-217,53004
-25775,-231,53004
-25778,-215,53010
-25778,-228,53010
-25781,-225,53016
-25784,-223,53022
-25752,-252,52955
-25770,-236,52992
-25755,-249,52961
-25775,-245,53002
-25758,-246,52967
-25778,-242,53008
-25761,-244,52973
-25764,-241,52979
-25767,-238,52985
-25769,-250,52989
-25772,-247,52995
-25760,-258,52970
-25763,-256,52976
-25766,-253,52982
-25754,-264,52957
-25757,-261,52963
-25745,-272,52938
-25747,-257,52942
-25748,-269,52944
-25750,-254,52948
-25751,-267,52950
-25755,-277,52958
-25742,-275,52931
-25739,-278,52925
-25742,-288,52931
-25730,-286,52906
-25733,-283,52912
-25752,-280,52951
-25736,-280,52918
-25739,-291,52924
-25727,-289,52899
-25749,-282,52944
-25733,-297,52911
-25736,-294,52917
-25721,-295,52886
-25724,-292,52892
-25746,-285,52937
-25730,-300,52904
-25724,-306,52891
-25725,-318,52893
-25727,-303,52897
-25711,-317,52864
-25714,-314,52870
-25732,-311,52907
-25721,-309,52884
-25722,-321,52886
-25708,-320,52857
-25729,-315,52900
-25712,-330,52865
-25695,-332,52830
-25718,-311,52877
-25719,-324,52879
-25705,-323,52850
-25709,-333,52858
-25716,-327,52872
-25699,-342,52837
-25702,-326,52843
-25706,-336,52851
-25709,-346,52857
-25696,-345,52830
-25699,-329,52836
-25702,-353,52842
-25703,-339,52844
-25686,-354,52809
-25693,-348,52823
-25699,-356,52835
-25683,-357,52802
-25706,-350,52849
-25690,-351,52816
-25695,-359,52827
-25692,-362,52820
-25680,-360,52795
-25685,-369,52805
-25689,-365,52813
-25673,-366,52780
-25677,-363,52788
-25682,-372,52798
-25668,-384,52769
-25686,-381,52806
-25670,-369,52773
-25675,-378,52783
-25679,-375,52791
-25679,-388,52791
-25683,-385,52799
-25665,-387,52762
-25668,-398,52768
-25672,-395,52776
-25672,-381,52776
-25658,-394,52747
-25661,-404,52753
-25651,-400,52732
-25654,-411,52738
-25676,-391,52783
-25662,-391,52754
-25644,-407,52717
-25663,-416,52756
-25665,-401,52760
-25655,-397,52739
-25658,-408,52745
-25647,-417,52722
-25648,-403,52724
-25651,-414,52730
-25656,-423,52740
-25660,-420,52748
-25644,-421,52715
-25652,-426,52732
-25640,-424,52707
-25633,-431,52692
-25641,-437,52708
-25645,-433,52716
-25649,-430,52724
-25637,-427,52699
-25622,-441,52668
-25626,-437,52676
-25630,-447,52684
-25630,-434,52684
-25634,-444,52692
-25619,-444,52661
-25638,-440,52700
-25615,-461,52653
-25619,-457,52661
-25633,-458,52689
-25617,-472,52656
-25637,-455,52697
-25621,-469,52664
-25604,-471,52629
-25641,-451,52705
-25623,-454,52668
-25625,-465,52672
-25608,-468,52637
-25627,-450,52676
-25629,-462,52680
-25612,-464,52645
-25601,-474,52621
-25610,-480,52639
-25614,-476,52647
-25597,-478,52612
-25598,-490,52615
-25602,-487,52623
-25606,-483,52631
-25593,-482,52604
-25618,-486,52655
-25610,-493,52638
-25614,-490,52646
-25583,-504,52582
-25587,-501,52590
-25606,-497,52629
-25591,-497,52598
-25575,-512,52565
-25595,-494,52606
-25579,-508,52573
-25598,-504,52612
-25602,-501,52620
-25567,-519,52548
-25571,-515,52556
-25590,-512,52595
-25594,-508,52603
-25582,-519,52578
-25586,-528,52586
-25586,-515,52586
-25574,-526,52561
-25595,-521,52604
-25578,-523,52569
-25570,-530,52552
-25591,-525,52595
-25582,-532,52578
-25578,-536,52569
-25566,-534,52544
-25574,-540,52560
-25558,-541,52527
-25562,-538,52535
-25570,-544,52551
-25554,-545,52518
-25566,-548,52542
-25550,-549,52509
-25572,-556,52554
-25558,-555,52525
-25542,-556,52492
-25562,-551,52533
-25563,-564,52535
-25545,-567,52498
-25546,-553,52500
-25568,-560,52545
-25554,-559,52516
-25559,-568,52526
-25541,-570,52489
-25550,-563,52507
-25555,-572,52517
-25537,-574,52480
-25551,-575,52508
-25546,-579,52499
-25542,-583,52490
-25529,-582,52463
-25533,-578,52471
-25525,-586,52454
-25529,-595,52462
-25549,-591,52503
-25516,-594,52435
-25538,-587,52480
-25521,-590,52445
-25540,-599,52484
-25525,-599,52453
-25545,-595,52494
-25512,-611,52426
-25531,-607,52465
-25534,-591,52471
-25536,-603,52475
-25521,-603,52444
-25527,-611,52456
-25517,-607,52435
-25508,-615,52416
-25523,-615,52446
-25499,-623,52398
-25518,-619,52437
-25526,-625,52453
-25509,-627,52418
-25495,-627,52389
-25514,-623,52428
-25504,-619,52407
-25505,-631,52409
-25512,-638,52423
-25496,-640,52390
-25517,-634,52433
-25503,-647,52404
-25522,-630,52443
-25487,-648,52371
-25508,-642,52414
-25491,-631,52379
-25501,-635,52399
-25492,-644,52380
-25494,-655,52384
-25499,-651,52394
-25483,-652,52361
-25479,-656,52352
-25498,-665,52392
-25503,-660,52402
-25485,-663,52365
-25490,-659,52375
-25474,-660,52342
-25465,-668,52323
-25484,-678,52362
-25470,-664,52333
-25489,-673,52372
-25494,-669,52382
-25476,-672,52345
-25481,-668,52355
-25467,-680,52326
-25470,-691,52332
-25472,-676,52336
-25475,-686,52342
-25480,-682,52352
-25480,-695,52352
-25453,-693,52296
-25458,-689,52306
-25463,-684,52316
-25466,-695,52322
-25456,-704,52302
-25475,-700,52341
-25461,-699,52312
-25444,-702,52277
-25449,-697,52287
-25447,-712,52282
-25466,-709,52321
-25452,-708,52292
-25471,-704,52331
-25456,-718,52300
-25442,-717,52271
-25461,-713,52310
-25451,-722,52289
-25457,-730,52301
-25440,-706,52266
-25428,-730,52241
-25433,-726,52251
-25438,-721,52261
-25442,-731,52269
-25447,-727,52279
-25452,-735,52291
-25447,-739,52280
-25442,-744,52269
-25427,-744,52238
-25432,-740,52248
-25437,-749,52258
-25437,-735,52258
-25419,-739,52221
-25424,-734,52231
-25414,-743,52210
-25413,-758,52207
-25433,-753,52248
-25418,-753,52217
-25423,-749,52227
-25408,-762,52196
-25428,-758,52237
-25423,-762,52226
-25403,-767,52186
-25393,-776,52165
-25435,-765,52251
-25398,-771,52175
-25418,-767,52216
-25424,-775,52228
-25388,-781,52154
-25408,-776,52195
-25430,-770,52240
-25413,-772,52205
-25419,-780,52217
-25403,-781,52184
-25393,-790,52163
-25414,-785,52206
-25398,-785,52173
-25404,-794,52185
-25388,-795,52152
-25409,-789,52195
-25399,-799,52174
-25383,-799,52141
-25394,-804,52163
-25378,-804,52130
-25368,-813,52109
-25389,-808,52152
-25373,-809,52119
-25363,-818,52098
-25384,-813,52141
-25368,-827,52108
-25379,-818,52130
-25374,-823,52119
-25413,-805,52198
-25363,-832,52097
-25402,-815,52175
-25408,-810,52187
-25358,-837,52086
-25397,-820,52164
-25353,-842,52075
-25392,-825,52153
-25337,-856,52041
-25348,-846,52063
-25343,-851,52052
-25381,-834,52130
-25387,-830,52142
-25376,-839,52119
-25371,-844,52108
-25366,-849,52097
-25361,-854,52085
-25355,-859,52074
-25350,-864,52063
-25334,-878,52029
-25345,-869,52051
-25340,-873,52040
-25329,-883,52017
-25392,-849,52144
-25387,-854,52132
-25376,-864,52109
-25365,-874,52086
-25382,-859,52120
-25371,-869,52097
-25360,-879,52074
-25355,-884,52062
-25318,-893,51994
-25324,-888,52006
-25313,-898,51983
-25349,-889,52051
-25344,-894,52039
-25333,-905,52016
-25339,-900,52028
-25328,-910,52004
-25317,-920,51981
-25323,-915,51993
-25306,-932,51957
-25312,-925,51969
-25301,-940,51944
-25373,-900,52086
-25296,-948,51931
-25362,-910,52062
-25368,-905,52074
-25290,-955,51918
-25357,-916,52050
-25351,-924,52037
-25346,-932,52024
-25341,-939,52011
-25335,-947,51998
-25330,-955,51984
-25325,-963,51971
-25319,-971,51958
-25314,-979,51945
-25308,-987,51932
-25303,-995,51919
-25298,-1002,51906
-25292,-1010,51892
-25287,-1018,51879
-25281,-1026,51866
-25357,-981,52015
-25276,-1034,51852
-25352,-989,52001
-25270,-1043,51839
-25346,-997,51987
-25341,-1006,51974
-25335,-1014,51960
-25330,-1022,51947
-25324,-1030,51933
-25319,-1038,51920
-25313,-1046,51907
-25308,-1054,51893
-25302,-1062,51880
-25297,-1070,51866
-25291,-1078,51853
-25285,-1087,51839
-25280,-1095,51826
-25274,-1103,51812
-25269,-1111,51798
-25263,-1119,51785
-25258,-1128,51771
-25252,-1137,51757
-25343,-1076,51937
-25337,-1084,51923
-25332,-1093,51909
-25326,-1101,51895
-25320,-1110,51881
-25315,-1118,51867
-25309,-1126,51853
-25303,-1134,51839
-25298,-1143,51826
-25292,-1151,51812
-25286,-1162,51797
-25281,-1173,51782
-25275,-1184,51766
-25269,-1195,51751
-25263,-1207,51736
-25258,-1218,51720
-25252,-1229,51705
-25330,-1176,51856
-25246,-1241,51689
-25324,-1188,51840
-25240,-1252,51674
-25318,-1200,51824
-25235,-1264,51658
-25312,-1211,51808
-25307,-1223,51792
-25301,-1234,51777
-25295,-1245,51761
-25289,-1257,51746
-25283,-1268,51730
-25277,-1280,51714
-25272,-1291,51699
-25266,-1303,51683
-25260,-1314,51668
-25318,-1308,51759
-25312,-1320,51742
-25254,-1325,51652
-25248,-1337,51636
-25242,-1349,51620
-25236,-1360,51605
-25230,-1372,51589
-25224,-1384,51573
-25218,-1395,51556
-25306,-1331,51726
-25300,-1343,51710
-25294,-1355,51694
-25288,-1367,51678
-25282,-1378,51662
-25276,-1390,51646
-25270,-1402,51630
-25264,-1413,51614
-25258,-1425,51598
-25252,-1437,51582
-25246,-1448,51566
-25240,-1460,51550
-25234,-1472,51534
-25228,-1484,51518
-25222,-1497,51501
-25216,-1512,51483
-25308,-1443,51659
-25209,-1527,51465
-25301,-1455,51643
-25295,-1467,51626
-25203,-1542,51446
-25289,-1479,51610
-25283,-1491,51593
-25277,-1503,51577
-25271,-1515,51561
-25264,-1527,51544
-25258,-1539,51528
-25252,-1553,51510
-25246,-1568,51492
-25239,-1583,51474
-25233,-1598,51456
-25226,-1614,51438
-25220,-1629,51419
-25213,-1644,51401
-25298,-1582,51557
-25207,-1659,51383
-25292,-1594,51541
-25200,-1674,51364
-25285,-1610,51522
-25194,-1690,51346
-25279,-1625,51503
-25187,-1705,51327
-25272,-1640,51485
-25265,-1656,51466
-25259,-1671,51448
-25252,-1686,51429
-25246,-1702,51411
-25239,-1717,51393
-25232,-1732,51374
-25226,-1747,51356
-25219,-1763,51337
-25288,-1743,51443
-25281,-1758,51424
-25213,-1778,51319
-25206,-1794,51300
-25200,-1809,51281
-25193,-1825,51263
-25186,-1840,51244
-25179,-1856,51225
-25275,-1774,51405
-25268,-1790,51386
-25173,-1872,51206
-25261,-1806,51367
-25254,-1821,51348
-25247,-1837,51329
-25241,-1852,51311
-25234,-1868,51292
-25227,-1883,51273
-25221,-1899,51254
-25214,-1915,51235
-25207,-1930,51216
-25200,-1946,51197
-25193,-1962,51178
-25187,-1977,51159
-25180,-1994,51140
-25279,-1910,51325
-25172,-2013,51118
-25272,-1926,51305
-25265,-1942,51286
-25165,-2032,51097
-25258,-1958,51267
-25157,-2052,51075
-25251,-1974,51247
-25244,-1989,51228
-25237,-2005,51209
-25230,-2021,51190
-25223,-2037,51171
-25216,-2053,51151
-25210,-2069,51132
-25202,-2088,51111
-25195,-2107,51089
-25187,-2126,51068
-25179,-2145,51047
-25172,-2165,51025
-25164,-2184,51003
-25272,-2088,51201
-25265,-2105,51181
-25258,-2123,51161
-25252,-2140,51141
-25245,-2157,51120
-25237,-2177,51099
-25230,-2197,51077
-25157,-2204,50982
-25149,-2223,50960
-25141,-2243,50938
-25223,-2218,51055
-25215,-2239,51032
-25208,-2260,51010
-25200,-2281,50988
-25193,-2302,50965
-25186,-2323,50943
-25178,-2344,50921
-25171,-2365,50898
-25163,-2386,50875
-25156,-2408,50852
-25148,-2430,50830
-25141,-2451,50807
-25278,-2329,51050
-25133,-2473,50783
-25270,-2352,51027
-25263,-2375,51003
-25256,-2397,50980
-25248,-2420,50956
-25241,-2443,50933
-25234,-2466,50910
-25226,-2488,50886
-25219,-2511,50863
-25212,-2534,50840
-25205,-2557,50816
-25197,-2579,50793
-25190,-2602,50769
-25183,-2625,50746
-25296,-2655,50859
-25176,-2649,50722
-25168,-2672,50698
-25161,-2695,50675
-25154,-2719,50651
-25146,-2743,50626
-25138,-2770,50599
-25288,-2681,50834
-25281,-2707,50809
-25274,-2733,50783
-25267,-2759,50758
-25260,-2785,50734
-25253,-2811,50709
-25246,-2836,50684
-25239,-2862,50659
-25233,-2888,50634
-25226,-2913,50609
-25219,-2939,50584
-25212,-2965,50559
-25205,-2991,50534
-25197,-3019,50508
-25189,-3048,50480
-25181,-3077,50452
-25325,-3039,50642
-25318,-3066,50616
-25310,-3092,50590
-25173,-3107,50424
-25165,-3137,50396
-25156,-3167,50368
-25303,-3119,50565
-25296,-3145,50540
-25289,-3171,50514
-25282,-3197,50489
-25274,-3224,50464
-25267,-3250,50438
-25260,-3276,50413
-25252,-3305,50385
-25244,-3335,50357
-25236,-3364,50329
-25228,-3394,50301
-25219,-3424,50273
-25211,-3453,50245
-25203,-3483,50217
-25195,-3514,50188
-25355,-3425,50423
-25347,-3452,50397
-25340,-3479,50371
-25333,-3506,50345
-25325,-3533,50319
-25186,-3544,50160
-25178,-3574,50131
-25318,-3560,50293
-25309,-3590,50264
-25301,-3620,50236
-25293,-3650,50208
-25284,-3680,50179
-25276,-3710,50151
-25267,-3740,50123
-25259,-3770,50094
-25251,-3800,50066
-25242,-3830,50037
-25234,-3861,50008
-25225,-3891,49980
-25216,-3925,49948
-25206,-3961,49914
-25386,-3812,50203
-25378,-3841,50176
-25369,-3872,50147
-25360,-3902,50118
-25352,-3933,50089
-25343,-3964,50060
-25335,-3994,50031
-25196,-3997,49880
-25326,-4025,50002
-25317,-4055,49973
-25309,-4085,49945
-25300,-4116,49916
-25292,-4147,49886
-25282,-4180,49855
-25273,-4214,49823
-25263,-4250,49789
-25252,-4286,49755
-25242,-4323,49721
-25232,-4359,49687
-25414,-4212,49973
-25222,-4396,49653
-25405,-4244,49943
-25211,-4433,49619
-25396,-4275,49914
-25387,-4306,49884
-25378,-4337,49855
-25369,-4368,49825
-25360,-4400,49795
-25351,-4434,49764
-25342,-4467,49733
-25332,-4502,49700
-25321,-4538,49666
-25311,-4575,49632
-25301,-4611,49598
-25290,-4647,49564
-25280,-4684,49529
-25269,-4721,49495
-25259,-4758,49460
-25441,-4615,49740
-25249,-4795,49426
-25432,-4648,49709
-25238,-4832,49391
-25422,-4683,49677
-25227,-4869,49356
-25413,-4717,49645
-25403,-4751,49613
-25393,-4786,49579
-25382,-4823,49545
-25372,-4860,49510
-25361,-4897,49476
-25351,-4934,49441
-25340,-4971,49407
-25330,-5008,49372
-25319,-5044,49338
-25308,-5082,49303
-25298,-5119,49268
-25287,-5156,49233
-25467,-5030,49497
-25276,-5194,49198
-25457,-5066,49463
-25266,-5231,49163
-25446,-5104,49428
-25254,-5272,49125
-25435,-5141,49392
-25242,-5312,49086
-25424,-5179,49357
-25414,-5217,49322
-25403,-5254,49287
-25392,-5292,49252
-25381,-5329,49217
-25370,-5366,49182
-25360,-5404,49147
-25349,-5441,49112
-25338,-5479,49077
-25327,-5517,49041
-25315,-5557,49003
-25303,-5597,48965
-25491,-5456,49243
-25291,-5638,48927
-25479,-5495,49207
-25279,-5679,48889
-25468,-5533,49171
-25267,-5720,48850
-25457,-5571,49135
-25255,-5761,48811
-25446,-5610,49099
-25435,-5648,49064
-25424,-5686,49028
-25413,-5724,48992
-25402,-5762,48957
-25390,-5800,48921
-25379,-5840,48884
-25513,-5885,48986
-25366,-5881,48845
-25354,-5922,48807
-25342,-5962,48769
-25330,-6003,48730
-25318,-6045,48691
-25502,-5924,48950
-25306,-6086,48652
-25490,-5963,48913
-25293,-6127,48613
-25479,-6002,48877
-25281,-6169,48574
-25468,-6041,48840
-25268,-6211,48535
-25456,-6080,48804
-25444,-6120,48767
-25432,-6161,48728
-25420,-6203,48689
-25407,-6244,48650
-25395,-6285,48612
-25383,-6326,48573
-25537,-6315,48729
-25525,-6354,48691
-25370,-6368,48534
-25358,-6409,48495
-25345,-6451,48456
-25333,-6492,48416
-25320,-6534,48377
-25513,-6395,48654
-25308,-6577,48337
-25500,-6437,48614
-25295,-6619,48297
-25488,-6479,48575
-25475,-6521,48535
-25282,-6664,48254
-25462,-6563,48496
-25450,-6605,48457
-25437,-6647,48417
-25424,-6688,48378
-25412,-6730,48339
-25399,-6772,48299
-25559,-6749,48466
-25546,-6792,48425
-25533,-6835,48385
-25387,-6814,48260
-25374,-6856,48220
-25361,-6900,48179
-25348,-6944,48137
-25333,-6990,48092
-25520,-6878,48344
-25319,-7037,48047
-25507,-6921,48304
-25304,-7084,48002
-25494,-6964,48264
-25290,-7131,47957
-25481,-7006,48224
-25468,-7049,48184
-25455,-7091,48145
-25442,-7134,48104
-25429,-7178,48062
-25415,-7223,48020
-25401,-7269,47976
-25582,-7199,48193
-25568,-7244,48151
-25555,-7288,48110
-25387,-7315,47931
-25372,-7362,47886
-25357,-7409,47841
-25343,-7456,47796
-25542,-7332,48069
-25328,-7503,47750
-25529,-7375,48028
-25313,-7551,47704
-25515,-7420,47986
-25502,-7466,47943
-25298,-7599,47658
-25488,-7511,47901
-25474,-7557,47857
-25460,-7605,47812
-25445,-7652,47766
-25430,-7700,47721
-25416,-7748,47675
-25614,-7688,47903
-25600,-7735,47859
-25586,-7782,47815
-25401,-7795,47629
-25386,-7843,47583
-25372,-7892,47537
-25357,-7940,47491
-25572,-7829,47771
-25341,-7990,47443
-25558,-7876,47727
-25324,-8044,47393
-25544,-7924,47682
-25301,-8107,47335
-25529,-7973,47635
-25514,-8021,47589
-25499,-8070,47543
-25484,-8119,47496
-25470,-8168,47450
-25455,-8217,47404
-25653,-8220,47589
-25639,-8268,47544
-25624,-8319,47496
-25440,-8266,47357
-25425,-8315,47310
-25410,-8366,47262
-25393,-8420,47212
-25374,-8477,47159
-25608,-8369,47449
-25350,-8544,47098
-25593,-8419,47401
-25317,-8621,47029
-25578,-8469,47354
-25563,-8519,47307
-25548,-8569,47260
-25533,-8618,47213
-25518,-8668,47166
-25503,-8718,47119
-25487,-8770,47070
-25698,-8791,47253
-25683,-8843,47204
-25276,-8710,46949
-25470,-8825,47019
-25452,-8883,46965
-25432,-8944,46909
-25407,-9014,46846
-25667,-8895,47156
-25372,-9095,46772
-25652,-8947,47107
-25331,-9187,46690
-25637,-8998,47059
-25621,-9050,47010
-25606,-9102,46962
-25591,-9154,46914
-25575,-9208,46864
-25558,-9266,46811
-25281,-9289,46600
-25224,-9401,46500
-25540,-9327,46756
-25521,-9391,46698
-25500,-9461,46636
-25474,-9539,46567
-25757,-9433,46883
-25440,-9630,46488
-25742,-9490,46832
-25399,-9733,46401
-25727,-9548,46780
-25713,-9606,46728
-25698,-9665,46677
-25683,-9727,46623
-25666,-9793,46566
-25350,-9848,46303
-25291,-9980,46193
-25202,-10158,46043
-25649,-9863,46507
-25631,-9938,46444
-25610,-10020,46376
-25589,-10107,46304
-25564,-10201,46227
-25531,-10308,46140
-25840,-10206,46453
-25826,-10276,46396
-25811,-10349,46337
-25086,-10371,45864
-25491,-10428,46044
-25442,-10561,45937
-25796,-10427,46275
-25378,-10720,45810
-25779,-10510,46209
-25761,-10598,46140
-25742,-10693,46066
-25721,-10792,45988
-25699,-10896,45907
-25288,-10918,45650
-25174,-11146,45463
-25675,-11007,45822
-25643,-11128,45728
-25604,-11264,45624
-25945,-11163,45938
-25929,-11258,45866
-25912,-11359,45791
-25893,-11465,45711
-25051,-11388,45266
-25553,-11418,45504
-25486,-11598,45364
-25398,-11810,45196
-25873,-11576,45628
-25852,-11692,45541
-25829,-11812,45451
-25805,-11938,45358
-24920,-11642,45059
-25285,-12053,45003
-25775,-12075,45257
-25735,-12228,45142
-25683,-12402,45011
-26064,-12323,45318
-26044,-12446,45228
-26023,-12574,45135
-25163,-12310,44798
-25033,-12580,44583
-25615,-12600,44860
-25529,-12826,44686
-26001,-12706,45040
-25978,-12844,44941
-25954,-12985,44839
-25925,-13137,44729
-24895,-12862,44357
-24748,-13156,44121
-25419,-13082,44486
-25297,-13354,44273
-25885,-13308,44604
-25832,-13499,44463
-26191,-13674,44594
-26169,-13823,44489
-25168,-13638,44051
-25765,-13713,44303
-25680,-13952,44123
-26145,-13977,44381
-26120,-14135,44269
-26091,-14303,44149
-25030,-13935,43816
-24883,-14246,43569
-25574,-14219,43919
-25453,-14506,43696
-26051,-14490,44016
-25999,-14696,43866
-25932,-14923,43699
-26328,-15198,43776
-24728,-14569,43310
-25324,-14805,43464
-25186,-15117,43220
-25849,-15175,43511
-25747,-15452,43301
-26301,-15374,43654
-26271,-15559,43524
-26233,-15759,43383
-24566,-14903,43043
-25040,-15442,42965
-25627,-15752,43072
-26181,-15979,43224
-26116,-16220,43049
-24886,-15777,42701
-25498,-16066,42830
-25361,-16392,42578
-26036,-16482,42855
-25938,-16768,42642
-26465,-16891,42858
-26427,-17105,42707
-24725,-16122,42429
-24561,-16474,42151
-25216,-16729,42317
-25820,-17081,42405
-26378,-17336,42542
-26315,-17588,42361
-24395,-16831,41871
-25064,-17075,42048
-24905,-17431,41771
-25692,-17407,42156
-25555,-17746,41897
-26238,-17861,42162
-26144,-18157,41943
-24741,-17795,41487
-25412,-18093,41631
-26031,-18476,41703
-25903,-18815,41447
-26589,-18755,41826
-26529,-19016,41640
-24575,-18163,41201
-25261,-18449,41357
-25104,-18815,41076
-25768,-19163,41183
-26454,-19298,41436
-26364,-19602,41213
-24409,-18536,40912
-24241,-18912,40620
-24940,-19190,40786
-25626,-19521,40912
-25477,-19887,40633
-26257,-19928,40971
-26132,-20276,40711
-26683,-20783,40682
-24774,-19570,40493
-25321,-20263,40347
-25998,-20635,40441
-26597,-21094,40456
-26495,-21427,40211
-24607,-19953,40198
-24439,-20342,39899
-25159,-20648,40052
-25857,-21002,40164
-25710,-21379,39880
-26377,-21780,39950
-24271,-20734,39598
-24991,-21040,39752
-24823,-21435,39450
-25556,-21764,39589
-26244,-22149,39675
-26105,-22526,39393
-26746,-22962,39429
-24101,-21131,39294
-24655,-21834,39145
-25394,-22159,39290
-25227,-22562,38983
-25959,-22913,39103
-26634,-23319,39167
-26506,-23694,38889
-24486,-22237,38838
-24316,-22645,38529
-25057,-22969,38674
-25806,-23308,38807
-25646,-23711,38503
-26368,-24081,38602
-24145,-23057,38216
-24887,-23379,38362
-24717,-23793,38049
-25479,-24124,38191
-26223,-24476,38308
-26071,-24878,38008
-26775,-25229,38104
-26639,-25619,37814
-23973,-23474,37900
-24546,-24210,37733
-25308,-24543,37875
-25136,-24964,37556
-25912,-25289,37700
-25746,-25707,37385
-26495,-26018,37518
-24374,-24632,37415
-24201,-25058,37092
-24964,-25388,37236
-25573,-26133,37064
-26343,-26425,37215
-26185,-26839,36905
-26770,-27512,36746
-24026,-25489,36765
-24791,-25814,36914
-24617,-26244,36590
-25399,-26562,36740
-25224,-26993,36415
-26019,-27260,36588
-25847,-27689,36265
-26619,-27922,36441
-26462,-28338,36129
-23850,-25925,36435
-24442,-26678,36261
-25049,-27425,36088
-25669,-28124,35936
-26297,-28762,35811
-24266,-27116,35930
-24089,-27557,35597
-24872,-27861,35758
-24694,-28299,35426
-25491,-28560,35606
-25311,-28998,35274
-26124,-29193,35487
-25945,-29631,35155
-26741,-29779,35378
-26577,-30205,35058
-23911,-28002,35260
-24516,-28740,35092
-25131,-29437,34940
-25763,-30073,34819
-26405,-30638,34732
-26227,-31077,34400
-23732,-28451,34921
-24338,-29183,34756
-24158,-29629,34418
-24951,-29878,34605
-24771,-30321,34268
-25579,-30515,34482
-25396,-30958,34144
-26040,-31523,34059
-26686,-32000,34013
-26507,-32439,33679
-23977,-30079,34078
-24589,-30766,33931
-24407,-31213,33591
-25212,-31403,33805
-25028,-31849,33466
-25852,-31971,33717
-25665,-32419,33374
-26320,-32886,33338
-26127,-33337,32991
-23795,-30533,33735
-23612,-30990,33389
-24224,-31664,33249
-24844,-32296,33125
-25477,-32868,33031
-25290,-33317,32688
-25935,-33789,32644
-26605,-34186,32643
-26411,-34642,32293
-24040,-32118,32905
-23856,-32570,32558
-24659,-32746,32783
-24474,-33196,32439
-25102,-33768,32343
-24915,-34215,31998
-25743,-34241,32296
-25551,-34693,31949
-26214,-35101,31939
-26017,-35559,31586
-26506,-36364,31258
-23671,-33026,32208
-23484,-33486,31855
-24289,-33645,32093
-24103,-34097,31745
-24727,-34663,31652
-25359,-35141,31601
-25168,-35589,31253
-25822,-36012,31233
-25626,-36466,30880
-26305,-36825,30898
-23915,-34553,31394
-23727,-35012,31041
-24538,-35113,31304
-24349,-35564,30955
-24977,-36039,30904
-24785,-36490,30553
-25431,-36919,30527
-26104,-37285,30538
-25236,-37374,30173
-25904,-37745,30179
-26399,-38505,29869
-23537,-35475,30685
-23345,-35942,30325
-24159,-36017,30604
-23967,-36473,30251
-24593,-36944,30201
-24400,-37399,29848
-25040,-37829,29818
-25704,-38205,29821
-25504,-38665,29462
-26193,-38972,29503
-25988,-39439,29138
-23775,-36933,29896
-23581,-37396,29537
-24206,-37857,29493
-24844,-38286,29463
-24011,-38317,29135
-24648,-38744,29106
-25305,-39125,29102
-25105,-39586,28742
-25783,-39905,28773
-25579,-40371,28409
-26284,-40617,28483
-26073,-41090,28111
-23386,-37863,29176
-23190,-38335,28811
-23815,-38781,28776
-24452,-39205,28748
-23618,-39248,28412
-24254,-39667,28388
-24905,-40048,28382
-24705,-40511,28019
-25375,-40836,28044
-25170,-41303,27677
-25864,-41562,27740
-25654,-42034,27367
-26159,-42695,27098
-25944,-43174,26718
-23419,-39719,28043
-24055,-40132,28024
-23218,-40195,27677
-23856,-40600,27658
-24504,-40976,27654
-24302,-41443,27288
-24966,-41770,27309
-24761,-42238,26940
-25445,-42506,26995
-25235,-42978,26622
-25729,-43651,26340
-25515,-44128,25964
-26025,-44735,25716
-23015,-40674,27307
-23654,-41071,27293
-23450,-41545,26927
-24099,-41912,26924
-23894,-42383,26559
-24555,-42707,26576
-24348,-43178,26210
-25026,-43449,26253
-24816,-43921,25886
-25301,-44604,25594
-25086,-45080,25221
-25805,-45218,25339
-25586,-45699,24962
-23246,-42023,26557
-23040,-42504,26184
-23689,-42857,26191
-23482,-43334,25820
-24141,-43650,25842
-23933,-44125,25472
-24606,-44394,25516
-23723,-44602,25100
-24395,-44869,25145
-24183,-45344,24773
-24871,-45557,24847
-24656,-46034,24472
-25366,-46180,24583
-25146,-46661,24205
-25882,-46731,24361
-25656,-47218,23976
-25430,-47704,23592
-22832,-42990,25808
-23274,-43814,25447
-23065,-44298,25071
-22853,-44786,24691
-23513,-45081,24726
-23301,-45564,24349
-23970,-45822,24399
-23757,-46302,24023
-24440,-46512,24097
-24224,-46991,23720
-24926,-47142,23826
-24705,-47623,23446
-25205,-48189,23208
-25726,-48682,23011
-24980,-48674,22823
-25495,-49172,22621
-22640,-45278,24308
-23088,-46050,23970
-22873,-46540,23587
-23543,-46784,23645
-23327,-47269,23265
-24007,-47472,23342
-23790,-47954,22962
-24485,-48105,23066
-24264,-48587,22685
-24043,-49070,22302
-24755,-49159,22439
-25264,-49662,22231
-24530,-49644,22054
-25034,-50151,21842
-25560,-50584,21672
-24804,-50639,21453
-25324,-51078,21277
-22657,-47033,23201
-22439,-47529,22811
-23110,-47756,22882
-22892,-48247,22496
-23571,-48438,22580
-23352,-48925,22197
-23132,-49411,21810
-23821,-49555,21919
-23599,-50041,21533
-24304,-50129,21669
-24078,-50615,21282
-24573,-51127,21063
-23853,-51099,20894
-25088,-51570,20883
-24343,-51615,20673
-24852,-52062,20488
-25384,-52435,20346
-24617,-52551,20094
-25142,-52932,19946
-22674,-48737,22107
-22454,-49230,21714
-22231,-49728,21318
-22912,-49898,21421
-22690,-50388,21029
-23377,-50524,21146
-23154,-51009,20756
-23627,-51581,20505
-22929,-51497,20364
-24114,-52098,20282
-23401,-52066,20114
-23885,-52581,19891
-24384,-53037,19699
-23655,-53066,19497
-24902,-53424,19546
-24150,-53522,19304
-24663,-53913,19147
-25199,-54233,19032
-24424,-54402,18748
-24954,-54727,18627
-24709,-55220,18222
-25007,-55976,17729
-22466,-50882,20634
-22240,-51379,20235
-22703,-51987,19969
-23174,-52552,19721
-22476,-52481,19571
-22945,-53040,19326
-23424,-53551,19103
-23916,-54008,18908
-23192,-54039,18706
-23681,-54494,18511
-24185,-54890,18348
-23445,-54981,18113
-23946,-55378,17947
-24465,-55712,17817
-24221,-56204,17412
-24756,-56473,17319
-24506,-56970,16908
-24805,-57675,16436
-22012,-51881,19832
-22246,-52978,19169
-22715,-53531,18928
-22015,-53478,18764
-22484,-54024,18527
-22959,-54527,18308
-22251,-54520,18124
-22725,-55018,17907
-23209,-55470,17713
-22490,-55511,17505
-23706,-55867,17546
-22972,-55959,17311
-23466,-56356,17144
-23976,-56695,17007
-23226,-56845,16740
-23732,-57186,16602
-24257,-57465,16499
-23487,-57676,16196
-24007,-57959,16089
-24549,-58176,16021
-23758,-58452,15679
-24295,-58674,15606
-24040,-59172,15191
-24595,-59332,15154
-24334,-59835,14734
-21781,-53983,18356
-22015,-55019,17717
-21777,-55521,17304
-22252,-56006,17097
-21537,-56028,16887
-22734,-56450,16908
-22012,-56504,16686
-22494,-56943,16500
-22984,-57336,16335
-22252,-57438,16089
-22741,-57827,15926
-23242,-58168,15788
-22496,-58321,15514
-22995,-58660,15376
-23508,-58946,15267
-22747,-59153,14963
-23257,-59440,14852
-23785,-59669,14775
-23529,-60166,14356
-24073,-60337,14312
-23812,-60838,13888
-24375,-60948,13880
-23551,-61338,13465
-24108,-61455,13451
-23841,-61960,13022
-24146,-62528,12608
-21771,-57005,16271
-21527,-57510,15852
-22008,-57935,15675
-21281,-58018,15430
-21763,-58435,15258
-22250,-58816,15100
-21516,-58938,14837
-22003,-59313,14683
-22498,-59647,14548
-23005,-59934,14437
-22248,-60143,14131
-22753,-60428,14020
-23273,-60663,13937
-22499,-60924,13602
-23016,-61159,13517
-22759,-61655,13097
-23290,-61838,13041
-23029,-62336,12617
-23575,-62464,12593
-23309,-62967,12165
-23874,-63037,12174
-23602,-63545,11740
-23910,-64071,11344
-23331,-64051,11307
-23633,-64583,10905
-23692,-64761,10601
-21267,-59444,14414
-21754,-59812,14264
-21015,-59954,13987
-21503,-60314,13843
-21996,-60640,13712
-21251,-60818,13418
-21744,-61138,13291
-22245,-61420,13182
-21490,-61639,12867
-21990,-61917,12760
-22502,-62152,12675
-21734,-62415,12337
-22244,-62649,12252
-22767,-62835,12192
-21985,-63146,11828
-22506,-63332,11768
-23043,-63468,11736
-22244,-63830,11342
-22777,-63968,11308
-22511,-64468,10879
-23060,-64555,10874
-22790,-65058,10441
-23357,-65090,10468
-23417,-65269,10165
-23081,-65591,10033
-23475,-65458,9849
-23142,-65768,9733
-22805,-66090,9599
-23201,-65957,9417
-22868,-66264,9302
-23256,-66158,9078
-22928,-66451,8986
-22984,-66651,8649
-23037,-66864,8293
-20997,-61325,12990
-20740,-61835,12558
-21234,-62142,12441
-20977,-62646,12012
-21477,-62915,11911
-20718,-63152,11580
-21218,-63415,11484
-21725,-63644,11402
-20958,-63917,11054
-21465,-64142,10975
-21981,-64328,10915
-21203,-64641,10546
-21718,-64825,10487
-22245,-64966,10450
-21454,-65323,10058
-21979,-65464,10021
-22520,-65559,10009
-21712,-65963,9590
-22249,-66056,9578
-21978,-66550,9148
-22530,-66588,9166
-22594,-66759,8871
-22255,-67084,8732
-22655,-66944,8556
-22321,-67253,8440
-21980,-67580,8298
-22712,-67141,8221
-22382,-67434,8126
-22048,-67745,8009
-22765,-67352,7864
-22441,-67630,7793
-22110,-67923,7696
-22815,-67578,7486
-22494,-67838,7436
-22169,-68116,7363
-22545,-68062,7059
-22223,-68322,7008
-22594,-68302,6662
-22275,-68545,6633
-20457,-63661,11146
-20697,-64421,10622
-20433,-64928,10186
-20940,-65142,10115
-20167,-65437,9748
-20675,-65645,9682
-21188,-65822,9627
-20409,-66149,9245
-20922,-66322,9194
-21444,-66461,9158
-20654,-66823,8759
-21175,-66957,8726
-21707,-67043,8717
-20905,-67451,8294
-21435,-67536,8285
-21163,-68029,7852
-21705,-68075,7864
-21774,-68236,7576
-21430,-68569,7429
-21838,-68411,7267
-21500,-68726,7143
-21154,-69063,6993
-21897,-68600,6934
-21566,-68898,6836
-21226,-69216,6709
-21953,-68804,6581
-21626,-69083,6504
-21293,-69383,6403
-22326,-68783,6238
-22007,-69025,6208
-21683,-69285,6153
-21355,-69565,6074
-22375,-69038,5822
-22058,-69262,5814
-21738,-69503,5783
-21414,-69764,5726
-22108,-69515,5400
-21791,-69738,5391
-21471,-69980,5358
-21842,-69990,4979
-22156,-69784,4965
-21525,-70213,4969
-21577,-70462,4559
-21891,-70258,4546
-21627,-70728,4126
-21935,-70540,4082
-20141,-66656,8806
-19871,-67165,8364
-20385,-67326,8322
-20115,-67829,7883
-20634,-67945,7861
-19842,-68329,7443
-20362,-68440,7425
-20890,-68522,7418
-20089,-68937,6987
-20616,-69016,6982
-20341,-69510,6544
-20877,-69557,6556
-20951,-69705,6275
-20599,-70050,6115
-21019,-69867,5969
-20675,-70193,5837
-20321,-70544,5674
-21084,-70046,5644
-20746,-70351,5535
-20398,-70682,5397
-21145,-70242,5299
-20812,-70526,5214
-20471,-70835,5099
-21203,-70455,4934
-20876,-70719,4872
-20540,-71006,4782
-21259,-70685,4547
-20936,-70929,4509
-20606,-71195,4444
-21313,-70932,4139
-20994,-71156,4126
-20669,-71402,4085
-21048,-71401,3719
-21362,-71196,3704
-20728,-71625,3704
-21669,-71008,3659
-20783,-71867,3297
-21096,-71661,3281
-21404,-71474,3236
-21708,-71305,3164
-20830,-72124,2856
-21138,-71937,2812
-21441,-71769,2740
-20872,-72398,2387
-21175,-72231,2315
-21475,-72081,2215
-20909,-72690,1890
-21208,-72541,1789
-20941,-72998,1363
-21233,-72863,1225
-19567,-68831,7000
-19813,-69435,6545
-19535,-69934,6099
-20064,-70005,6103
-19255,-70435,5648
-19785,-70502,5658
-20041,-71039,5230
-19504,-70999,5209
-20121,-71171,4956
-19759,-71533,4781
-19222,-71497,4757
-20196,-71319,4663
-19842,-71660,4513
-20268,-71486,4349
-19476,-72029,4331
-19921,-71803,4225
-19562,-72149,4068
-20337,-71670,4015
-19996,-71965,3916
-19644,-72287,3786
-20401,-71873,3660
-20067,-72145,3586
-19722,-72444,3482
-20462,-72094,3280
-20133,-72344,3233
-19796,-72620,3155
-20516,-72332,2872
-20194,-72561,2854
-19864,-72814,2804
-20249,-72795,2444
-20563,-72586,2430
-19926,-73028,2426
-19980,-73258,2014
-20296,-73046,2003
-20605,-72857,1961
-20028,-73505,1574
-20338,-73315,1534
-20642,-73146,1463
-20071,-73771,1105
-20375,-73601,1036
-20674,-73452,935
-20966,-73317,796
-20108,-74054,608
-20406,-73903,506
-20698,-73769,367
-20984,-73651,193
-20139,-74352,76
-20430,-74218,-62
-20714,-74100,-239
-20161,-74664,-496
-20442,-74545,-676
-20719,-74445,-889
-20168,-74988,-1117
-20443,-74888,-1332
-20432,-75246,-2032
-18937,-71997,4303
-19191,-72525,3879
-19281,-72640,3622
-18905,-73024,3424
-19367,-72772,3345
-18999,-73131,3173
-19448,-72924,3045
-18617,-73524,2966
-19088,-73258,2901
-19523,-73095,2721
-18715,-73625,2722
-19171,-73404,2605
-18807,-73745,2454
-19592,-73285,2371
-19248,-73571,2283
-18893,-73886,2161
-19656,-73494,1994
-18523,-74234,2002
-19319,-73756,1935
-18972,-74047,1842
-18611,-74369,1711
-19710,-73719,1582
-19383,-73960,1557
-19045,-74228,1496
-18691,-74525,1394
-19439,-74181,1147
-19759,-73963,1143
-19109,-74426,1117
-18764,-74700,1050
-19489,-74421,709
-19165,-74642,708
-19802,-74225,675
-18827,-74892,669
-19213,-74878,270
-18882,-75104,260
-19532,-74679,241
-19840,-74505,178
-18930,-75336,-177
-19255,-75132,-198
-19568,-74955,-256
-19869,-74799,-356
-18970,-75586,-647
-19288,-75405,-699
-19593,-75246,-796
-19885,-75107,-937
-19000,-75854,-1152
-19308,-75691,-1248
-19601,-75549,-1389
-19885,-75429,-1568
-19011,-76135,-1714
-20162,-75329,-1783
-19308,-75990,-1852
-19594,-75868,-2029
-19871,-75767,-2242
-19292,-76305,-2501
-20141,-75685,-2492
-19571,-76203,-2712
-19842,-76120,-2962
-19260,-76637,-3194
-20107,-76055,-3248
-19533,-76554,-3442
-19798,-76489,-3727
-19213,-76984,-3933
-19479,-76919,-4217
-19736,-76867,-4547
-19407,-77293,-5048
-18428,-74120,2266
-18231,-74726,1540
-18320,-74855,1252
-18401,-75005,937
-18020,-75343,782
-18474,-75173,591
-18103,-75486,469
-18537,-75360,212
-18175,-75648,123
-17794,-75970,-9
-18592,-75567,-195
-18239,-75830,-254
-17867,-76125,-355
-18639,-75794,-634
-18294,-76031,-661
-17931,-76301,-731
-18341,-76252,-1099
-18678,-76039,-1105
-17987,-76496,-1137
-18032,-76711,-1577
-18375,-76492,-1577
-18701,-76302,-1621
-18057,-76946,-2067
-18389,-76749,-2105
-18703,-76577,-2194
-19003,-76429,-2327
-18060,-77197,-2608
-18381,-77019,-2690
-18686,-76867,-2817
-18979,-76741,-2986
-18041,-77458,-3207
-18354,-77304,-3324
-18652,-77174,-3485
-18938,-77068,-3689
-18005,-77736,-3849
-18311,-77604,-4001
-18602,-77497,-4197
-18880,-77412,-4437
-18253,-77920,-4720
-19149,-77346,-4719
-18537,-77834,-4955
-18807,-77766,-5234
-18185,-78253,-5480
-19068,-77714,-5558
-18458,-78182,-5756
-19322,-77680,-5919
-18721,-78130,-6076
-18977,-78097,-6434
-18370,-78544,-6598
-18628,-78510,-6953
-18879,-78490,-7351
-18274,-78920,-7475
-18526,-78900,-7871
-18414,-79297,-8835
-17550,-76604,-845
-17616,-76773,-1218
-17671,-76962,-1623
-17290,-77247,-1715
-17706,-77171,-2077
-17336,-77428,-2136
-17718,-77399,-2581
-17353,-77628,-2610
-16963,-77891,-2693
-17356,-77848,-3124
-17710,-77640,-3137
-16978,-78084,-3169
-16982,-78297,-3679
-17343,-78081,-3685
-17683,-77894,-3743
-16969,-78522,-4241
-17317,-78329,-4289
-17646,-78166,-4386
-17957,-78031,-4530
-16943,-78764,-4844
-17279,-78596,-4931
-17597,-78456,-5067
-17898,-78342,-5251
-16905,-79025,-5484
-17229,-78880,-5612
-17536,-78762,-5788
-17827,-78670,-6011
-18104,-78597,-6283
-17168,-79181,-6332
-17465,-79085,-6546
-17745,-79009,-6813
-17096,-79498,-7089
-18015,-78954,-7123
-17381,-79418,-7349
-17654,-79362,-7653
-17012,-79826,-7888
-17917,-79327,-8000
-17289,-79768,-8186
-18170,-79307,-8394
-17555,-79731,-8528
-17809,-79710,-8919
-17189,-80133,-9060
-18054,-79699,-9360
-17445,-80109,-9448
-17690,-80097,-9888
-17927,-80098,-10374
-17323,-80492,-10418
-17560,-80493,-10902
-17421,-80902,-11956
-16593,-78541,-3737
-16598,-78747,-4246
-16586,-78964,-4807
-16206,-79196,-4824
-16195,-79405,-5383
-16561,-79199,-5407
-15795,-79848,-5969
-16171,-79634,-5980
-16524,-79453,-6045
-16855,-79303,-6164
-15773,-80069,-6562
-16135,-79881,-6616
-16474,-79725,-6723
-16794,-79599,-6881
-15738,-80309,-7195
-16086,-80147,-7289
-16414,-80015,-7436
-16722,-79909,-7637
-15691,-80568,-7863
-16028,-80431,-7997
-16342,-80318,-8190
-16638,-80232,-8433
-15956,-80727,-8749
-16920,-80171,-8724
-16258,-80636,-8983
-16545,-80572,-9266
-15874,-81039,-9538
-16818,-80532,-9596
-16166,-80971,-9813
-17077,-80506,-9980
-16443,-80928,-10136
-16705,-80899,-10516
-16067,-81322,-10676
-16952,-80883,-10951
-16332,-81290,-11052
-17190,-80884,-11432
-16581,-81271,-11484
-15959,-81678,-11589
-16820,-81272,-11961
-16211,-81657,-12015
-16452,-81657,-12488
-17052,-81290,-12483
-16085,-82039,-13013
-16685,-81674,-13007
-16319,-82055,-13529
-16910,-81706,-13570
-16545,-82086,-14090
-16181,-82463,-14608
-16396,-82497,-15216
-15366,-80504,-7154
-15333,-80737,-7781
-14923,-81165,-8375
-15290,-80989,-8443
-15635,-80845,-8566
-14886,-81410,-9026
-15238,-81258,-9140
-15566,-81134,-9313
-14480,-81832,-9613
-14839,-81672,-9716
-15174,-81542,-9878
-15489,-81441,-10093
-15786,-81369,-10360
-14782,-81949,-10446
-15103,-81843,-10651
-15406,-81766,-10908
-14716,-82244,-11209
-15692,-81715,-11218
-15025,-82162,-11457
-15315,-82106,-11759
-14643,-82557,-12007
-15586,-82064,-12125
-14939,-82495,-12302
-15842,-82041,-12545
-15214,-82448,-12661
-15473,-82423,-13075
-14841,-82831,-13198
-15719,-82419,-13538
-15104,-82802,-13604
-15354,-82796,-14061
-14736,-83181,-14133
-15955,-82434,-14049
-14989,-83171,-14584
-15592,-82810,-14567
-15230,-83183,-15084
-15819,-82837,-15125
-14868,-83554,-15601
-15458,-83207,-15639
-16034,-82870,-15730
-15098,-83575,-16152
-15674,-83241,-16241
-15316,-83608,-16750
-15882,-83284,-16882
-14959,-83972,-17256
-15524,-83650,-17388
-15167,-84013,-17892
-15365,-84050,-18577
-15010,-84408,-19068
-14439,-82086,-10296
-14036,-82501,-10878
-14387,-82357,-11015
-13991,-82764,-11588
-14328,-82645,-11770
-13593,-83171,-12162
-13937,-83047,-12333
-14260,-82952,-12559
-13545,-83448,-12898
-14562,-82884,-12845
-13876,-83347,-13113
-14183,-83272,-13389
-13490,-83742,-13669
-14468,-83214,-13735
-13804,-83659,-13937
-14094,-83595,-14273
-13422,-84045,-14487
-14367,-83558,-14663
-13719,-83975,-14812
-14624,-83545,-15106
-13997,-83934,-15193
-14260,-83917,-15628
-13628,-84308,-15724
-13895,-84287,-16151
-14507,-83923,-16116
-13529,-84657,-16669
-14146,-84290,-16632
-14739,-83941,-16663
-13785,-84655,-17142
-14381,-84304,-17173
-14023,-84665,-17675
-14603,-84333,-17758
-13665,-85024,-18176
-14247,-84692,-18254
-14813,-84373,-18387
-13893,-85049,-18749
-14459,-84730,-18879
-13539,-85403,-19242
-14107,-85084,-19368
-14657,-84763,-19557
-13756,-85435,-19857
-14306,-85114,-20044
-14843,-84794,-20282
-13956,-85463,-20528
-14492,-85146,-20765
-13607,-85808,-21011
-14144,-85494,-21246
-13796,-85838,-21725
-14323,-85531,-22003
-13976,-85875,-22478
-13801,-86251,-23748
-13151,-83844,-13464
-13102,-84133,-14226
-12712,-84523,-14784
-13039,-84429,-15038
-13343,-84356,-15353
-12655,-84810,-15587
-12966,-84734,-15893
-12268,-85191,-16132
-13257,-84683,-16253
-12587,-85109,-16426
-12885,-85057,-16778
-12207,-85484,-16961
-13163,-85026,-17185
-12512,-85425,-17302
-12797,-85393,-17701
-13424,-85017,-17650
-12137,-85793,-17828
-12429,-85757,-18217
-13062,-85379,-18159
-12699,-85740,-18669
-13308,-85382,-18677
-12336,-86096,-19178
-12950,-85738,-19178
-12592,-86093,-19679
-13186,-85756,-19736
-12234,-86444,-20180
-12832,-86107,-20229
-13405,-85784,-20344
-12479,-86456,-20722
-13055,-86131,-20831
-12706,-86476,-21317
-13259,-86152,-21493
-12356,-86819,-21803
-12912,-86492,-21974
-13450,-86180,-22201
-12566,-86831,-22454
-13106,-86519,-22676
-13631,-86216,-22951
-12762,-86855,-23150
-13288,-86554,-23422
-12419,-87189,-23623
-12945,-86889,-23890
-13457,-86587,-24216
-12605,-87221,-24357
-13116,-86920,-24681
-12776,-87249,-25145
-12437,-87576,-25606
-13276,-86948,-25518
-12936,-87278,-25978
-12599,-87604,-26435
-12752,-87634,-27308
-12417,-87957,-27759
-11824,-85859,-17499
-11761,-86161,-18357
-12060,-86118,-18734
-11382,-86530,-18888
-11689,-86480,-19253
-11971,-86450,-19687
-11317,-86841,-19774
-11606,-86804,-20198
-10942,-87201,-20299
-11239,-87157,-20710
-11875,-86792,-20680
-10871,-87510,-21225
-11515,-87139,-21181
-12125,-86802,-21214
-11154,-87486,-21684
-11771,-87144,-21706
-10791,-87832,-22189
-11416,-87485,-22198
-12006,-87159,-22289
-11060,-87826,-22692
-11656,-87493,-22774
-12220,-87168,-22933
-11305,-87826,-23260
-11874,-87502,-23412
-10953,-88158,-23746
-11528,-87831,-23889
-12076,-87521,-24095
-11181,-88158,-24366
-11734,-87850,-24566
-12265,-87551,-24823
-11392,-88174,-25035
-11926,-87878,-25288
-11050,-88496,-25504
-11587,-88202,-25752
-12100,-87900,-26066
-11248,-88520,-26214
-11764,-88222,-26525
-10910,-88835,-26676
-11428,-88540,-26982
-12263,-87927,-26891
-11093,-88852,-27437
-11928,-88247,-27344
-11595,-88564,-27796
-11262,-88877,-28245
-12083,-88276,-28208
-11751,-88592,-28655
-11420,-88905,-29099
-12226,-88290,-29127
-11092,-89213,-29542
-11895,-88605,-29570
-11566,-88916,-30010
-11240,-89224,-30448
-11704,-88920,-30972
-11379,-89228,-31406
-11055,-89531,-31837
-11185,-89526,-32842
-10500,-87864,-21742
-10427,-88179,-22696
-10060,-88525,-23206
-10702,-88166,-23187
-10344,-88505,-23685
-9983,-88845,-24184
-10600,-88490,-24234
-9621,-89184,-24686
-10247,-88821,-24724
-10834,-88485,-24844
-9891,-89151,-25215
-10486,-88810,-25323
-9534,-89482,-25708
-10138,-89135,-25803
-10707,-88817,-25973
-9788,-89459,-26284
-10364,-89136,-26443
-9437,-89783,-26767
-10020,-89455,-26914
-10571,-89149,-27138
-9676,-89773,-27386
-10232,-89462,-27600
-10758,-89162,-27891
-9893,-89773,-28063
-10424,-89471,-28344
-9554,-90083,-28526
-10090,-89778,-28798
-10931,-89185,-28692
-9757,-90082,-29251
-10600,-89490,-29138
-10272,-89792,-29584
-9943,-90093,-30029
-10765,-89515,-29981
-9614,-90392,-30474
-10439,-89815,-30419
-10114,-90112,-30857
-10915,-89526,-30884
-9789,-90408,-31294
-10592,-89824,-31316
-10269,-90118,-31748
-9947,-90411,-32178
-10732,-89829,-32265
-9626,-90701,-32607
-10411,-90123,-32691
-10092,-90413,-33115
-9773,-90702,-33538
-10863,-89826,-33268
-10542,-90118,-33690
-10222,-90406,-34110
-9904,-90691,-34529
-9587,-90972,-34947
-10652,-90061,-34773
-10331,-90345,-35192
-10012,-90626,-35609
-9695,-90902,-36025
-10100,-90526,-36765
-9782,-90799,-37179
-9176,-89812,-26204
-9084,-90106,-27253
-8730,-90430,-27740
-9330,-90090,-27859
-8984,-90406,-28334
-8638,-90722,-28811
-9215,-90391,-28990
-8290,-91037,-29290
-8875,-90699,-29456
-9423,-90386,-29706
-8534,-91006,-29924
-9089,-90688,-30161
-8191,-91313,-30393
-8755,-90989,-30617
-8419,-91290,-31074
-9285,-90690,-30919
-8082,-91591,-31534
-8956,-90986,-31365
-8626,-91282,-31812
-9465,-90702,-31731
-8295,-91577,-32260
-9140,-90994,-32168
-8815,-91285,-32605
-8490,-91575,-33042
-9305,-90990,-33036
-8164,-91864,-33481
-8984,-91277,-33465
-8663,-91562,-33894
-9455,-90987,-33960
-8342,-91846,-34323
-9137,-91270,-34381
-8820,-91551,-34802
-8502,-91830,-35224
-8184,-92106,-35646
-9270,-91250,-35364
-8954,-91525,-35781
-8638,-91797,-36198
-8323,-92067,-36614
-9378,-91175,-36439
-9063,-91446,-36852
-8748,-91713,-37264
-8434,-91977,-37676
-9464,-91067,-37591
-8119,-92238,-38088
-9148,-91331,-38003
-8832,-91590,-38414
-8513,-91843,-38829
-8191,-92088,-39246
-9516,-90866,-38858
-9192,-91119,-39276
-8865,-91363,-39695
-8536,-91599,-40118
-8204,-91827,-40543
-8843,-91028,-41107
-8501,-91246,-41540
-8156,-91455,-41976
-8059,-90987,-43524
-7846,-91620,-30865
-7743,-91891,-31995
-7403,-92191,-32458
-7964,-91871,-32709
-7631,-92164,-33160
-7296,-92458,-33612
-6960,-92751,-34067
-7837,-92152,-33920
-7509,-92439,-34361
-7180,-92725,-34803
-8021,-92128,-34752
-6850,-93011,-35247
-7699,-92410,-35182
-7376,-92691,-35613
-7052,-92970,-36045
-7866,-92380,-36068
-6727,-93248,-36480
-7547,-92653,-36491
-7228,-92924,-36916
-8007,-92335,-37031
-6906,-93193,-37343
-7691,-92600,-37448
-6580,-93458,-37774
-7372,-92861,-37868
-7050,-93118,-38291
-6725,-93371,-38718
-7801,-92493,-38503
-7481,-92744,-38921
-7157,-92989,-39342
-6829,-93228,-39769
-7866,-92326,-39667
-7537,-92556,-40093
-7204,-92778,-40523
-6865,-92991,-40959
-6520,-93195,-41402
-7868,-92047,-40973
-7527,-92257,-41407
-7181,-92458,-41846
-6828,-92649,-42292
-7807,-91655,-42415
-7453,-91846,-42858
-7097,-92031,-43302
-6740,-92211,-43748
-7701,-91180,-43965
-7342,-91366,-44406
-6983,-91548,-44847
-6622,-91724,-45289
-7207,-90827,-46040
-6843,-91001,-46481
-6478,-91170,-46922
-6518,-93297,-35693
-6400,-93525,-36917
-6069,-93796,-37357
-6250,-93718,-38210
-5917,-93973,-38648
-5584,-94216,-39086
-6396,-93619,-39149
-6063,-93863,-39584
-5726,-94100,-40021
-5390,-94327,-40458
-6496,-93459,-40201
-5055,-94537,-40895
-6157,-93682,-40640
-5811,-93892,-41088
-5452,-94084,-41547
-5088,-94261,-42012
-6165,-93386,-41855
-5805,-93570,-42313
-5442,-93746,-42773
-6472,-92833,-42741
-5076,-93916,-43235
-6113,-93012,-43193
-5751,-93186,-43647
-5387,-93354,-44103
-5021,-93515,-44560
-6381,-92386,-44194
-6020,-92557,-44642
-5658,-92723,-45092
-5293,-92883,-45543
-4927,-93037,-45995
-6261,-91896,-45731
-5898,-92062,-46174
-5534,-92224,-46618
-5168,-92379,-47064
-6113,-91333,-47362
-5747,-91492,-47803
-5382,-91648,-48243
-5018,-91801,-48682
-6305,-90579,-48631
-5939,-90738,-49068
-5574,-90894,-49503
-5212,-91049,-49936
-4851,-91201,-50367
-5388,-90275,-51269
-5027,-90429,-51695
-4727,-94425,-42473
-4368,-94574,-42932
-4709,-94076,-43697
-4345,-94223,-44157
-3983,-94357,-44613
-3625,-94476,-45067
-4653,-93669,-45018
-4283,-93813,-45478
-3917,-93945,-45934
-3554,-94063,-46387
-4560,-93185,-46447
-4190,-93325,-46900
-3821,-93460,-47351
-3458,-93586,-47797
-4801,-92527,-47511
-4436,-92671,-47956
-4071,-92810,-48399
-3708,-92946,-48840
-3345,-93076,-49279
-4655,-91952,-49119
-4294,-92098,-49552
-3934,-92241,-49984
-3575,-92379,-50413
-4491,-91351,-50796
-4134,-91496,-51221
-3778,-91638,-51644
-3424,-91775,-52063
-4668,-90580,-52118
-4311,-90729,-52540
-3957,-90874,-52958
-3605,-91014,-53373
-3254,-91150,-53784
-4473,-89931,-53944
-4117,-90079,-54359
-3765,-90223,-54770
-3415,-90363,-55177
-3562,-89528,-56676
-3213,-89667,-57075
-3194,-94170,-46835
-2840,-94266,-47278
-3100,-93701,-48238
-2747,-93806,-48672
-2400,-93901,-49101
-2059,-93985,-49524
-2988,-93198,-49712
-2637,-93309,-50140
-2291,-93410,-50561
-1951,-93502,-50977
-3218,-92513,-50840
-2862,-92643,-51265
-2511,-92763,-51684
-2167,-92874,-52097
-1828,-92975,-52504
-3072,-91908,-52481
-2720,-92038,-52896
-2371,-92163,-53309
-2027,-92278,-53715
-1689,-92384,-54115
-2906,-91281,-54193
-2559,-91409,-54599
-2214,-91534,-55002
-1871,-91653,-55403
-3068,-90498,-55580
-2723,-90628,-55980
-2380,-90755,-56377
-2038,-90878,-56772
-1699,-90996,-57164
-2868,-89802,-57471
-2525,-89932,-57862
-2185,-90058,-58250
-1847,-90180,-58635
-2658,-89039,-59479
-2318,-89170,-59862
-1981,-89297,-60241
-1646,-89419,-60616
-1770,-88457,-62356
-1619,-93578,-51382
-1321,-93604,-51748
-1494,-93065,-52904
-1175,-93132,-53287
-885,-93155,-53635
-605,-93162,-53973
-1357,-92480,-54509
-1033,-92561,-54893
-726,-92615,-55255
-444,-92632,-55588
-170,-92638,-55914
-1533,-91763,-55797
-1202,-91863,-56185
-878,-91951,-56564
-566,-92021,-56928
-271,-92062,-57271
-1362,-91110,-57552
-1031,-91214,-57933
-708,-91307,-58307
-394,-91384,-58668
-92,-91441,-59014
-1511,-90298,-59017
-1177,-90412,-59396
-848,-90521,-59770
-526,-90618,-60137
-212,-90702,-60493
-1314,-89537,-60988
-984,-89652,-61357
-657,-89762,-61723
-334,-89864,-62083
-21,-89952,-62432
-1437,-88580,-62722
-1107,-88699,-63085
-780,-88813,-63444
-455,-88924,-63800
-134,-89029,-64152
-892,-87767,-65310
-566,-87882,-65660
-244,-87994,-66005
-23,-86953,-68346
98,-92634,-56235
3,-92074,-57591
271,-92077,-57905
534,-92071,-58213
792,-92057,-58516
189,-91471,-59337
455,-91479,-59644
715,-91479,-59946
971,-91471,-60242
1221,-91455,-60533
1467,-91430,-60819
89,-90769,-60835
378,-90814,-61161
650,-90834,-61468
909,-90839,-61762
1163,-90835,-62050
1412,-90824,-62334
281,-90025,-62769
574,-90081,-63093
852,-90115,-63399
1113,-90127,-63688
1366,-90128,-63969
179,-89122,-64493
483,-89200,-64824
777,-89263,-65142
1058,-89307,-65445
1325,-89331,-65732
75,-88100,-66347
389,-88197,-66681
693,-88280,-67003
987,-88348,-67314
1271,-88401,-67612
1541,-88434,-67896
293,-87060,-68676
606,-87160,-69001
911,-87248,-69315
1206,-87322,-69619
1491,-87381,-69910
830,-85993,-71450
1136,-86086,-71752
1432,-86165,-72044
1656,-90804,-62612
1896,-90777,-62885
2130,-90742,-63154
1614,-90121,-64244
1857,-90107,-64514
2095,-90084,-64778
2328,-90055,-65038
2557,-90020,-65295
2787,-89982,-65552
1578,-89338,-66005
1825,-89335,-66271
2067,-89326,-66532
2303,-89308,-66788
2535,-89284,-67039
2762,-89254,-67287
2987,-89220,-67532
1798,-88450,-68164
2044,-88452,-68422
2284,-88447,-68675
2520,-88435,-68921
2750,-88416,-69164
2977,-88392,-69400
1763,-87423,-70185
2023,-87448,-70445
2270,-87456,-70692
2510,-87456,-70931
2744,-87449,-71166
2974,-87436,-71396
1717,-86231,-72324
1991,-86280,-72590
2253,-86313,-72843
2503,-86330,-73084
2742,-86335,-73314
2976,-86334,-73540
1650,-84795,-74634
1940,-84884,-74898
2218,-84955,-75150
2484,-85009,-75390
2738,-85046,-75619
2419,-83306,-77909
2690,-83381,-78137
3212,-89183,-67778
3438,-89145,-68026
3199,-88362,-69631
3419,-88328,-69862
3640,-88293,-70093
3862,-88257,-70325
4085,-88219,-70558
3199,-87417,-71623
3420,-87393,-71845
3637,-87363,-72065
3854,-87332,-72284
4072,-87299,-72504
4290,-87265,-72725
4508,-87230,-72947
3205,-86327,-73761
3429,-86314,-73979
3649,-86296,-74193
3864,-86272,-74402
4077,-86245,-74610
4291,-86216,-74819
4505,-86186,-75028
2979,-85063,-75839
3213,-85070,-76056
3441,-85069,-76268
3665,-85063,-76476
3884,-85051,-76681
4099,-85034,-76881
4309,-85012,-77078
2948,-83440,-78353
3194,-83485,-78559
3432,-83519,-78759
3664,-83546,-78955
3891,-83565,-79146
4113,-83577,-79335
4329,-83584,-79519
3148,-81598,-81225
3395,-81654,-81425
3634,-81701,-81616
3866,-81742,-81802
4093,-81776,-81983
3845,-79718,-84575
4077,-79764,-84754
4728,-87193,-73171
4719,-86155,-75238
4934,-86123,-75448
5150,-86089,-75660
5366,-86053,-75873
4519,-84988,-77275
4729,-84963,-77472
4940,-84937,-77670
5150,-84909,-77868
5362,-84880,-78067
5573,-84850,-78267
5785,-84820,-78468
4539,-83584,-79701
4748,-83579,-79881
4956,-83572,-80063
5164,-83562,-80245
5371,-83544,-80431
5577,-83521,-80618
5784,-83498,-80806
4315,-81805,-82160
4532,-81829,-82333
4744,-81847,-82501
4953,-81862,-82667
5162,-81873,-82834
5369,-81882,-83001
5577,-81888,-83169
4303,-79805,-84928
4524,-79839,-85098
4740,-79868,-85263
4951,-79891,-85424
5157,-79911,-85582
5363,-79929,-85739
5569,-79945,-85896
4526,-77656,-87973
4747,-77697,-88135
4962,-77732,-88293
5171,-77762,-88446
5376,-77787,-88595
5196,-75392,-91429
5998,-84789,-78670
5992,-83473,-80995
6200,-83447,-81184
6408,-83419,-81375
6618,-83391,-81566
5783,-81891,-83337
5990,-81892,-83507
6197,-81890,-83677
6404,-81885,-83849
6611,-81877,-84022
6818,-81867,-84196
7026,-81855,-84372
5774,-79960,-86053
5979,-79975,-86210
6183,-79987,-86367
6388,-79999,-86524
6593,-80010,-86681
6798,-80020,-86839
5580,-77810,-88744
5783,-77832,-88892
5986,-77852,-89040
6187,-77872,-89188
6389,-77890,-89336
6590,-77907,-89484
6791,-77922,-89632
5405,-75430,-91574
5608,-75462,-91714
5811,-75493,-91854
6012,-75521,-91994
6212,-75549,-92133
6411,-75575,-92271
6610,-75600,-92410
5853,-72899,-94950
6055,-72939,-95081
6254,-72976,-95211
7234,-81836,-84547
7004,-80028,-86997
7210,-80035,-87157
7415,-80036,-87315
7621,-80035,-87476
7828,-80030,-87637
6993,-77937,-89780
7194,-77950,-89929
7395,-77963,-90078
7597,-77971,-90225
7799,-77979,-90373
8001,-77985,-90522
6809,-75623,-92548
7007,-75645,-92687
7204,-75666,-92825
7402,-75685,-92964
7600,-75703,-93103
7797,-75718,-93240
6453,-73012,-95341
6651,-73047,-95470
6847,-73080,-95599
7043,-73111,-95728
7239,-73141,-95857
7433,-73170,-95985
7628,-73197,-96114
6510,-70157,-98554
6707,-70204,-98674
6903,-70250,-98793
7098,-70293,-98912
7292,-70335,-99031
8204,-77990,-90672
8409,-77995,-90822
7994,-75731,-93378
8192,-75743,-93516
8390,-75755,-93655
8589,-75765,-93795
8789,-75774,-93936
8989,-75782,-94077
7822,-73222,-96242
8015,-73244,-96370
8209,-73265,-96497
8402,-73285,-96625
8596,-73303,-96753
8790,-73321,-96882
8985,-73337,-97012
7485,-70375,-99149
7677,-70414,-99268
7869,-70451,-99386
8060,-70485,-99503
8250,-70517,-99620
8440,-70549,-99736
8629,-70579,-99853
8115,-67431,-102780
7927,-67380,-102674
7737,-67327,-102567
7546,-67272,-102460
7354,-67215,-102353
7161,-67156,-102245
7796,-63858,-106011
9180,-73352,-97142
9376,-73367,-97273
9573,-73380,-97404
8819,-70608,-99971
9008,-70636,-100088
9198,-70663,-100206
9388,-70688,-100325
9579,-70713,-100444
9770,-70736,-100563
8303,-67478,-102886
8490,-67524,-102991
8676,-67568,-103096
8862,-67611,-103201
9048,-67653,-103306
9233,-67693,-103412
9419,-67732,-103518
8914,-64276,-106555
8730,-64213,-106464
8545,-64148,-106374
8360,-64081,-106284
8173,-64011,-106194
7985,-63936,-106103
8393,-60147,-109907
9961,-70759,-100684
10154,-70780,-100805
9604,-67770,-103624
9790,-67806,-103731
9976,-67842,-103837
10163,-67876,-103944
10349,-67910,-104052
10537,-67942,-104160
10725,-67973,-104269
10187,-64666,-107198
10006,-64615,-107105
9824,-64563,-107012
9643,-64509,-106920
9461,-64453,-106828
9279,-64396,-106737
9097,-64337,-106646
9491,-60728,-110331
9310,-60638,-110259
9129,-60545,-110188
8947,-60450,-110117
8763,-60352,-110047
8579,-60251,-109977
11283,-64946,-107770
11099,-64902,-107673
10916,-64857,-107576
10733,-64811,-107481
10551,-64764,-107386
10369,-64716,-107292
10741,-61290,-110852
10563,-61216,-110775
10385,-61140,-110699
10207,-61062,-110624
10029,-60982,-110550
9850,-60899,-110477
9671,-60815,-110404
9844,-56607,-114201
9666,-56484,-114149
9486,-56358,-114097
9306,-56228,-114047
9125,-56095,-113996
8942,-55959,-113947
11814,-61690,-111328
11635,-61630,-111247
11455,-61566,-111166
11276,-61499,-111086
11098,-61431,-111007
10919,-61361,-110929
11076,-57393,-114584
10901,-57288,-114527
10726,-57181,-114471
10550,-57071,-114416
10375,-56959,-114361
10198,-56845,-114307
10022,-56727,-114254
9971,-51794,-118205
9793,-51630,-118174
9615,-51463,-118143
9435,-51294,-118112
12304,-58060,-115002
12127,-57972,-114940
11952,-57881,-114879
11776,-57789,-114819
11601,-57694,-114760
11426,-57596,-114701
11251,-57495,-114642
11191,-52847,-118447
11019,-52706,-118410
10846,-52561,-118374
10672,-52414,-118338
10498,-52264,-118304
10323,-52111,-118270
10148,-51954,-118237
9874,-46564,-122118
12396,-53759,-118721
12224,-53636,-118680
12051,-53511,-118639
11880,-53384,-118600
11708,-53255,-118561
11536,-53122,-118523
11364,-52986,-118484
10920,-47387,-122442
10750,-47216,-122419
10580,-47044,-122396
10409,-46871,-122372
10238,-46699,-122347
10066,-46525,-122322
10093,-46227,-122572
10310,-45895,-123018
12743,-54000,-118807
12569,-53880,-118764
12104,-48561,-122590
11935,-48397,-122569
11766,-48231,-122549
11597,-48065,-122529
11428,-47897,-122508
11259,-47727,-122487
11090,-47557,-122464
10524,-45567,-123458
10735,-45244,-123892
10944,-44925,-124320
13108,-49499,-122709
12945,-49348,-122692
12779,-49195,-122673
12611,-49040,-122652
12442,-48883,-122631
12273,-48723,-122610
11151,-44610,-124742
11355,-44298,-125159
11558,-43987,-125570
11757,-43679,-125975
12452,-43634,-126604
12292,-43472,-126590
11955,-43374,-126374
12132,-43310,-126574
12149,-43071,-126767
13372,-44611,-126626
13224,-44449,-126632
13073,-44285,-126633
12921,-44122,-126630
12766,-43959,-126624
12610,-43797,-126616
12342,-42770,-127155
12530,-42472,-127536
12713,-42175,-127909
12889,-41879,-128273
13059,-41585,-128628
13212,-41289,-128959
13347,-40993,-129268
13476,-40700,-129570
11047,-29365,-134485
11216,-29064,-134859
11382,-28772,-135222
11544,-28488,-135575
11702,-28212,-135917
11858,-27945,-136249
12010,-27685,-136572
12159,-27431,-136885
12304,-27184,-137188
12442,-26944,-137479
12573,-26710,-137755
12693,-26483,-138015
12802,-26263,-138258
12902,-26049,-138487
12997,-25841,-138706
13087,-25639,-138917
13174,-25444,-139120
13256,-25254,-139315
13337,-25070,-139504
13417,-24890,-139690
12395,-15620,-144407
12501,-15366,-144667
12597,-15124,-144909
12682,-14892,-145134
12760,-14670,-145344
12833,-14459,-145544
12902,-14257,-145733
12966,-14066,-145912
13027,-13884,-146082
13085,-13711,-146244
13143,-13548,-146400
13199,-13392,-146550
13255,-13246,-146693
13310,-13107,-146831
13364,-12976,-146963
13417,-12853,-147089
13470,-12738,-147211
13522,-12630,-147327
13574,-12529,-147439
13625,-12435,-147546
13549,-5426,-151187
13603,-5245,-151337
13655,-5075,-151478
13704,-4915,-151612
13751,-4764,-151739
13796,-4623,-151858
13839,-4492,-151970
13879,-4370,-152074
13917,-4259,-152170
13952,-4158,-152259
13983,-4067,-152339
14008,-3991,-152408
14027,-3930,-152465
14039,-3882,-152513
14049,-3842,-152555
14056,-3810,-152591
14063,-3786,-152623
14079,-3746,-152699
14068,-3767,-152651
14073,-3754,-152676
13950,-697,-154034
13953,-644,-154063
13956,-595,-154090
13958,-550,-154113
13960,-510,-154134
-26258,490,54068
-26258,490,54068
-26258,490,54068
-26258,490,54068
-26258,490,54068
-26258,490,54068
-26258,490,54068
-26258,490,54068
-26258,490,54068
-26258,490,54068
-26258,490,54068
-26258,490,54068
-26258,490,54068
-26258,490,54068
-26258,490,54068
-26258,490,54068
-26258,490,54068
-26258,490,54068
-26258,490,54068
-26258,490,54068
13962,-473,-154152
13964,-440,-154168
13966,-410,-154181
13968,-361,-154203
13973,-269,-154237
13967,-384,-154193
13973,-265,-154239
13970,-322,-154218
13972,-283,-154233
13969,-340,-154211
13972,-275,-154235
13971,-307,-154224
13973,-264,-154239
13973,-264,-154239
13971,-294,-154229
-25928,5,53340
-25926,4,53336
-25941,17,53368
-25939,16,53364
-25938,1,53362
-25937,14,53360
-25935,12,53356
-25933,11,53352
-25931,9,53348
-25929,7,53344
-25952,28,53392
-25950,26,53388
-25948,24,53384
-25946,23,53380
-25944,21,53376
-25942,19,53372
-25961,36,53412
-25959,35,53408
-25957,33,53404
-25957,46,53404
-25955,31,53400
-25955,44,53400
-25953,43,53396
-25953,29,53396
-25962,51,53415
-25960,49,53411
-25974,62,53440
-25951,41,53393
-25967,55,53426
-25965,54,53422
-25979,66,53451
-25958,47,53408
-25972,60,53437
-25970,58,53433
-25963,52,53419
-25977,65,53448
-25975,63,53444
-25968,57,53430
-25984,71,53463
-25982,83,53459
-25982,70,53459
-25980,68,53455
-25977,78,53449
-25985,86,53466
-25980,81,53456
-25996,96,53489
-25978,80,53452
-25993,93,53483
-25991,92,53479
-25988,89,53473
-25986,87,53469
-25983,84,53463
-25999,99,53496
-25994,94,53486
-26007,106,53513
-25989,90,53476
-26002,102,53503
-26000,100,53499
-25997,97,53493
-26005,105,53510
-26004,117,53508
-26003,103,53506
-26013,125,53527
-26010,122,53521
-26007,120,53515
-26005,118,53511
-26020,132,53542
-26002,116,53505
-26017,129,53536
-26014,126,53530
-26030,141,53563
-26011,124,53524
-26027,138,53557
-26008,121,53518
-26024,136,53551
-26040,164,53586
-26021,133,53545
-26018,130,53539
-26015,128,53533
-26045,169,53597
-26028,140,53560
-26025,137,53554
-26041,165,53589
-26022,134,53548
-26037,162,53581
-26035,159,53575
-26050,173,53608
-26049,172,53606
-26031,156,53567
-26046,170,53600
-26042,166,53592
-26038,163,53584
-26036,160,53578
-26051,175,53611
-26032,157,53570
-26047,171,53603
-26029,154,53564
-26028,153,53562
-26043,167,53595
-26055,192,53620
-26054,191,53618
-26052,176,53614
-26033,158,53573
-26062,198,53635
-26061,197,53633
-26057,194,53625
-26056,193,53623
-26070,205,53652
-26065,201,53642
-26064,200,53640
-26063,199,53638
-26059,196,53630
-26058,195,53628
-26072,207,53657
-26071,206,53655
-26067,203,53647
-26066,202,53645
-26075,211,53664
-26074,210,53662
-26073,209,53660
-26068,204,53650
-26080,229,53676
-26079,228,53674
-26087,235,53691
-26086,234,53689
-26085,234,53687
-26084,233,53685
-26083,232,53683
-26082,231,53681
-26081,230,53679
-26095,243,53708
-26094,242,53706
-26093,241,53704
-26092,240,53702
-26091,239,53700
-26090,238,53698
-26089,237,53696
-26088,236,53694
-26098,246,53715
-26097,245,53713
-26096,244,53711
-26107,267,53734
-26106,266,53732
-26105,265,53730
-26121,280,53765
-26113,273,53747
-26112,272,53745
-26111,271,53743
-26120,280,53764
-26118,277,53758
-26117,276,53756
-26133,305,53791
-26116,276,53754
-26110,270,53742
-26109,269,53740
-26108,269,53738
-26107,268,53736
-26138,309,53802
-26135,307,53796
-26132,304,53790
-26115,275,53753
-26131,303,53788
-26114,274,53751
-26113,273,53749
-26143,314,53813
-26142,313,53811
-26140,311,53807
-26139,311,53805
-26137,309,53801
-26136,308,53799
-26119,279,53762
-26118,278,53760
-26134,306,53795
-26133,305,53793
-26130,303,53787
-26144,315,53816
-26143,315,53814
-26141,313,53810
-26140,312,53808
-26138,310,53804
-26135,307,53798
-26157,341,53844
-26165,348,53861
-26162,345,53855
-26161,344,53853
-26159,343,53849
-26158,342,53847
-26156,340,53843
-26167,350,53866
-26166,349,53864
-26182,378,53899
-26164,348,53860
-26163,346,53858
-26161,345,53854
-26160,344,53852
-26159,343,53850
-26158,342,53848
-26157,341,53846
-26188,383,53912
-26187,382,53910
-26185,380,53906
-26184,380,53904
-26183,379,53902
-26166,350,53865
-26182,378,53900
-26165,349,53863
-26163,347,53859
-26162,346,53857
-26190,385,53917
-26189,384,53915
-26188,383,53913
-26187,383,53911
-26186,381,53909
-26185,381,53907
-26184,380,53905
-26183,379,53903
-26182,378,53901
-26189,385,53916
-26188,384,53914
-26186,382,53910
-26185,381,53908
-26213,420,53967
-26212,419,53965
-26211,418,53963
-26210,417,53961
-26209,417,53959
-26209,416,53959
-26208,415,53957
-26212,419,53966
-26211,418,53964
-26211,419,53964
-26210,418,53962
-26210,418,53962
-26209,417,53960
-26208,416,53958
-26208,416,53958
-26207,415,53956
-26207,415,53956
-26235,454,54016
-26235,454,54016
-26234,453,54014
-26234,453,54014
-26234,453,54014
-26233,452,54012
-26233,452,54012
-26212,420,53967
-26211,419,53965
-26209,417,53961
-26235,454,54017
-26235,454,54017
-26235,455,54017
-26234,454,54015
-26234,453,54015
-26234,454,54015
-26233,453,54013
-26233,453,54013
-26233,453,54013
-26235,455,54018
-26235,455,54018
-26234,454,54016
-26233,453,54014
