-25920,0,53325
-25922,0,53329
-25913,-6,53310
-25915,-5,53314
-25917,-3,53317
-25900,-18,53282
-25919,-2,53321
-25902,-16,53286
-25904,-14,53290
-25906,-13,53294
-25908,-11,53298
-25910,-9,53302
-25894,-23,53269
-25912,-8,53306
-25896,-21,53273
-25898,-19,53277
-25890,-26,53260
-25892,-25,53264
-25892,-40,53264
-25894,-38,53268
-25896,-36,53272
-25898,-35,53276
-25888,-28,53255
-25891,-41,53260
-25881,-50,53239
-25883,-48,53243
-25885,-46,53247
-25868,-60,53212
-25887,-45,53251
-25889,-43,53255
-25875,-55,53226
-25859,-68,53193
-25877,-53,53230
-25879,-51,53234
-25866,-62,53207
-25870,-74,53215
-25871,-59,53217
-25872,-72,53219
-25873,-57,53221
-25862,-66,53198
-25864,-64,53202
-25864,-79,53202
-25866,-77,53206
-25868,-76,53210
-25858,-85,53189
-25860,-83,53193
-25862,-81,53197
-25856,-86,53184
-25845,-96,53161
-25847,-94,53165
-25852,-90,53175
-25854,-88,53179
-25838,-102,53146
-25843,-98,53156
-25844,-112,53158
-25850,-92,53170
-25833,-106,53135
-25836,-104,53141
-25840,-115,53149
-25841,-100,53151
-25842,-113,53153
-25831,-123,53130
-25831,-108,53130
-25838,-117,53144
-25829,-125,53125
-25847,-110,53162
-25834,-121,53135
-25836,-119,53139
-25822,-131,53110
-25827,-127,53120
-25815,-137,53095
-25802,-148,53068
-25820,-133,53105
-25825,-129,53115
-25810,-141,53084
-25813,-139,53090
-25816,-151,53096
-25818,-135,53100
-25821,-147,53106
-25805,-146,53073
-25808,-144,53079
-25809,-157,53081
-25814,-153,53091
-25819,-149,53101
-25807,-159,53076
-25812,-155,53086
-25802,-163,53066
-25800,-165,53061
-25787,-176,53034
-25805,-161,53071
-25790,-174,53040
-25795,-170,53050
-25779,-183,53017
-25798,-167,53056
-25782,-181,53023
-25790,-189,53039
-25793,-172,53045
-25795,-185,53049
-25785,-179,53028
-25788,-191,53034
-25774,-188,53005
-25793,-187,53044
-25777,-186,53011
-25778,-200,53013
-25783,-195,53023
-25770,-206,52996
-25773,-204,53002
-25762,-213,52979
-25781,-197,53018
-25765,-211,52985
-25786,-193,53028
-25776,-202,53007
-25764,-227,52982
-25748,-225,52949
-25768,-208,52990
-25751,-223,52955
-25769,-222,52992
-25754,-220,52961
-25757,-218,52967
-25759,-231,52971
-25760,-215,52973
-25745,-228,52942
-25767,-225,52987
-25751,-238,52954
-25754,-236,52960
-25743,-245,52937
-25762,-229,52976
-25757,-233,52965
-25746,-243,52942
-25749,-240,52948
-25735,-252,52919
-25738,-250,52925
-25741,-247,52931
-25726,-260,52900
-25729,-257,52906
-25732,-255,52912
-25720,-265,52887
-25738,-264,52924
-25723,-262,52893
-25741,-262,52930
-25744,-260,52936
-25730,-271,52907
-25733,-269,52913
-25717,-268,52880
-25736,-267,52919
-25725,-276,52895
-25728,-274,52901
-25713,-286,52871
-25716,-284,52877
-25719,-281,52883
-25722,-279,52889
-25707,-291,52858
-25710,-289,52864
-25701,-297,52845
-25704,-294,52851
-25712,-302,52867
-25715,-300,52873
-25698,-299,52838
-25718,-297,52879
-25688,-308,52817
-25695,-302,52831
-25698,-315,52837
-25701,-312,52843
-25704,-310,52849
-25707,-307,52855
-25692,-305,52824
-25692,-320,52824
-25710,-305,52861
-25695,-317,52830
-25686,-325,52811
-25689,-322,52817
-25673,-336,52784
-25692,-335,52823
-25683,-343,52804
-25683,-328,52804
-25686,-340,52810
-25670,-339,52777
-25689,-337,52816
-25677,-333,52791
-25677,-348,52791
-25680,-330,52797
-25680,-345,52797
-25663,-345,52762
-25671,-353,52778
-25674,-350,52784
-25660,-348,52755
-25665,-358,52765
-25667,-342,52769
-25668,-356,52771
-25662,-361,52758
-25666,-372,52766
-25652,-370,52737
-25659,-364,52751
-25660,-378,52753
-25663,-375,52759
-25649,-372,52730
-25654,-383,52740
-25656,-367,52744
-25657,-380,52746
-25642,-378,52715
-25646,-375,52723
-25631,-388,52692
-25651,-386,52733
-25635,-384,52700
-25639,-381,52708
-25641,-394,52712
-25648,-389,52726
-25638,-397,52705
-25645,-391,52719
-25628,-406,52684
-25634,-416,52696
-25635,-400,52698
-25621,-412,52669
-25610,-421,52646
-25631,-418,52689
-25632,-403,52691
-25614,-418,52654
-25638,-413,52703
-25641,-410,52709
-25625,-409,52676
-25628,-421,52682
-25618,-415,52661
-25621,-427,52668
-25618,-430,52661
-25603,-427,52630
-25625,-424,52675
-25607,-424,52638
-25611,-436,52646
-25604,-442,52631
-25608,-439,52639
-25615,-433,52653
-25601,-445,52624
-25608,-453,52639
-25615,-448,52653
-25597,-448,52616
-25612,-450,52646
-25578,-464,52576
-25598,-462,52617
-25582,-461,52584
-25586,-457,52592
-25605,-456,52631
-25590,-454,52600
-25591,-468,52602
-25574,-467,52567
-25594,-451,52608
-25602,-459,52624
-25584,-474,52587
-25595,-465,52609
-25588,-471,52594
-25581,-477,52579
-25589,-485,52596
-25573,-484,52563
-25577,-480,52571
-25582,-491,52581
-25586,-488,52589
-25575,-497,52566
-25558,-497,52531
-25579,-494,52574
-25562,-493,52539
-25566,-490,52547
-25568,-503,52551
-25570,-487,52555
-25572,-500,52559
-25554,-500,52522
-25557,-513,52528
-25561,-510,52536
-25546,-507,52505
-25550,-504,52513
-25565,-506,52543
-25554,-516,52520
-25556,-529,52524
-25560,-526,52532
-25542,-526,52495
-25546,-523,52503
-25550,-519,52511
-25538,-529,52486
-25564,-523,52539
-25545,-538,52501
-25549,-535,52509
-25534,-533,52478
-25530,-536,52469
-25534,-548,52477
-25553,-532,52516
-25517,-547,52442
-25538,-545,52485
-25542,-541,52493
-25526,-555,52460
-25526,-540,52460
-25530,-551,52468
-25522,-544,52451
-25510,-569,52426
-25530,-567,52467
-25534,-563,52475
-25538,-560,52483
-25523,-558,52452
-25506,-572,52417
-25519,-576,52443
-25519,-562,52443
-25523,-573,52451
-25527,-570,52459
-25515,-565,52434
-25502,-576,52408
-25507,-586,52418
-25511,-583,52426
-25493,-583,52389
-25515,-580,52434
-25503,-590,52409
-25495,-597,52392
-25498,-580,52398
-25499,-593,52400
-25504,-604,52410
-25489,-587,52379
-25508,-601,52418
-25491,-600,52383
-25512,-598,52426
-25478,-612,52356
-25500,-608,52401
-25487,-604,52374
-25483,-608,52365
-25474,-615,52346
-25493,-614,52385
-25497,-611,52393
-25489,-618,52376
-25476,-628,52350
-25460,-627,52317
-25465,-623,52327
-25486,-635,52370
-25470,-619,52337
-25472,-632,52341
-25478,-642,52353
-25481,-625,52359
-25482,-639,52361
-25485,-621,52367
-25468,-636,52332
-25474,-646,52344
-25459,-643,52313
-25464,-639,52323
-25466,-653,52327
-25470,-649,52335
-25455,-647,52304
-25462,-656,52318
-25446,-655,52285
-25451,-651,52294
-25441,-659,52275
-25449,-667,52291
-25458,-660,52309
-25454,-663,52300
-25437,-663,52265
-25456,-676,52304
-25445,-671,52281
-25432,-667,52254
-25452,-680,52295
-25436,-678,52262
-25441,-675,52272
-25461,-673,52313
-25427,-686,52243
-25448,-683,52286
-25432,-682,52253
-25444,-687,52277
-25418,-694,52223
-25440,-691,52268
-25423,-690,52233
-25436,-694,52259
-25431,-698,52250
-25413,-698,52213
-25403,-707,52192
-25408,-703,52202
-25427,-702,52241
-25418,-710,52222
-25426,-718,52238
-25435,-710,52256
-25422,-721,52229
-25404,-721,52192
-25423,-706,52231
-25409,-717,52202
-25431,-714,52247
-25413,-729,52210
-25414,-713,52212
-25418,-725,52220
-25395,-730,52172
-25400,-725,52182
-25390,-734,52162
-25409,-733,52201
-25400,-740,52182
-25385,-738,52151
-25409,-748,52200
-25380,-742,52140
-25400,-755,52181
-25386,-752,52152
-25405,-736,52191
-25391,-748,52162
-25391,-763,52162
-25375,-747,52129
-25396,-744,52172
-25396,-759,52172
-25405,-752,52190
-25377,-761,52132
-25382,-756,52142
-25382,-771,52143
-25367,-769,52111
-25387,-767,52152
-25372,-765,52121
-25373,-779,52123
-25378,-775,52133
-25362,-773,52100
-25383,-785,52143
-25346,-787,52067
-25374,-793,52124
-25357,-778,52089
-25379,-789,52134
-25364,-787,52103
-25369,-783,52113
-25352,-782,52078
-25354,-795,52082
-25359,-791,52092
-25344,-804,52061
-25365,-801,52104
-25349,-800,52071
-25370,-797,52114
-25339,-808,52050
-25346,-817,52064
-25351,-813,52074
-25334,-813,52039
-25356,-809,52084
-25323,-822,52016
-25361,-805,52094
-25353,-827,52077
-25358,-823,52087
-25342,-821,52054
-25329,-817,52027
-25337,-826,52043
-25348,-831,52067
-25318,-827,52004
-25344,-835,52057
-25327,-834,52022
-25329,-847,52026
-25311,-848,51989
-25332,-830,52032
-25334,-843,52036
-25339,-839,52046
-25322,-839,52011
-25317,-843,52000
-25306,-852,51977
-25320,-856,52005
-25325,-851,52015
-25289,-867,51942
-25332,-861,52030
-25295,-862,51954
-25299,-873,51962
-25327,-865,52019
-25315,-860,51994
-25301,-857,51965
-25305,-869,51973
-25310,-864,51983
-25294,-878,51950
-25318,-873,51999
-25323,-869,52009
-25308,-882,51978
-25289,-882,51939
-25313,-878,51988
-25283,-887,51927
-25272,-897,51904
-25278,-892,51916
-25298,-890,51957
-25303,-886,51967
-25293,-895,51946
-25277,-908,51913
-25288,-899,51935
-25261,-907,51879
-25283,-904,51924
-25267,-902,51891
-25272,-913,51901
-25261,-922,51878
-25267,-917,51890
-25244,-936,51842
-25303,-908,51961
-25308,-903,51971
-25250,-932,51854
-25256,-927,51866
-25298,-912,51950
-25238,-941,51829
-25288,-920,51929
-25272,-933,51896
-25293,-916,51939
-25283,-924,51918
-25267,-937,51885
-25278,-929,51907
-25233,-947,51816
-25262,-942,51874
-25251,-951,51851
-25257,-946,51863
-25246,-958,51838
-25240,-965,51825
-25235,-972,51812
-25229,-979,51799
-25223,-986,51786
-25218,-993,51772
-25285,-963,51904
-25212,-1000,51758
-25206,-1008,51744
-25280,-969,51893
-25275,-975,51881
-25270,-982,51870
-25265,-988,51858
-25254,-1000,51834
-25260,-994,51846
-25249,-1007,51822
-25244,-1013,51809
-25238,-1019,51797
-25233,-1026,51784
-25228,-1033,51772
-25222,-1039,51759
-25216,-1046,51746
-25211,-1053,51733
-25205,-1060,51719
-25199,-1067,51705
-25193,-1075,51691
-25187,-1082,51677
-25181,-1090,51663
-25265,-1051,51825
-25254,-1063,51802
-25260,-1057,51813
-25249,-1069,51790
-25244,-1075,51778
-25233,-1088,51753
-25239,-1082,51765
-25228,-1094,51741
-25222,-1101,51728
-25217,-1107,51715
-25211,-1114,51703
-25206,-1122,51689
-25200,-1131,51675
-25194,-1140,51660
-25188,-1150,51645
-25182,-1160,51630
-25176,-1169,51615
-25170,-1179,51599
-25163,-1190,51584
-25157,-1200,51567
-25246,-1148,51741
-25241,-1157,51728
-25235,-1165,51715
-25230,-1173,51701
-25225,-1182,51688
-25219,-1191,51674
-25213,-1199,51661
-25208,-1208,51647
-25202,-1217,51633
-25196,-1226,51619
-25191,-1235,51604
-25185,-1244,51590
-25179,-1254,51575
-25173,-1263,51560
-25167,-1273,51545
-25160,-1283,51530
-25154,-1293,51514
-25148,-1303,51498
-25141,-1313,51482
-25229,-1275,51642
-25223,-1284,51629
-25218,-1292,51615
-25212,-1301,51601
-25206,-1309,51588
-25201,-1318,51574
-25134,-1324,51465
-25195,-1327,51560
-25189,-1336,51546
-25183,-1345,51531
-25177,-1354,51517
-25171,-1363,51502
-25165,-1373,51487
-25159,-1382,51472
-25153,-1393,51457
-25146,-1405,51440
-25140,-1418,51422
-25133,-1431,51405
-25126,-1444,51387
-25119,-1458,51368
-25112,-1471,51350
-25212,-1407,51540
-25207,-1416,51527
-25201,-1424,51513
-25195,-1433,51499
-25189,-1443,51484
-25183,-1454,51469
-25177,-1465,51453
-25171,-1477,51437
-25165,-1489,51421
-25158,-1501,51405
-25152,-1513,51388
-25145,-1525,51372
-25139,-1537,51355
-25132,-1550,51338
-25125,-1563,51320
-25119,-1575,51302
-25112,-1589,51284
-25104,-1602,51266
-25097,-1616,51248
-25090,-1630,51229
-25196,-1558,51428
-25190,-1569,51413
-25184,-1580,51397
-25178,-1591,51381
-25172,-1603,51366
-25165,-1614,51350
-25159,-1626,51334
-25153,-1638,51318
-25146,-1649,51301
-25140,-1661,51285
-25133,-1674,51268
-25126,-1686,51251
-25120,-1698,51234
-25113,-1711,51216
-25106,-1724,51198
-25099,-1737,51180
-25091,-1752,51161
-25181,-1721,51308
-25174,-1732,51293
-25168,-1743,51277
-25162,-1755,51261
-25083,-1769,51140
-25075,-1786,51119
-25067,-1803,51098
-25155,-1766,51245
-25149,-1778,51229
-25142,-1790,51212
-25136,-1802,51196
-25129,-1814,51179
-25122,-1827,51162
-25115,-1842,51143
-25107,-1857,51124
-25100,-1873,51104
-25092,-1889,51084
-25084,-1905,51064
-25077,-1921,51044
-25069,-1938,51023
-25060,-1955,51002
-25052,-1972,50981
-25044,-1990,50959
-25166,-1888,51187
-25159,-1899,51171
-25153,-1911,51154
-25146,-1925,51136
-25139,-1940,51118
-25131,-1954,51100
-25124,-1969,51081
-25117,-1984,51063
-25109,-1999,51044
-25102,-2014,51025
-25094,-2029,51005
-25087,-2045,50986
-25079,-2061,50966
-25071,-2077,50946
-25063,-2093,50925
-25055,-2110,50905
-25047,-2127,50884
-25039,-2144,50862
-25030,-2161,50840
-25021,-2181,50816
-25150,-2071,51054
-25142,-2086,51036
-25135,-2100,51017
-25128,-2114,50999
-25121,-2129,50981
-25113,-2144,50962
-25106,-2159,50943
-25098,-2174,50924
-25091,-2189,50905
-25083,-2204,50886
-25075,-2220,50866
-25067,-2236,50846
-25059,-2252,50826
-25051,-2268,50805
-25043,-2287,50783
-25033,-2306,50760
-25024,-2327,50736
-25014,-2347,50711
-25004,-2368,50686
-24994,-2390,50661
-25133,-2263,50915
-25126,-2278,50897
-25119,-2292,50879
-25111,-2307,50860
-25104,-2322,50841
-25096,-2337,50822
-25088,-2352,50803
-25081,-2367,50784
-25073,-2382,50764
-25064,-2400,50743
-25055,-2419,50720
-25046,-2438,50698
-25037,-2457,50675
-25028,-2477,50652
-25018,-2497,50628
-25009,-2517,50604
-24999,-2538,50580
-24989,-2559,50555
-24979,-2580,50530
-24969,-2602,50504
-25126,-2496,50760
-25118,-2510,50741
-25111,-2525,50723
-25103,-2540,50703
-25094,-2558,50682
-25085,-2576,50661
-25077,-2594,50639
-25068,-2612,50617
-25059,-2631,50595
-25050,-2650,50573
-25041,-2669,50550
-25031,-2688,50527
-25022,-2708,50504
-25012,-2728,50480
-25003,-2748,50456
-24993,-2768,50432
-24983,-2789,50407
-24972,-2813,50379
-24960,-2838,50351
-24949,-2863,50322
-25129,-2797,50572
-25121,-2815,50551
-25112,-2832,50530
-25103,-2850,50509
-25094,-2868,50487
-25085,-2886,50466
-25076,-2904,50444
-25067,-2923,50421
-25057,-2942,50399
-25048,-2961,50376
-25039,-2980,50353
-25029,-2999,50330
-25019,-3022,50304
-25008,-3044,50278
-24997,-3068,50251
-24985,-3093,50222
-24974,-3120,50192
-24962,-3146,50162
-24949,-3173,50131
-24937,-3201,50100
-25148,-3197,50339
-25139,-3215,50318
-25130,-3233,50296
-25121,-3251,50274
-25112,-3269,50253
-25103,-3288,50230
-25094,-3306,50208
-25083,-3327,50183
-25073,-3349,50158
-25062,-3373,50131
-25051,-3398,50103
-25040,-3422,50075
-25028,-3447,50047
-25017,-3473,50018
-25005,-3498,49989
-24993,-3525,49959
-24981,-3551,49929
-24969,-3578,49899
-24956,-3606,49867
-24944,-3634,49835
-25169,-3605,50102
-25160,-3623,50080
-25150,-3644,50055
-25139,-3667,50029
-25129,-3690,50003
-25118,-3714,49976
-25107,-3737,49950
-25096,-3761,49922
-25085,-3785,49895
-25073,-3810,49867
-25062,-3834,49839
-25051,-3859,49811
-25039,-3885,49782
-25027,-3910,49753
-25015,-3936,49723
-25003,-3963,49693
-24989,-3993,49660
-24976,-4023,49626
-24962,-4053,49592
-24948,-4084,49557
-25186,-4034,49846
-25175,-4057,49820
-25164,-4080,49794
-25153,-4103,49767
-25142,-4126,49740
-25131,-4150,49713
-25120,-4174,49686
-25108,-4198,49659
-25097,-4223,49631
-25086,-4247,49603
-25074,-4272,49574
-25061,-4299,49544
-25049,-4327,49512
-25035,-4356,49480
-25022,-4385,49448
-25009,-4414,49414
-24995,-4444,49381
-24981,-4474,49346
-24966,-4506,49311
-24946,-4544,49270
-25201,-4470,49584
-25190,-4493,49557
-25179,-4516,49531
-25167,-4540,49504
-25156,-4564,49477
-25145,-4588,49449
-25133,-4613,49421
-25121,-4639,49391
-25108,-4666,49360
-25095,-4694,49329
-25082,-4722,49298
-25069,-4750,49266
-25056,-4778,49234
-25043,-4807,49202
-25029,-4836,49168
-25015,-4866,49135
-25000,-4898,49099
-24978,-4938,49057
-24948,-4987,49008
-24912,-5044,48952
-25217,-4907,49320
-25205,-4931,49294
-25193,-4956,49264
-25181,-4983,49235
-25168,-5009,49205
-25156,-5035,49175
-25143,-5062,49145
-25130,-5089,49114
-25117,-5117,49083
-25104,-5145,49051
-25091,-5173,49020
-25078,-5201,48987
-25064,-5230,48955
-25050,-5259,48922
-25033,-5293,48885
-25230,-5353,49048
-25010,-5334,48843
-24979,-5385,48791
-24940,-5445,48732
-24893,-5513,48666
-24839,-5591,48591
-25217,-5379,49018
-25205,-5406,48989
-25192,-5432,48959
-25179,-5459,48928
-25166,-5486,48898
-25153,-5513,48867
-25140,-5541,48836
-25127,-5568,48804
-25114,-5597,48773
-25100,-5625,48740
-25086,-5654,48707
-25067,-5691,48668
-25041,-5735,48622
-25243,-5803,48772
-25008,-5788,48569
-24968,-5849,48509
-24921,-5919,48440
-24865,-5999,48364
-24793,-6097,48271
-25230,-5829,48742
-25217,-5856,48712
-25204,-5883,48681
-25191,-5910,48651
-25178,-5937,48620
-25165,-5965,48588
-25151,-5993,48557
-25137,-6023,48522
-25121,-6055,48487
-25099,-6095,48444
-25071,-6142,48395
-25037,-6197,48340
-25256,-6253,48495
-25243,-6280,48465
-24703,-6216,48159
-24996,-6259,48278
-24948,-6329,48210
-24890,-6412,48131
-24814,-6516,48034
-25230,-6307,48434
-25216,-6335,48402
-25202,-6365,48368
-25187,-6396,48332
-25172,-6428,48296
-25155,-6462,48258
-25132,-6503,48215
-25102,-6551,48165
-25067,-6607,48109
-25025,-6671,48047
-25267,-6711,48209
-25252,-6741,48174
-24720,-6641,47918
-24611,-6787,47783
-24486,-6952,47631
-24975,-6744,47976
-24913,-6832,47893
-24833,-6943,47790
-24735,-7075,47668
-25238,-6772,48139
-25223,-6803,48104
-25208,-6834,48068
-25189,-6870,48029
-25165,-6912,47985
-25134,-6962,47934
-25097,-7020,47876
-25053,-7088,47810
-25001,-7166,47736
-25275,-7179,47911
-25260,-7209,47875
-24622,-7228,47528
-24494,-7399,47371
-24935,-7261,47647
-24849,-7379,47538
-24746,-7520,47409
-25245,-7241,47840
-25225,-7278,47800
-25199,-7323,47753
-25166,-7377,47699
-25126,-7440,47638
-25079,-7512,47568
-25025,-7594,47491
-25282,-7649,47610
-25261,-7689,47567
-24352,-7590,47195
-24200,-7795,47007
-24628,-7680,47262
-24497,-7860,47097
-24954,-7697,47396
-24862,-7825,47278
-24753,-7975,47139
-25232,-7739,47517
-25197,-7797,47460
-25155,-7865,47395
-25106,-7941,47322
-25048,-8028,47241
-25269,-8181,47268
-24352,-8057,46916
-24199,-8265,46725
-24630,-8145,46984
-24494,-8333,46812
-24970,-8141,47135
-24870,-8281,47006
-24755,-8443,46858
-25232,-8243,47208
-25187,-8314,47140
-25135,-8395,47062
-25074,-8487,46975
-24042,-8481,46527
-24348,-8534,46628
-24196,-8743,46436
-24627,-8623,46694
-24490,-8814,46519
-24986,-8612,46859
-24877,-8766,46718
-24756,-8938,46561
-25227,-8809,46861
-25173,-8893,46781
-25107,-8992,46688
-23882,-8703,46323
-24041,-8958,46239
-24344,-9016,46334
-24192,-9225,46143
-24627,-9120,46394
-24489,-9312,46218
-25005,-9137,46554
-24890,-9301,46403
-24768,-9475,46244
-25141,-9550,46370
-23881,-9178,46037
-23718,-9406,45828
-24038,-9439,45946
-24343,-9514,46033
-24192,-9723,45841
-24637,-9659,46076
-24499,-9851,45899
-25031,-9709,46224
-24915,-9878,46070
-23551,-9640,45614
-23880,-9660,45745
-23718,-9885,45537
-24037,-9937,45645
-24352,-10054,45713
-24201,-10263,45521
-24791,-10057,45907
-24660,-10246,45736
-23552,-10117,45325
-23382,-10356,45106
-23880,-10156,45444
-23719,-10381,45237
-24046,-10477,45324
-24521,-10446,45555
-24374,-10656,45366
-24962,-10597,45675
-24838,-10788,45506
-24706,-10989,45328
-23208,-10601,44881
-23554,-10611,45026
-23386,-10847,44809
-23889,-10697,45122
-23728,-10923,44916
-24222,-10873,45169
-24067,-11097,44968
-24566,-11200,45142
-23214,-11090,44586
-23564,-11155,44704
-23397,-11394,44485
-23910,-11325,44762
-23750,-11560,44551
-24419,-11421,44946
-24267,-11650,44744
-24780,-11909,44841
-23037,-11339,44356
-22858,-11593,44121
-23226,-11640,44261
-23587,-11802,44334
-24112,-11883,44537
-23954,-12123,44325
-24640,-12130,44648
-24493,-12361,44448
-23053,-11890,44033
-22877,-12146,43800
-23421,-12049,44112
-23253,-12301,43887
-23794,-12368,44108
-24339,-12601,44239
-24183,-12847,44024
-22698,-12409,43562
-23082,-12558,43657
-23632,-12618,43887
-23468,-12873,43662
-24025,-13097,43805
-24592,-13465,43871
-22515,-12679,43317
-22909,-12821,43421
-22733,-13090,43181
-23302,-13132,43433
-23865,-13352,43583
-23704,-13610,43358
-24436,-13718,43652
-24279,-13973,43431
-22554,-13365,42937
-23133,-13397,43200
-22963,-13666,42964
-23541,-13872,43130
-24121,-14232,43208
-22372,-13647,42687
-22790,-13942,42723
-23376,-14139,42899
-23210,-14410,42664
-23962,-14494,42983
-23801,-14760,42755
-24401,-15243,42772
-22187,-13936,42432
-22614,-14223,42477
-22436,-14511,42227
-23041,-14687,42426
-23639,-15030,42524
-24243,-15510,42545
-22254,-14805,41972
-22871,-14968,42183
-22698,-15256,41937
-23476,-15304,42290
-23311,-15582,42053
-24084,-15780,42316
-23923,-16054,42084
-22070,-15107,41711
-22522,-15549,41686
-23144,-15865,41813
-23762,-16331,41850
-21882,-15417,41445
-22344,-15849,41431
-22975,-16153,41569
-22804,-16447,41321
-23599,-16612,41614
-23434,-16897,41374
-24229,-17192,41588
-24068,-17474,41352
-22163,-16156,41170
-21980,-16470,40904
-22631,-16746,41069
-23268,-17187,41131
-23907,-17758,41115
-21792,-16791,40632
-22455,-17051,40813
-22277,-17362,40552
-23101,-17481,40885
-22931,-17780,40635
-23744,-18046,40875
-23580,-18338,40633
-21602,-17121,40354
-22097,-17680,40285
-22760,-18084,40382
-23414,-18633,40387
-24073,-19294,40324
-21913,-18006,40013
-22586,-18394,40125
-22411,-18709,39863
-23247,-18933,40139
-23079,-19237,39887
-23910,-19589,40081
-23746,-19888,39835
-21725,-18340,39734
-21534,-18681,39448
-22232,-19031,39596
-22909,-19547,39632
-23580,-20190,39587
-21339,-19032,39156
-22050,-19361,39322
-22736,-19861,39374
-22561,-20182,39109
-23413,-20496,39336
-23245,-20806,39082
-23931,-21534,38987
-21865,-19697,39043
-21677,-20042,38758
-22384,-20509,38839
-23075,-21121,38824
-23765,-21842,38735
-21486,-20394,38467
-22204,-20842,38565
-22022,-21181,38286
-22903,-21441,38561
-22729,-21766,38294
-23598,-22155,38481
-23429,-22471,38223
-21292,-20755,38170
-21837,-21528,38002
-22553,-22097,38024
-23258,-22792,37961
-21094,-21126,37866
-21648,-21883,37712
-22374,-22434,37748
-22194,-22777,37469
-23086,-23117,37696
-22913,-23448,37427
-23799,-23896,37579
-23629,-24219,37317
-21457,-22246,37416
-21263,-22617,37113
-22011,-23127,37184
-22737,-23783,37154
-22560,-24123,36878
-23458,-24546,37051
-23286,-24876,36783
-21065,-22997,36804
-21825,-23483,36895
-21636,-23848,36600
-22380,-24470,36597
-23112,-25211,36512
-20863,-23387,36488
-21445,-24220,36299
-22199,-24822,36313
-22015,-25181,36023
-22936,-25551,36238
-22759,-25895,35960
-23673,-26367,36101
-23500,-26702,35831
-21250,-24600,35992
-21052,-24989,35678
-21828,-25547,35728
-22581,-26245,35678
-22400,-26600,35392
-23325,-27041,35557
-23150,-27384,35281
-20850,-25388,35357
-21639,-25920,35428
-21447,-26300,35122
-22217,-26961,35102
-22973,-27731,35002
-22794,-28082,34719
-23551,-28905,34579
-20644,-25798,35029
-21251,-26689,34811
-22032,-27328,34808
-21844,-27701,34508
-22613,-28438,34434
-23375,-29249,34302
-23197,-29597,34022
-21053,-27083,34493
-20852,-27484,34168
-21654,-28078,34204
-21462,-28461,33894
-22431,-28799,34144
-22247,-29163,33851
-23017,-29948,33740
-22837,-30301,33454
-20647,-27895,33835
-21267,-28851,33579
-22061,-29530,33553
-21873,-29903,33251
-22655,-30657,33165
-23427,-31450,33039
-23248,-31797,32756
-20438,-28317,33495
-21069,-29249,33257
-20867,-29656,32929
-21682,-30283,32943
-21488,-30669,32631
-22472,-31018,32873
-22286,-31383,32576
-23067,-32149,32470
-22884,-32504,32182
-20661,-30073,32593
-21292,-31063,32313
-22098,-31754,32276
-21908,-32131,31971
-22700,-32864,31890
-22514,-33228,31594
-23296,-33951,31499
-20450,-30499,32247
-20235,-30935,31894
-21092,-31465,31989
-20888,-31875,31655
-21716,-32514,31661
-21521,-32903,31346
-22327,-33597,31295
-22137,-33971,30992
-23112,-34306,31210
-22927,-34665,30918
-20680,-32294,31316
-20468,-32723,30969
-21321,-33300,31024
-21119,-33705,30695
-21945,-34351,30685
-21749,-34737,30370
-22741,-35029,30623
-22553,-35396,30325
-22362,-35768,30023
-23152,-36414,29963
-20253,-33161,30619
-20914,-34117,30361
-21551,-35129,30051
-21350,-35528,29729
-22169,-36146,29715
-21974,-36529,29403
-22965,-36777,29667
-22776,-37144,29369
-22584,-37516,29066
-20032,-33610,30263
-20704,-34538,30026
-20491,-34968,29683
-21146,-35935,29404
-21776,-36918,29090
-21575,-37313,28773
-22390,-37892,28759
-22194,-38273,28452
-22990,-38812,28438
-22796,-39183,28138
-20274,-35407,29332
-20052,-35857,28973
-20938,-36349,29072
-20727,-36771,28734
-21372,-37715,28450
-21166,-38123,28123
-21996,-38659,28142
-21796,-39051,27827
-22601,-39558,27836
-22405,-39936,27530
-19826,-36317,28606
-20512,-37202,28390
-20294,-37641,28038
-20957,-38538,27790
-20744,-38961,27451
-21593,-39447,27508
-21388,-39850,27184
-22206,-40319,27221
-22006,-40707,26908
-22810,-41158,26934
-22612,-41536,26629
-22413,-41917,26321
-20071,-38090,27679
-19844,-38550,27311
-20528,-39392,27105
-20308,-39832,26752
-21179,-40260,26855
-20968,-40676,26520
-21803,-41100,26592
-21598,-41498,26270
-21390,-41903,25944
-22211,-42302,26009
-22008,-42693,25693
-22622,-43481,25428
-22420,-43865,25117
-19611,-39021,26935
-20083,-40281,26392
-20754,-41101,26179
-20536,-41533,25832
-21180,-42314,25613
-20967,-42731,25276
-21803,-43088,25374
-21595,-43488,25050
-22216,-44254,24802
-22010,-44646,24484
-22425,-45775,23921
-19856,-40738,26024
-19624,-41202,25647
-20315,-41971,25478
-20091,-42415,25116
-20751,-43154,24934
-20532,-43581,24585
-21385,-43894,24722
-21173,-44304,24389
-20959,-44718,24050
-21802,-45043,24162
-21592,-45443,23836
-21381,-45846,23505
-22218,-46166,23604
-22010,-46558,23283
-19387,-41678,25261
-19862,-42869,24747
-19629,-43333,24370
-20310,-44016,24230
-20084,-44460,23868
-20742,-45138,23706
-20522,-45566,23356
-21167,-46255,23170
-20951,-46669,22829
-21801,-46953,22958
-21589,-47352,22629
-21375,-47756,22297
-22221,-48027,22417
-22010,-48419,22093
-21798,-48815,21766
-19391,-43808,23984
-19148,-44294,23588
-19854,-44913,23498
-19620,-45376,23121
-20298,-46001,23000
-20070,-46445,22636
-20731,-47090,22484
-20509,-47518,22132
-21159,-48165,21959
-20940,-48581,21617
-21583,-49216,21435
-21367,-49621,21100
-22007,-50230,20917
-21791,-50628,20587
-19380,-45849,22734
-19135,-46333,22338
-19838,-46897,22266
-19601,-47358,21887
-20283,-47953,21774
-19359,-47829,21498
-20053,-48396,21410
-20718,-49002,21270
-19818,-48847,21037
-20493,-49430,20916
-21147,-50031,20760
-20264,-49864,20557
-20926,-50447,20416
-21574,-51030,20254
-20701,-50868,20067
-21354,-51436,19916
-21132,-51846,19575
-21782,-52387,19425
-21561,-52790,19089
-18884,-46828,21930
-19113,-48309,21101
-18861,-48800,20695
-19579,-49305,20656
-19336,-49773,20268
-20031,-50305,20189
-19795,-50753,19815
-20473,-51294,19710
-20241,-51727,19348
-20907,-52261,19228
-20680,-52681,18875
-21339,-53196,18749
-20449,-53107,18517
-21113,-53606,18403
-20885,-54021,18054
-21545,-54491,17941
-21318,-54897,17597
-18603,-49302,20279
-19088,-50250,19871
-18835,-50736,19466
-19554,-51210,19435
-19309,-51674,19047
-20006,-52166,18980
-19060,-52147,18651
-19768,-52613,18606
-19526,-53066,18226
-20215,-53538,18155
-19978,-53976,17786
-20654,-54440,17700
-20421,-54864,17341
-21089,-55307,17250
-20185,-55293,16978
-20858,-55721,16899
-20625,-56139,16544
-21294,-56538,16466
-21062,-56948,16117
-18576,-51233,19052
-18306,-51741,18622
-18806,-52629,18248
-18546,-53120,17835
-19279,-53527,17838
-19029,-53996,17444
-19738,-54419,17412
-18774,-54473,17042
-19494,-54869,17032
-19246,-55326,16646
-19946,-55728,16610
-19704,-56169,16236
-20390,-56562,16185
-20151,-56989,15821
-20829,-57361,15764
-19910,-57421,15453
-20593,-57778,15408
-20355,-58199,15048
-21033,-58530,15004
-20796,-58942,14650
-20558,-59358,14293
-18274,-53623,17406
-17989,-54136,16962
-18512,-54958,16630
-18239,-55454,16204
-18994,-55790,16253
-18738,-56262,15852
-19458,-56615,15856
-18475,-56742,15442
-19209,-57068,15471
-18955,-57527,15079
-19666,-57858,15079
-19418,-58300,14700
-20114,-58624,14684
-19168,-58749,14316
-19871,-59053,14316
-19625,-59487,13943
-20317,-59777,13932
-20075,-60200,13568
-20762,-60466,13556
-19829,-60627,13199
-20521,-60881,13198
-20278,-61299,12836
-20482,-62348,12123
-17952,-55960,15762
-17652,-56476,15303
-18200,-57230,15018
-17912,-57728,14578
-18698,-57993,14681
-18433,-58466,14273
-18157,-58948,13851
-18913,-59203,13926
-18655,-59663,13530
-19376,-59926,13564
-18389,-60130,13123
-19124,-60370,13182
-18868,-60819,12793
-19581,-61058,12826
-19331,-61493,12450
-20033,-61720,12471
-19077,-61932,12068
-19786,-62144,12103
-19536,-62571,11732
-20237,-62763,11762
-19284,-63002,11355
-19990,-63182,11397
-19740,-63604,11029
-20194,-64173,10707
-19945,-64591,10342
-17611,-58236,14123
-17296,-58753,13652
-17868,-59438,13414
-17566,-59937,12963
-18111,-60605,12704
-18609,-61273,12399
-17821,-61088,12270
-18341,-61734,11995
-18821,-62376,11682
-18061,-62203,11577
-18560,-62826,11289
-19029,-63438,10975
-18290,-63282,10886
-19489,-64029,10657
-18771,-63878,10590
-19235,-64457,10281
-18509,-64323,10198
-19694,-65011,9973
-18978,-64890,9901
-19440,-65434,9601
-19900,-65949,9306
-19185,-65860,9226
-19646,-66368,8936
-19391,-66789,8564
-19598,-67676,7918
-17251,-60445,12495
-16922,-60962,12011
-17519,-61578,11822
-17203,-62077,11359
-17771,-62678,11146
-16874,-62585,10879
-17468,-63162,10701
-18010,-63744,10470
-17152,-63653,10242
-17718,-64213,10042
-18237,-64774,9796
-17414,-64689,9599
-18719,-65326,9517
-17955,-65231,9383
-18455,-65767,9127
-17662,-65694,8955
-18927,-66289,8846
-18183,-66214,8726
-18666,-66723,8463
-17899,-66665,8311
-19133,-67213,8189
-18401,-67160,8073
-18874,-67640,7810
-18125,-67602,7671
-19341,-68096,7545
-18611,-68070,7426
-19082,-68518,7170
-18819,-68941,6789
-19290,-69336,6552
-19027,-69751,6174
-16529,-63102,10380
-16822,-64151,9764
-16477,-64658,9268
-17097,-65172,9140
-16767,-65663,8666
-17357,-66164,8513
-17040,-66639,8057
-17604,-67123,7884
-17298,-67586,7445
-17840,-68049,7257
-16980,-68055,6992
-18343,-68503,7034
-17544,-68501,6832
-18066,-68941,6632
-17237,-68958,6394
-18554,-69363,6405
-17779,-69384,6218
-18284,-69788,6015
-17482,-69830,5794
-18762,-70168,5793
-18005,-70218,5615
-18496,-70588,5409
-17717,-70651,5205
-18972,-70938,5193
-18224,-71010,5020
-18706,-71353,4812
-17944,-71436,4620
-18438,-71771,4429
-18165,-72191,4039
-18651,-72499,3845
-18381,-72915,3462
-16108,-65174,8747
-16422,-66161,8175
-16053,-66667,7658
-16710,-67122,7587
-15660,-67181,7113
-16365,-67612,7100
-15996,-68109,6587
-16651,-68530,6525
-16305,-69012,6040
-16919,-69420,5943
-16589,-69889,5477
-17175,-70280,5358
-16856,-70732,4911
-17419,-71088,4784
-16524,-71190,4449
-17110,-71531,4351
-17655,-71866,4211
-16790,-71978,3905
-17355,-72300,3791
-17883,-72614,3641
-17045,-72738,3358
-17592,-73041,3232
-18107,-73333,3072
-17291,-73472,2811
-17823,-73755,2673
-18327,-74026,2505
-17530,-74180,2263
-18050,-74443,2115
-17227,-74608,1842
-18135,-74618,1801
-17765,-74863,1714
-17851,-75032,1403
-17470,-75286,1303
-17929,-75221,1066
-17558,-75449,995
-17638,-75631,661
-17710,-75834,300
-15601,-68613,6043
-15935,-69500,5527
-15183,-69125,5471
-15540,-69996,4986
-16242,-70363,4993
-15871,-70844,4482
-15121,-70499,4417
-16177,-71653,3970
-15475,-71332,3943
-15804,-72122,3462
-16458,-72430,3444
-16110,-72887,2966
-16724,-73181,2912
-15736,-73350,2459
-16391,-73628,2453
-16979,-73907,2378
-16042,-74081,1975
-16657,-74346,1932
-16323,-74789,1474
-16914,-75040,1408
-16590,-75475,963
-17165,-75712,880
-17255,-75868,576
-16256,-75915,504
-16850,-76141,446
-17337,-76045,246
-16943,-76291,147
-16525,-76574,0
-17411,-76241,-112
-17028,-76461,-179
-16621,-76716,-293
-17476,-76456,-502
-17103,-76651,-534
-16708,-76879,-616
-17168,-76858,-924
-16786,-77062,-968
-17223,-77085,-1345
-16852,-77263,-1356
-16908,-77481,-1776
-16518,-77665,-1810
-16556,-77876,-2252
-16936,-77718,-2251
-14679,-71009,3820
-15056,-71822,3379
-15407,-72596,2927
-14614,-72318,2788
-14988,-73077,2366
-15338,-73818,1926
-14546,-73565,1778
-15666,-74538,1470
-14918,-74292,1366
-15973,-75236,997
-15267,-74999,937
-15596,-75688,492
-14846,-75467,378
-15905,-76358,28
-15196,-76144,-40
-16189,-77010,-457
-15528,-76804,-476
-16289,-77145,-746
-15839,-77447,-933
-15128,-77250,-1009
-16379,-77300,-1064
-15940,-77573,-1220
-16457,-77473,-1417
-15462,-77886,-1438
-16028,-77719,-1539
-15563,-78003,-1725
-16098,-77884,-1900
-15648,-78141,-2046
-16149,-78069,-2305
-15714,-78297,-2413
-16571,-78106,-2742
-16180,-78273,-2756
-15761,-78474,-2824
-15312,-78713,-2949
-16198,-78496,-3242
-15794,-78671,-3271
-16576,-78355,-3266
-15362,-78881,-3357
-15815,-78887,-3753
-16204,-78738,-3762
-15398,-79071,-3798
-15824,-79123,-4269
-15423,-79280,-4274
-16199,-78999,-4317
-15821,-79377,-4820
-15803,-79645,-5414
-14150,-72821,2171
-14083,-74059,1164
-14476,-74771,780
-13601,-74555,524
-14017,-75252,170
-14407,-75934,-205
-13537,-75738,-466
-14777,-76600,-598
-13949,-76407,-813
-14338,-77061,-1181
-14708,-77701,-1567
-13880,-77526,-1787
-15061,-78323,-1970
-14268,-78156,-2149
-15163,-78434,-2255
-14640,-78763,-2525
-15247,-78564,-2580
-14744,-78864,-2807
-14200,-79207,-3104
-14829,-78986,-3133
-14307,-79298,-3382
-14897,-79127,-3500
-14396,-79409,-3705
-14951,-79290,-3902
-14469,-79542,-4064
-14992,-79473,-4337
-14529,-79697,-4458
-15435,-79508,-4785
-15021,-79674,-4807
-14576,-79872,-4886
-15036,-79895,-5313
-15434,-79756,-5332
-14608,-80067,-5350
-14628,-80282,-5850
-15038,-80135,-5854
-15417,-80016,-5926
-14633,-80515,-6389
-15023,-80387,-6448
-15385,-80290,-6566
-14620,-80759,-6979
-14993,-80654,-7083
-14593,-81019,-7609
-14950,-80939,-7757
-14556,-81297,-8274
-14510,-81594,-8972
-13040,-76232,-1124
-13470,-76885,-1446
-12975,-77369,-2100
-13402,-77997,-2417
-13810,-78615,-2754
-12469,-77859,-2771
-12908,-78473,-3068
-13333,-79073,-3378
-13741,-79654,-3705
-13854,-79735,-3979
-12841,-79536,-4023
-13949,-79837,-4293
-13265,-80106,-4327
-13385,-80175,-4593
-14030,-79960,-4642
-13489,-80267,-4896
-12774,-80561,-4970
-14096,-80106,-5027
-12904,-80620,-5224
-13577,-80381,-5236
-14148,-80272,-5448
-13017,-80701,-5514
-13650,-80518,-5611
-13115,-80806,-5841
-14186,-80459,-5905
-13709,-80676,-6022
-13197,-80933,-6204
-14209,-80667,-6398
-13754,-80854,-6469
-13265,-81082,-6604
-14219,-80891,-6931
-13785,-81053,-6953
-13317,-81252,-7042
-13800,-81269,-7481
-13356,-81442,-7516
-14211,-81128,-7516
-13377,-81648,-8038
-13799,-81498,-8058
-14191,-81383,-8138
-13382,-81869,-8605
-13785,-81745,-8671
-14160,-81656,-8794
-13375,-82110,-9208
-13761,-82012,-9317
-14120,-81947,-9483
-13359,-82369,-9843
-13728,-82297,-9995
-14072,-82255,-10204
-13333,-82648,-10511
-13685,-82599,-10708
-13296,-82942,-11215
-13631,-82913,-11462
-13248,-83250,-11960
-12406,-78953,-3732
-11904,-79423,-4401
-12343,-79998,-4678
-11847,-80451,-5337
-12282,-81012,-5618
-12416,-81068,-5864
-12538,-81141,-6142
-11791,-81455,-6269
-12646,-81235,-6456
-11929,-81509,-6507
-12054,-81580,-6778
-12737,-81352,-6807
-12169,-81668,-7082
-12813,-81492,-7196
-11573,-82012,-7416
-12270,-81775,-7420
-12875,-81652,-7622
-11691,-82098,-7712
-12356,-81905,-7797
-11797,-82202,-8043
-12920,-81833,-8088
-12426,-82056,-8211
-11891,-82322,-8408
-12948,-82030,-8602
-12479,-82227,-8669
-11970,-82464,-8810
-12961,-82243,-9159
-12514,-82414,-9173
-12031,-82624,-9258
-12536,-82619,-9718
-12075,-82801,-9751
-12963,-82476,-9749
-12106,-82998,-10283
-12546,-82845,-10296
-12954,-82729,-10374
-12125,-83216,-10849
-12545,-83090,-10909
-12935,-83000,-11031
-12133,-83453,-11449
-12534,-83354,-11555
-12905,-83287,-11727
-12129,-83710,-12084
-12510,-83633,-12242
-12863,-83588,-12461
-12112,-83980,-12761
-13192,-83574,-12738
-12476,-83927,-12966
-12813,-83906,-13230
-12085,-84268,-13475
-12432,-84239,-13725
-12755,-84242,-14033
-12048,-84573,-14223
-12380,-84569,-14518
-12003,-84896,-15004
-12319,-84914,-15343
-11354,-80897,-5998
-11304,-81890,-6921
-11444,-81942,-7152
-10820,-82317,-7576
-10963,-82367,-7799
-11095,-82435,-8055
-11216,-82520,-8344
-10484,-82785,-8449
-11325,-82621,-8668
-10620,-82851,-8697
-10744,-82933,-8978
-11422,-82740,-9025
-10856,-83033,-9294
-11508,-82875,-9419
-10274,-83339,-9614
-10957,-83149,-9644
-11577,-83025,-9856
-10390,-83437,-9922
-11044,-83281,-10033
-10493,-83551,-10265
-11631,-83192,-10337
-11119,-83427,-10461
-10584,-83679,-10648
-11672,-83380,-10854
-11181,-83586,-10929
-10663,-83822,-11066
-11700,-83589,-11407
-11232,-83765,-11432
-10730,-83979,-11525
-11270,-83965,-11971
-10787,-84153,-12017
-11716,-83818,-11995
-10834,-84345,-12543
-11295,-84186,-12546
-11721,-84067,-12618
-10869,-84557,-13104
-11308,-84426,-13159
-11711,-84329,-13285
-10438,-84931,-13668
-10890,-84787,-13706
-11306,-84680,-13814
-11691,-84610,-13987
-10468,-85151,-14252
-10897,-85033,-14344
-11294,-84954,-14502
-11662,-84909,-14723
-10893,-85299,-15014
-11272,-85246,-15220
-11623,-85225,-15487
-10879,-85584,-15721
-11948,-85236,-15814
-11240,-85555,-15973
-11574,-85556,-16289
-10855,-85887,-16464
-11879,-85573,-16680
-11197,-85878,-16768
-11511,-85888,-17147
-10818,-86200,-17250
-11140,-86203,-17616
-11439,-86234,-18041
-10768,-86519,-18088
-11075,-86543,-18500
-10709,-86853,-18963
-11001,-86899,-19422
-10147,-83258,-9340
-9807,-83737,-10252
-9926,-83832,-10552
-10033,-83944,-10886
-9465,-84220,-11183
-10127,-84069,-11261
-9576,-84328,-11510
-10210,-84209,-11672
-9674,-84451,-11875
-9122,-84705,-12134
-10282,-84364,-12121
-9762,-84589,-12277
-9225,-84826,-12489
-10344,-84536,-12604
-9838,-84741,-12716
-9317,-84961,-12881
-10396,-84725,-13119
-9904,-84911,-13189
-9397,-85111,-13306
-9961,-85098,-13691
-9468,-85279,-13764
-10008,-85301,-14224
-9529,-85463,-14255
-9036,-85639,-14337
-9580,-85663,-14781
-9101,-85821,-14818
-10042,-85516,-14800
-10484,-85389,-14874
-9156,-86017,-15337
-9618,-85875,-15348
-10066,-85748,-15410
-10489,-85647,-15533
-9199,-86227,-15895
-9647,-86104,-15949
-10080,-85997,-16056
-10482,-85924,-16227
-9232,-86453,-16487
-9667,-86349,-16585
-10082,-86267,-16739
-10466,-86219,-16959
-9256,-86695,-17114
-9677,-86611,-17256
-10073,-86554,-17458
-9271,-86954,-17775
-10435,-86524,-17737
-9677,-86891,-17963
-10050,-86850,-18228
-9276,-87228,-18474
-10392,-86836,-18564
-9660,-87177,-18723
-10014,-87154,-19044
-9267,-87506,-19223
-10340,-87164,-19428
-9632,-87474,-19528
-9968,-87475,-19897
-10641,-87202,-19875
-9247,-87796,-20016
-9594,-87788,-20370
-10279,-87507,-20330
-9915,-87811,-20788
-10565,-87562,-20826
-9547,-88117,-21249
-10209,-87859,-21273
-9850,-88156,-21723
-9489,-88454,-22176
-10128,-88217,-22263
-9775,-88509,-22703
-9420,-88801,-23145
-9692,-88872,-23718
-8781,-85191,-13093
-8875,-85326,-13475
-8960,-85474,-13889
-8442,-85677,-14063
-8527,-85829,-14472
-8607,-85992,-14910
-8108,-86165,-15045
-8677,-86172,-15381
-8184,-86335,-15480
-8735,-86364,-15892
-8257,-86515,-15943
-7778,-86657,-16037
-8318,-86703,-16447
-8783,-86571,-16441
-7845,-86843,-16501
-7906,-87035,-17000
-8370,-86908,-16985
-8821,-86794,-17023
-7961,-87238,-17529
-8413,-87129,-17558
-8849,-87034,-17641
-8008,-87456,-18093
-8446,-87366,-18166
-8868,-87290,-18293
-8046,-87690,-18691
-8470,-87619,-18810
-8877,-87560,-18985
-8075,-87941,-19325
-8482,-87884,-19494
-8873,-87833,-19726
-8091,-88201,-20001
-8482,-88153,-20227
-8859,-88118,-20508
-8095,-88467,-20726
-9217,-88102,-20846
-8473,-88435,-21000
-8836,-88418,-21327
-8090,-88745,-21489
-9177,-88424,-21715
-8455,-88732,-21809
-8804,-88733,-22184
-8077,-89038,-22290
-8428,-89042,-22657
-9125,-88753,-22632
-8054,-89344,-23131
-8758,-89053,-23091
-8389,-89355,-23555
-9063,-89093,-23591
-8019,-89653,-24020
-8703,-89387,-24040
-9343,-89158,-24151
-8341,-89681,-24492
-8992,-89445,-24587
-7976,-89976,-24948
-8639,-89732,-25026
-9257,-89524,-25190
-8283,-90020,-25468
-8912,-89805,-25617
-7925,-90309,-25913
-8565,-90085,-26047
-8215,-90364,-26480
-8815,-90143,-26702
-8473,-90417,-27123
-8130,-90690,-27546
-8375,-90753,-28230
-8039,-91019,-28643
-7451,-87147,-17044
-7508,-87347,-17543
-7128,-87633,-18069
-7560,-87556,-18070
-7176,-87851,-18594
-7608,-87776,-18626
-6810,-88119,-19103
-7220,-88078,-19150
-7650,-88008,-19215
-6851,-88354,-19656
-7260,-88315,-19735
-7683,-88255,-19839
-6498,-88605,-20146
-6887,-88599,-20240
-7295,-88562,-20352
-7704,-88511,-20507
-6532,-88857,-20728
-6918,-88851,-20858
-7320,-88814,-21012
-7712,-88773,-21223
-6559,-89114,-21346
-6941,-89107,-21514
-7333,-89072,-21719
-6579,-89375,-22001
-7712,-89048,-21977
-6957,-89363,-22214
-7337,-89344,-22464
-6592,-89638,-22699
-7703,-89338,-22769
-6966,-89633,-22949
-7332,-89631,-23246
-6600,-89911,-23430
-7684,-89639,-23603
-6965,-89917,-23722
-7317,-89927,-24072
-6603,-90194,-24194
-7653,-89945,-24482
-6954,-90208,-24540
-7291,-90230,-24943
-6596,-90480,-25005
-6933,-90508,-25402
-7615,-90264,-25402
-6579,-90777,-25857
-7257,-90546,-25853
-6903,-90820,-26303
-7568,-90594,-26358
-6554,-91086,-26749
-7214,-90872,-26801
-7862,-90645,-26916
-6867,-91142,-27241
-7510,-90923,-27355
-6523,-91404,-27679
-7163,-91194,-27790
-7786,-90963,-27972
-6819,-91459,-28223
-7440,-91236,-28401
-6480,-91715,-28653
-7097,-91504,-28828
-7702,-91287,-29059
-6758,-91765,-29252
-7362,-91554,-29478
-7023,-91818,-29896
-7940,-91352,-29771
-7608,-91614,-30177
-6689,-92076,-30312
-7274,-91875,-30586
-6940,-92134,-30997
-6609,-92386,-31406
-7500,-91927,-31339
-7172,-92182,-31739
-6842,-92437,-32141
-6516,-92686,-32541
-7061,-92491,-32923
-6736,-92741,-33316
-6622,-93044,-34524
-6192,-89090,-21201
-6217,-89351,-21818
-5890,-89566,-22275
-6235,-89618,-22471
-5906,-89837,-22926
-6245,-89887,-23166
-5591,-90034,-23367
-5915,-90112,-23618
-6251,-90166,-23895
-5599,-90313,-24055
-5919,-90396,-24343
-5296,-90493,-24479
-6251,-90454,-24658
-5603,-90602,-24776
-5918,-90688,-25103
-5300,-90786,-25195
-6243,-90742,-25465
-5600,-90897,-25534
-5011,-90948,-25602
-5907,-90980,-25909
-5298,-91082,-25951
-5591,-91192,-26336
-6229,-91037,-26309
-5009,-91246,-26354
-5289,-91380,-26748
-5893,-91279,-26751
-5001,-91547,-27146
-5576,-91494,-27174
-6211,-91342,-27192
-5275,-91686,-27581
-5875,-91586,-27629
-4987,-91856,-27974
-5557,-91806,-28048
-6185,-91656,-28111
-5256,-92000,-28450
-5852,-91899,-28540
-4968,-92173,-28838
-5531,-92121,-28957
-6145,-91962,-29079
-5229,-92318,-29357
-5816,-92199,-29500
-4942,-92491,-29740
-6424,-92018,-29673
-5494,-92423,-29914
-6094,-92261,-30089
-5192,-92622,-30310
-5769,-92495,-30501
-4905,-92796,-30688
-6358,-92325,-30724
-5449,-92719,-30909
-6033,-92565,-31131
-5145,-92921,-31300
-5713,-92795,-31534
-6283,-92630,-31810
-5397,-93016,-31933
-5962,-92865,-32209
-5093,-93221,-32321
-5645,-93090,-32604
-5334,-93306,-32995
-6194,-92926,-32936
-5030,-93511,-33378
-5878,-93156,-33326
-5566,-93378,-33712
-6414,-92986,-33707
-5259,-93590,-34093
-6097,-93222,-34094
-4958,-93793,-34470
-5786,-93448,-34475
-5479,-93666,-34852
-6305,-93285,-34906
-5176,-93875,-35224
-5992,-93517,-35284
-5685,-93740,-35656
-5383,-93953,-36023
-6186,-93580,-36139
-5083,-94156,-36388
-5879,-93807,-36508
-5574,-94022,-36873
-5271,-94226,-37236
-4969,-94417,-37598
-5740,-94055,-37795
-5432,-94257,-38160
-5125,-94447,-38524
-5254,-94445,-39521
-4731,-91388,-26744
-4724,-91693,-27531
-4455,-91819,-27904
-4711,-92006,-28354
-4445,-92133,-28719
-4183,-92246,-29080
-4693,-92325,-29212
-4429,-92455,-29572
-4173,-92567,-29922
-4668,-92643,-30110
-3916,-92670,-30271
-4405,-92774,-30466
-4152,-92884,-30809
-4632,-92949,-31052
-3901,-92983,-31148
-4371,-93082,-31403
-3648,-93077,-31488
-4860,-93097,-31674
-4120,-93192,-31740
-4589,-93251,-32032
-3875,-93288,-32069
-4329,-93385,-32376
-3629,-93379,-32398
-4080,-93496,-32706
-4808,-93399,-32689
-3380,-93466,-32731
-3840,-93591,-33026
-4538,-93554,-33040
-3600,-93679,-33344
-4281,-93688,-33378
-3355,-93760,-33668
-4035,-93800,-33701
-4745,-93689,-33743
-3797,-93892,-34015
-4477,-93843,-34089
-3558,-93972,-34327
-4222,-93975,-34421
-3313,-94044,-34646
-3976,-94085,-34739
-4673,-93974,-34829
-3736,-94172,-35049
-4407,-94127,-35170
-3498,-94244,-35357
-4152,-94256,-35497
-4879,-94075,-35591
-3904,-94359,-35813
-4593,-94254,-35948
-3661,-94440,-36120
-4323,-94402,-36287
-3421,-94505,-36424
-4065,-94524,-36612
-4786,-94347,-36750
-3815,-94620,-36924
-4494,-94521,-37107
-3570,-94694,-37228
-4221,-94663,-37444
-3328,-94753,-37529
-3960,-94777,-37766
-4669,-94597,-37959
-3708,-94865,-38076
-4373,-94761,-38316
-3461,-94931,-38378
-4095,-94894,-38655
-3830,-94996,-38978
-4821,-94624,-38886
-3574,-95070,-39288
-4518,-94790,-39246
-3322,-95123,-39591
-4217,-94942,-39604
-3933,-95064,-39945
-4944,-94620,-39885
-3663,-95151,-40270
-4636,-94784,-40246
-3394,-95199,-40588
-4330,-94935,-40607
-4017,-95064,-40974
-3709,-95151,-41336
-4707,-94713,-41346
-3416,-95196,-41683
-4372,-94828,-41736
-4038,-94932,-42125
-3706,-95023,-42512
-3388,-95086,-42884
-4012,-94710,-43388
-3675,-94799,-43775
-3341,-94877,-44160
-3102,-93833,-33998
-3062,-94108,-34971
-2802,-94164,-35303
-3254,-94308,-35670
-3003,-94364,-35988
-2745,-94413,-36314
-2479,-94453,-36646
-3177,-94561,-36731
-2927,-94610,-37044
-2670,-94650,-37363
-2406,-94682,-37689
-3084,-94801,-37831
-2132,-94702,-38025
-2834,-94841,-38139
-2576,-94871,-38454
-3215,-94981,-38677
-2306,-94887,-38780
-2969,-95018,-38978
-2024,-94888,-39120
-2711,-95040,-39289
-1730,-94875,-39471
-2442,-95047,-39612
-3066,-95154,-39898
-2163,-95041,-39946
-2804,-95165,-40211
-1872,-95020,-40290
-2534,-95161,-40533
-2255,-95144,-40864
-3123,-95221,-40908
-2849,-95224,-41230
-1966,-95115,-41205
-2574,-95210,-41556
-1669,-95073,-41555
-2294,-95181,-41887
-3130,-95207,-42018
-2007,-95142,-42225
-2845,-95201,-42352
-1712,-95091,-42572
-2562,-95181,-42684
-2279,-95148,-43016
-3091,-95109,-43232
-1995,-95102,-43349
-2802,-95105,-43566
-1705,-95048,-43688
-2514,-95087,-43899
-2228,-95056,-44230
-3021,-94926,-44530
-1943,-95012,-44561
-2724,-94932,-44871
-1660,-94958,-44889
-2432,-94915,-45204
-2144,-94888,-45534
-3268,-94582,-45518
-1859,-94851,-45860
-2931,-94645,-45902
-2612,-94677,-46266
-2319,-94668,-46598
-2031,-94647,-46924
-1747,-94616,-47246
-2491,-94352,-47716
-2184,-94374,-48062
-1898,-94362,-48381
-1750,-94020,-49908
-1572,-94987,-40646
-1261,-94940,-41012
-1363,-95020,-41915
-1049,-94954,-42283
-727,-94879,-42659
-1410,-95031,-42925
-1104,-94962,-43284
-793,-94888,-43647
-1412,-94988,-44030
-478,-94808,-44015
-1115,-94922,-44376
-158,-94722,-44388
-815,-94851,-44725
-511,-94775,-45078
-1375,-94900,-45220
-203,-94693,-45435
-1087,-94837,-45553
-796,-94768,-45889
-1578,-94804,-46183
-503,-94694,-46229
-1300,-94748,-46503
-206,-94615,-46572
-1020,-94687,-46824
-738,-94621,-47148
-454,-94551,-47475
-1467,-94577,-47563
-166,-94475,-47804
-1191,-94529,-47877
-918,-94472,-48187
-645,-94411,-48498
-1616,-94340,-48696
-370,-94345,-48811
-1338,-94310,-49007
-93,-94275,-49125
-1064,-94271,-49313
-794,-94224,-49616
-528,-94168,-49915
-261,-94108,-50214
-1469,-94008,-50216
-1193,-93989,-50519
-921,-93961,-50817
-654,-93924,-51112
-390,-93880,-51402
-130,-93827,-51689
-1034,-93610,-52099
-764,-93590,-52391
-499,-93562,-52678
-237,-93526,-52962
-329,-93157,-54307
-70,-93129,-54584
108,-94605,-45797
426,-94514,-46166
94,-94531,-46918
399,-94442,-47270
710,-94349,-47628
1026,-94253,-47994
123,-94395,-48136
416,-94310,-48471
714,-94222,-48811
1016,-94131,-49157
186,-94201,-49442
1324,-94038,-49509
468,-94122,-49761
1637,-93941,-49866
754,-94040,-50083
1043,-93956,-50410
6,-94043,-50515
1337,-93868,-50742
276,-93975,-50817
548,-93902,-51121
1635,-93778,-51080
823,-93826,-51427
1101,-93746,-51737
129,-93769,-51975
1382,-93665,-52051
390,-93708,-52262
653,-93643,-52551
918,-93574,-52842
1186,-93502,-53135
20,-93481,-53241
1457,-93425,-53433
273,-93429,-53516
527,-93372,-53792
782,-93312,-54068
1039,-93248,-54345
1297,-93181,-54624
185,-93092,-54856
1558,-93112,-54906
436,-93048,-55124
684,-92997,-55388
932,-92941,-55652
1181,-92882,-55917
1431,-92819,-56183
363,-92622,-56550
612,-92589,-56810
858,-92548,-57065
1100,-92500,-57317
1342,-92449,-57569
1585,-92394,-57821
1044,-92034,-58814
1282,-91994,-59059
1517,-91947,-59300
1939,-93684,-51423
2248,-93588,-51772
1668,-93580,-52370
1958,-93493,-52694
2253,-93403,-53024
2552,-93310,-53359
1731,-93347,-53736
2857,-93214,-53700
2009,-93265,-54042
2292,-93182,-54354
2578,-93095,-54670
2869,-93006,-54991
1823,-93041,-55192
3165,-92913,-55318
2090,-92967,-55482
2361,-92891,-55775
2636,-92812,-56073
2914,-92731,-56375
1684,-92755,-56452
3195,-92648,-56683
1939,-92688,-56724
2197,-92620,-56999
2457,-92550,-57277
2719,-92478,-57559
2985,-92403,-57845
1829,-92339,-58076
2075,-92281,-58333
2323,-92222,-58592
2574,-92161,-58855
2827,-92098,-59120
3083,-92029,-59390
1752,-91897,-59541
1989,-91845,-59784
2228,-91792,-60029
2469,-91737,-60276
2711,-91680,-60526
2956,-91622,-60778
1707,-91397,-61099
1937,-91351,-61330
2168,-91303,-61563
2400,-91253,-61797
2634,-91202,-62032
2870,-91149,-62270
3107,-91094,-62510
2364,-90703,-63422
2590,-90657,-63645
2818,-90609,-63869
3047,-90560,-64096
3017,-89943,-65810
3465,-92817,-55651
3481,-92563,-56995
3771,-92474,-57312
4066,-92378,-57632
3255,-92326,-58134
3528,-92247,-58429
3806,-92165,-58727
4088,-92079,-59031
4373,-91987,-59337
4664,-91892,-59649
3343,-91958,-59664
3605,-91884,-59942
3871,-91808,-60224
4141,-91730,-60510
4415,-91647,-60800
3204,-91561,-61033
4692,-91559,-61093
3454,-91499,-61290
3707,-91434,-61552
3963,-91368,-61816
4222,-91299,-62084
4485,-91227,-62356
4751,-91152,-62631
3347,-91038,-62752
3588,-90980,-62997
3832,-90920,-63244
4079,-90858,-63495
4329,-90794,-63748
4581,-90729,-64005
3278,-90509,-64324
3510,-90456,-64554
3745,-90403,-64786
3981,-90347,-65020
4219,-90290,-65257
4460,-90231,-65496
4703,-90170,-65738
3240,-89898,-66024
3465,-89851,-66240
3691,-89803,-66457
3919,-89753,-66676
4148,-89702,-66897
4379,-89649,-67121
4612,-89594,-67346
3665,-89106,-68275
3886,-89062,-68478
4107,-89016,-68681
4330,-88969,-68886
4555,-88921,-69092
4310,-88180,-70793
4527,-88138,-70986
4974,-91469,-61391
5261,-91375,-61695
5021,-91072,-62910
5294,-90989,-63193
5573,-90903,-63481
5856,-90814,-63774
4837,-90661,-64265
5096,-90588,-64527
5358,-90512,-64793
5624,-90433,-65063
5894,-90351,-65337
6169,-90267,-65616
4949,-90108,-65984
5198,-90042,-66232
5450,-89972,-66481
5705,-89899,-66735
5963,-89824,-66989
6225,-89746,-67246
4847,-89538,-67573
5085,-89481,-67799
5325,-89421,-68028
5567,-89358,-68259
5812,-89291,-68491
6060,-89222,-68727
4781,-88871,-69300
5009,-88819,-69510
5239,-88766,-69722
5471,-88712,-69937
5705,-88655,-70154
5941,-88594,-70371
6180,-88530,-70592
4746,-88094,-71180
4966,-88049,-71376
5187,-88002,-71573
5410,-87954,-71772
5635,-87905,-71972
5861,-87854,-72175
6090,-87799,-72379
4949,-87155,-73395
5164,-87115,-73579
5379,-87074,-73763
5596,-87031,-73950
5814,-86987,-74137
6034,-86941,-74327
5584,-86017,-76087
5796,-85980,-76261
6008,-85941,-76437
6448,-90180,-65901
6492,-89666,-67507
6763,-89583,-67772
7038,-89497,-68043
6312,-89151,-68967
6567,-89078,-69211
6826,-89002,-69458
7089,-88923,-69710
7356,-88842,-69967
7627,-88757,-70228
6422,-88465,-70815
6667,-88398,-71041
6915,-88329,-71271
7166,-88258,-71504
7422,-88184,-71742
7681,-88108,-71983
6320,-87741,-72584
6553,-87682,-72792
6789,-87621,-73003
7027,-87558,-73216
7269,-87493,-73433
7513,-87426,-73653
6256,-86893,-74517
6479,-86841,-74709
6704,-86788,-74902
6931,-86733,-75098
7161,-86676,-75296
7393,-86617,-75497
6222,-85902,-76613
6437,-85860,-76791
6654,-85814,-76969
6872,-85767,-77149
7091,-85719,-77331
7312,-85671,-77514
6212,-84756,-78874
6419,-84724,-79038
6628,-84690,-79203
6838,-84653,-79368
7048,-84614,-79534
7261,-84574,-79702
6829,-83360,-81758
7033,-83330,-81911
7238,-83299,-82065
7945,-88029,-72229
8213,-87948,-72479
7761,-87356,-73876
8013,-87285,-74103
8269,-87211,-74334
8529,-87134,-74570
8793,-87055,-74810
7628,-86557,-75701
7866,-86494,-75908
8107,-86430,-76117
8352,-86363,-76331
8599,-86296,-76547
8850,-86226,-76768
7535,-85620,-77700
7761,-85568,-77889
7989,-85515,-78079
8220,-85459,-78273
8453,-85401,-78469
8690,-85342,-78668
8930,-85280,-78871
7475,-84533,-79872
7691,-84489,-80044
7909,-84445,-80217
8129,-84398,-80393
8351,-84350,-80571
8576,-84300,-80751
8803,-84248,-80934
7445,-83266,-82220
7653,-83232,-82376
7862,-83196,-82534
8073,-83159,-82694
8286,-83120,-82855
8500,-83080,-83019
8717,-83038,-83184
7442,-81815,-84725
7644,-81791,-84868
7846,-81763,-85014
8049,-81734,-85161
8253,-81703,-85309
8459,-81671,-85458
8036,-80023,-87800
8237,-80019,-87930
9105,-86154,-76993
9365,-86079,-77221
9174,-85216,-79077
9421,-85150,-79286
9673,-85081,-79500
9928,-85010,-79717
9033,-84195,-81120
9267,-84139,-81309
9503,-84081,-81501
9744,-84022,-81696
9987,-83959,-81894
10235,-83895,-82097
8936,-82995,-83352
9158,-82950,-83522
9382,-82903,-83694
9609,-82854,-83869
9839,-82804,-84046
10072,-82751,-84227
8667,-81638,-85609
8877,-81604,-85762
9088,-81568,-85916
9301,-81531,-86072
9517,-81492,-86229
9735,-81452,-86389
9956,-81410,-86552
8439,-80013,-88060
8642,-80004,-88193
8846,-79992,-88327
9051,-79977,-88462
9258,-79960,-88600
9466,-79940,-88740
9675,-79917,-88883
8614,-77998,-90973
8813,-78006,-91091
9014,-78014,-91210
9216,-78020,-91330
9418,-78025,-91452
9191,-75789,-94219
10487,-83826,-82302
10308,-82696,-84411
10549,-82639,-84598
10792,-82576,-84786
11039,-82511,-84978
10179,-81366,-86716
10406,-81320,-86884
10635,-81273,-87053
10868,-81222,-87225
11103,-81167,-87399
11343,-81110,-87576
9886,-79886,-89029
10098,-79851,-89179
10312,-79815,-89331
10529,-79777,-89485
10749,-79737,-89641
10971,-79695,-89798
9623,-78026,-91575
9828,-78025,-91700
10035,-78022,-91827
10243,-78015,-91956
10453,-78006,-92088
10665,-77994,-92222
10879,-77979,-92358
9387,-75801,-94330
9584,-75813,-94441
9782,-75824,-94554
9981,-75834,-94667
10182,-75842,-94782
10384,-75850,-94897
10589,-75857,-95014
9771,-73392,-97537
9963,-73411,-97639
10156,-73428,-97743
11586,-81051,-87756
11196,-79649,-89957
11424,-79601,-90118
11656,-79552,-90283
11891,-79500,-90450
12131,-79446,-90620
11095,-77961,-92496
11313,-77937,-92636
11533,-77910,-92779
11756,-77879,-92924
11981,-77844,-93074
12209,-77801,-93228
10795,-75863,-95133
11003,-75867,-95252
11213,-75871,-95373
11425,-75871,-95494
11639,-75869,-95617
11855,-75864,-95743
10350,-73445,-97847
10546,-73460,-97953
10743,-73475,-98059
10942,-73489,-98166
11142,-73502,-98275
11344,-73513,-98384
11547,-73521,-98494
10347,-70800,-100927
10535,-70827,-101021
10724,-70854,-101115
10914,-70879,-101211
11106,-70903,-101307
12441,-77754,-93386
12676,-77705,-93548
12074,-75855,-95871
12295,-75844,-96003
12520,-75829,-96137
12747,-75810,-96274
12978,-75788,-96415
13210,-75763,-96558
11752,-73529,-98604
11959,-73536,-98716
12169,-73542,-98830
12381,-73548,-98946
12597,-73552,-99063
12815,-73555,-99182
11298,-70926,-101404
11492,-70948,-101502
11687,-70967,-101599
11884,-70985,-101698
12082,-71003,-101798
12283,-71019,-101899
12486,-71034,-102002
11843,-68175,-104801
11656,-68144,-104716
11469,-68112,-104632
11283,-68077,-104547
11098,-68041,-104463
10915,-68004,-104379
13036,-73557,-99303
13259,-73558,-99425
13482,-73557,-99546
13705,-73553,-99666
12691,-71049,-102106
12899,-71063,-102212
13110,-71075,-102320
13321,-71087,-102427
13532,-71097,-102533
13742,-71105,-102638
13204,-68369,-105426
13004,-68344,-105333
12806,-68318,-105242
12610,-68291,-105151
12415,-68264,-105062
12223,-68235,-104974
12032,-68206,-104887
12559,-65257,-108309
12374,-65215,-108234
12190,-65172,-108159
12008,-65128,-108085
11827,-65082,-108012
11647,-65036,-107940
11468,-64988,-107867
11995,-61749,-111409
13953,-71112,-102741
14163,-71117,-102842
14397,-68489,-105953
14199,-68473,-105870
14002,-68456,-105785
13803,-68436,-105697
13604,-68415,-105608
13404,-68392,-105518
13878,-65529,-108847
13690,-65493,-108773
13502,-65456,-108697
13312,-65418,-108621
13122,-65379,-108542
12933,-65340,-108464
12745,-65299,-108386
13061,-62115,-111780
12880,-62057,-111716
12701,-61998,-111653
12523,-61938,-111590
12346,-61876,-111529
12170,-61813,-111469
14592,-68504,-106033
14968,-65710,-109224
14795,-65683,-109175
14619,-65656,-109120
14437,-65626,-109056
14251,-65595,-108989
14065,-65563,-108919
14306,-62483,-112198
14131,-62435,-112144
13956,-62386,-112089
13778,-62334,-112030
13600,-62281,-111969
13421,-62227,-111908
13241,-62171,-111845
13518,-58673,-115326
13346,-58589,-115283
13174,-58504,-115240
13000,-58418,-115195
12826,-58329,-115151
12653,-58239,-115107
12481,-58147,-115065
15268,-62747,-112393
15117,-62705,-112375
14963,-62663,-112352
14806,-62619,-112324
14644,-62575,-112289
14478,-62530,-112248
14655,-59198,-115542
14505,-59129,-115527
14350,-59058,-115505
14188,-58986,-115475
14022,-58911,-115442
13856,-58834,-115406
13687,-58754,-115367
13575,-54589,-118936
13413,-54474,-118917
13249,-54357,-118897
13084,-54238,-118875
12917,-54117,-118851
15498,-59586,-115540
15360,-59525,-115548
15223,-59462,-115554
15085,-59398,-115558
14945,-59332,-115558
14802,-59266,-115552
14754,-55439,-118935
14621,-55338,-118954
14486,-55235,-118969
14346,-55132,-118979
14202,-55027,-118982
14051,-54921,-118977
13894,-54813,-118966
13735,-54703,-118953
13270,-49647,-122725
15668,-56116,-118739
15535,-56024,-118770
15402,-55929,-118799
15271,-55833,-118828
15141,-55736,-118856
15013,-55638,-118884
14884,-55539,-118911
14521,-50932,-122520
14397,-50795,-122561
14271,-50656,-122601
14143,-50517,-122637
14012,-50377,-122669
13875,-50235,-122694
13729,-50092,-122707
13578,-49947,-122716
13425,-49798,-122722
15772,-52247,-122036
15642,-52120,-122088
15513,-51993,-122139
15386,-51864,-122190
15260,-51735,-122240
15135,-51603,-122288
15011,-51471,-122336
14888,-51338,-122383
14766,-51203,-122430
14644,-51068,-122476
13757,-45110,-126512
13633,-44941,-126560
13508,-44774,-126605
15304,-47313,-125705
15182,-47149,-125773
15061,-46983,-125841
14941,-46817,-125908
14822,-46650,-125973
14704,-46481,-126038
14587,-46311,-126102
14470,-46140,-126166
14354,-45969,-126229
14237,-45797,-126291
14119,-45624,-126351
14000,-45451,-126408
13879,-45280,-126462
15808,-47966,-125432
15679,-47804,-125501
15552,-47641,-125569
15427,-47478,-125637
13600,-40407,-129865
13824,-40255,-130108
13716,-40092,-130163
13717,-40057,-130189
15653,-43095,-129002
15527,-42902,-129081
15403,-42710,-129160
15280,-42521,-129237
15160,-42334,-129313
15041,-42149,-129388
14924,-41967,-129460
14809,-41788,-129532
14695,-41611,-129602
14583,-41436,-129670
14472,-41264,-129738
14362,-41091,-129802
14253,-40921,-129866
14145,-40752,-129929
14038,-40585,-129990
13931,-40419,-130050
13829,-39708,-130505
13936,-39362,-130816
14043,-39017,-131124
15781,-43289,-128921
14149,-38674,-131430
14255,-38330,-131735
14360,-37986,-132037
15233,-37731,-132672
15118,-37552,-132742
14465,-37642,-132339
15005,-37375,-132811
14571,-37299,-132639
14894,-37200,-132879
14784,-37028,-132945
14676,-36955,-132940
14782,-36612,-133240
15711,-38479,-132372
15589,-38288,-132451
15468,-38099,-132527
15349,-37914,-132600
14887,-36268,-133541
14994,-35923,-133841
15100,-35578,-134142
15207,-35231,-134443
15314,-34883,-134744
15421,-34532,-135045
15529,-34180,-135347
15638,-33824,-135648
13497,-24716,-139873
13576,-24494,-140082
13655,-24277,-140286
13733,-24065,-140487
13811,-23857,-140684
13889,-23654,-140878
13968,-23455,-141069
14046,-23260,-141258
14125,-23069,-141444
14204,-22882,-141628
14283,-22698,-141810
14362,-22516,-141988
14442,-22336,-142165
14522,-22157,-142339
14602,-21981,-142512
14684,-21807,-142683
14766,-21635,-142854
14849,-21465,-143024
14933,-21296,-143194
15017,-21128,-143363
13677,-12347,-147649
13728,-12225,-147772
13780,-12111,-147890
13831,-12002,-148004
13883,-11899,-148113
13934,-11803,-148218
13985,-11712,-148320
14036,-11628,-148418
14087,-11549,-148513
14139,-11475,-148604
14191,-11407,-148693
14243,-11344,-148779
14350,-11232,-148944
14296,-11285,-148863
14571,-11055,-149249
14514,-11094,-149176
14459,-11137,-149101
14404,-11182,-149023
14682,-10991,-149387
14627,-11020,-149319
14238,-4120,-152920
14225,-4062,-152923
14214,-4008,-152924
14202,-3958,-152925
14192,-3913,-152924
14182,-3871,-152922
14172,-3834,-152918
14163,-3801,-152914
14155,-3772,-152907
14146,-3747,-152900
14139,-3727,-152890
14131,-3711,-152879
14125,-3699,-152866
14118,-3692,-152852
14112,-3689,-152835
14085,-3742,-152719
14106,-3690,-152816
14090,-3722,-152747
14095,-3707,-152773
14100,-3696,-152796
13987,-626,-154183
13984,-581,-154189
13982,-540,-154195
13980,-502,-154201
-26258,490,54068
-26258,490,54068
-26258,490,54068
-26258,490,54068
-26258,490,54068
-26258,490,54068
-26258,490,54068
-26258,490,54068
-26258,490,54068
-26258,490,54068
-26258,490,54068
-26258,490,54068
-26258,490,54068
-26258,490,54068
-26258,490,54068
-26258,490,54068
-26258,490,54068
-26258,490,54068
-26258,490,54068
-26258,490,54068
13978,-468,-154206
13977,-436,-154211
13976,-408,-154215
13975,-382,-154219
13974,-360,-154223
13974,-339,-154226
13973,-322,-154229
13973,-307,-154232
13973,-294,-154234
13973,-283,-154236
13973,-275,-154238
13973,-265,-154239
13973,-267,-154239
13973,-269,-154239
13973,-264,-154239
13973,-264,-154240
-25924,2,53332
-25930,22,53346
-25928,20,53342
-25926,19,53338
-25924,17,53334
-25922,16,53330
-25920,14,53326
-25937,28,53361
-25918,12,53322
-25935,27,53357
-25916,11,53318
-25942,32,53372
-25940,31,53368
-25938,30,53364
-25933,25,53354
-25950,39,53389
-25931,24,53350
-25948,38,53385
-25945,35,53379
-25943,34,53375
-25947,52,53384
-25946,37,53382
-25945,51,53380
-25954,58,53399
-25952,57,53395
-25962,65,53416
-25959,62,53410
-25957,61,53406
-25950,55,53392
-25948,54,53388
-25965,68,53423
-25960,64,53413
-25974,76,53442
-25955,60,53403
-25971,73,53436
-25968,70,53430
-25966,69,53426
-25963,67,53420
-25975,77,53445
-25972,74,53439
-25969,72,53433
-25977,93,53450
-25975,92,53446
-25983,99,53463
-25980,96,53457
-25978,95,53453
-25992,106,53482
-25973,90,53443
-25989,104,53476
-25986,101,53470
-25984,100,53466
-26000,113,53499
-25981,97,53460
-25996,110,53491
-25993,107,53485
-25990,105,53479
-25987,103,53473
-26001,114,53502
-25998,112,53496
-25997,111,53494
-25994,109,53488
-26002,130,53505
-26008,135,53518
-26005,133,53512
-26016,142,53535
-26013,140,53529
-26012,139,53527
-26009,137,53521
-26026,151,53556
-26006,134,53515
-26022,148,53548
-26021,147,53546
-26003,132,53509
-26036,175,53579
-26018,145,53540
-26017,143,53538
-26032,171,53571
-26014,141,53532
-26010,138,53524
-26027,152,53559
-26043,181,53594
-26042,180,53592
-26023,149,53551
-26038,177,53584
-26037,176,53582
-26019,146,53543
-26034,174,53576
-26033,173,53574
-26030,170,53568
-26046,184,53601
-26045,183,53599
-26044,182,53597
-26024,150,53554
-26040,179,53589
-26039,178,53587
-26049,187,53608
-26048,186,53606
-26047,185,53604
-26052,189,53615
-26051,189,53613
-26050,188,53611
-26059,210,53630
-26070,220,53653
-26069,219,53651
-26068,218,53649
-26067,217,53647
-26066,216,53645
-26061,212,53635
-26060,211,53633
-26074,223,53662
-26073,222,53660
-26072,221,53658
-26071,220,53656
-26064,215,53642
-26063,214,53640
-26062,213,53638
-26078,227,53672
-26077,226,53670
-26076,225,53668
-26075,225,53666
-26074,224,53664
-26102,262,53723
-26097,258,53713
-26096,257,53711
-26095,257,53709
-26094,256,53707
-26093,255,53705
-26092,254,53703
-26091,253,53701
-26090,253,53699
-26089,252,53697
-26088,251,53695
-26087,250,53693
-26118,291,53759
-26101,262,53722
-26117,291,53757
-26100,261,53720
-26099,260,53718
-26098,260,53716
-26124,297,53772
-26123,296,53770
-26121,294,53766
-26104,265,53729
-26120,294,53764
-26103,264,53727
-26119,293,53762
-26102,263,53725
-26116,290,53756
-26097,259,53715
-26130,302,53785
-26128,300,53781
-26127,300,53779
-26126,299,53777
-26125,298,53775
-26122,295,53769
-26121,295,53767
-26118,292,53761
-26129,301,53784
-26128,301,53782
-26126,299,53778
-26124,297,53774
-26151,335,53831
-26148,333,53825
-26146,331,53821
-26154,338,53838
-26153,337,53836
-26152,336,53834
-26151,336,53832
-26150,335,53830
-26149,334,53828
-26148,333,53826
-26147,332,53824
-26146,332,53822
-26145,331,53820
-26144,330,53818
-26155,339,53841
-26153,338,53837
-26152,337,53835
-26149,334,53829
-26180,376,53895
-26179,375,53893
-26178,374,53891
-26177,373,53889
-26176,372,53887
-26175,372,53885
-26174,371,53883
-26173,370,53881
-26155,340,53842
-26154,339,53840
-26181,377,53898
-26181,377,53898
-26180,376,53896
-26179,375,53894
-26178,375,53892
-26177,374,53890
-26176,373,53888
-26175,372,53886
-26174,371,53884
-26173,370,53882
-26180,376,53897
-26177,374,53891
-26207,414,53954
-26206,413,53952
-26205,413,53950
-26204,412,53948
-26203,411,53946
-26202,410,53944
-26207,415,53955
-26206,414,53953
-26206,414,53953
-26205,413,53951
-26204,412,53949
-26204,412,53949
-26203,411,53947
-26203,411,53947
-26202,410,53945
-26202,411,53945
-26201,410,53943
-26232,451,54009
-26231,450,54007
-26231,450,54007
-26206,414,53954
-26205,413,53952
-26204,412,53950
-26233,452,54012
-26232,451,54010
-26232,452,54010
-26232,451,54010
-26231,451,54008
-26231,451,54008
-26231,451,54008
-26230,450,54006
-26230,450,54006
-26230,450,54006
-26232,452,54011
-26232,452,54011
-26232,452,54011
-26232,452,54011
-26231,451,54009
-26231,451,54009
-26230,450,54007
