-22881,-113,47046
-22924,-48,47031
-23061,-333,47201
-22706,-292,46401
-22681,-172,46344
-22704,-279,46368
-22684,-175,46309
-22661,-55,46260
-24871,-416,50721
-24881,-434,50743
-24848,-370,50670
-24859,-388,50692
-24836,-342,50642
-24825,-323,50619
-24813,-296,50591
-24802,-276,50567
-24780,-210,50507
-24792,-224,50529
-24759,-130,50441
-24771,-145,50464
-23140,-13,47115
-24737,-25,50362
-24750,-39,50385
-23228,-269,47253
-23458,-335,47263
-23465,-109,47175
14001,81,-154204
14012,185,-154187
-23028,-405,47223
-22790,-685,46661
-22800,-725,46671
-23147,-664,47373
-22735,-437,46505
-22804,-741,46658
-22752,-515,46538
-22766,-576,46550
-22742,-467,46486
-23171,-587,47345
-25084,-849,51197
-25077,-836,51181
-25054,-789,51130
-25062,-803,51147
-25039,-757,51096
-25031,-743,51079
-25016,-711,51046
-25008,-696,51027
-24985,-649,50976
-24994,-664,50995
-24962,-603,50925
-24971,-618,50945
-24939,-556,50874
-23260,-808,47464
-24949,-572,50894
-24926,-526,50844
-24917,-510,50823
-24894,-463,50772
-24904,-480,50793
-23302,-492,47368
-23360,-693,47466
-23419,-684,47381
-23439,-523,47328
14025,299,-154166
14040,420,-154142
-22910,-1136,46959
-22849,-918,46812
-22902,-1108,46925
-22851,-923,46800
-22868,-996,46824
-22899,-1110,46897
-22831,-852,46726
-23240,-871,47485
-25259,-1209,51590
-25282,-1255,51641
-25305,-1302,51692
-25219,-1125,51500
-25242,-1171,51550
-25265,-1217,51601
-25174,-1033,51399
-25287,-1264,51651
-25310,-1310,51702
-25197,-1079,51449
-25237,-1162,51538
-25214,-1115,51487
-25191,-1069,51436
-25168,-1022,51385
-25145,-976,51334
-25122,-929,51283
-25099,-882,51232
-25152,-987,51348
-25129,-941,51298
-25107,-895,51247
-23313,-1056,47579
-23328,-988,47554
-23368,-1219,47655
-23378,-1146,47626
-23411,-1196,47641
-23338,-1171,47486
-23423,-1110,47626
-23354,-1091,47474
-23400,-871,47547
-23420,-1005,47597
-23370,-1008,47460
-23386,-921,47444
-23402,-825,47424
14057,552,-154115
14077,692,-154084
-22972,-1339,47101
-22955,-1282,47046
-23037,-1527,47239
-23009,-1445,47163
-22936,-1234,46986
-22971,-1350,47063
-23006,-1455,47142
-23065,-1597,47277
-23046,-1572,47223
-23087,-1577,47304
-23078,-1539,47279
-23050,-1425,47206
-23069,-1501,47255
-23060,-1463,47230
-23041,-1387,47181
-23049,-1382,47190
-23083,-1555,47275
-23092,-1593,47299
-23065,-1480,47226
-23074,-1517,47250
-23075,-1414,47237
-23056,-1442,47202
-23037,-1367,47154
-23047,-1405,47178
-23032,-1336,47136
-23101,-1442,47282
-23057,-1366,47180
-23085,-1570,47260
-23094,-1608,47284
-23066,-1493,47210
-23081,-1557,47248
-23057,-1455,47186
-23076,-1532,47235
-23126,-1467,47326
-23072,-1518,47223
-23091,-1595,47272
-23063,-1480,47198
-23053,-1441,47173
-23058,-1437,47182
-23081,-1392,47222
-23150,-1488,47367
-23080,-1474,47221
-23105,-1415,47263
-23086,-1471,47230
-23173,-1507,47407
-23127,-1435,47302
-23108,-1506,47269
-23112,-1501,47277
-23149,-1452,47339
-23196,-1522,47445
-23134,-1534,47316
-23138,-1528,47322
-23217,-1534,47482
-23170,-1467,47375
-23160,-1559,47360
-23163,-1551,47366
-23238,-1543,47516
-23190,-1478,47409
-25332,-1356,51752
-25328,-1348,51743
-25351,-1395,51794
-25377,-1448,51853
-25419,-1535,51947
-25374,-1442,51845
-25355,-1402,51802
-23258,-1549,47550
-25422,-1540,51954
-25400,-1494,51903
-23187,-1570,47407
-25442,-1581,51998
-25397,-1488,51896
-25445,-1586,52004
-25465,-1628,52050
-23185,-1580,47403
-23210,-1481,47439
-25468,-1632,52055
-25488,-1675,52101
-25490,-1678,52105
-25511,-1721,52152
-25513,-1724,52156
-25535,-1771,52206
-25534,-1768,52203
-23277,-1553,47581
-23210,-1587,47447
-23208,-1598,47444
-23295,-1554,47611
-23231,-1613,47483
-23233,-1600,47485
-23230,-1453,47454
-23254,-1610,47521
-23253,-1624,47520
-23314,-1525,47627
-23275,-1618,47556
-23294,-1622,47589
-23250,-1422,47468
-23313,-1624,47620
-23332,-1486,47639
-23331,-1623,47650
-23349,-1619,47678
-23269,-1389,47481
-23349,-1446,47649
-23367,-1632,47710
-23366,-1595,47697
-23384,-1610,47729
-23287,-1353,47491
-23366,-1403,47657
-23383,-1553,47706
-23401,-1566,47738
-23404,-1359,47712
-23382,-1354,47662
-23305,-1313,47500
-23400,-1508,47714
-23417,-1518,47745
-23420,-1455,47740
-23415,-1460,47721
-23410,-1282,47680
-23397,-1277,47653
-23322,-1247,47496
-23422,-1394,47715
14099,842,-154049
-23104,-1703,47372
-23106,-1654,47353
-23124,-1730,47402
-23097,-1616,47328
-23115,-1692,47377
-23134,-1768,47426
-23079,-1660,47294
-23121,-1738,47387
-23101,-1630,47323
-23110,-1668,47347
-23129,-1743,47396
-23120,-1705,47371
-23123,-1777,47379
-23113,-1685,47334
-23122,-1723,47358
-23141,-1800,47408
-23109,-1672,47322
-23132,-1762,47383
-23150,-1838,47432
-23104,-1647,47309
-23119,-1710,47347
-23137,-1787,47396
-23128,-1749,47371
-23100,-1633,47297
-23147,-1826,47421
-25557,-1815,52254
-25558,-1817,52257
-25579,-1861,52305
-25580,-1863,52307
-25602,-1908,52356
-25625,-1955,52408
-25603,-1909,52357
-25625,-1954,52407
-23274,-1632,47556
-23295,-1638,47590
-23314,-1640,47622
-23333,-1640,47653
-23350,-1638,47682
14123,1002,-154011
14150,1172,-153969
14181,1352,-153924
14120,1614,-153698
14134,1718,-153666
14214,1542,-153874
14149,1827,-153631
14166,1942,-153594
14184,2063,-153555
14203,2190,-153514
14224,2323,-153470
14246,2463,-153424
14271,2609,-153377
14296,2761,-153326
14324,2921,-153274
14354,3087,-153219
14386,3259,-153162
14420,3439,-153103
14456,3625,-153041
14495,3818,-152978
14536,4018,-152912
14580,4225,-152844
14627,4438,-152775
14678,4665,-152700
14611,6261,-151652
14641,6393,-151605
14673,6531,-151554
14706,6674,-151502
14740,6821,-151447
14776,6973,-151389
14814,7131,-151329
14854,7294,-151267
14895,7462,-151203
14938,7633,-151136
14983,7809,-151067
15030,7990,-150996
15079,8174,-150922
15130,8362,-150846
15183,8554,-150769
15238,8748,-150688
15295,8947,-150606
15354,9149,-150523
15416,9355,-150438
15480,9562,-150350
15363,14063,-147357
15422,14107,-147365
15478,14156,-147368
15531,14213,-147366
15584,14276,-147359
15637,14344,-147351
15690,14415,-147340
15745,14490,-147328
15801,14567,-147314
15858,14647,-147298
15915,14729,-147280
15973,14814,-147259
16033,14903,-147236
16093,14995,-147211
16155,15090,-147185
16217,15189,-147157
16280,15290,-147126
16345,15392,-147093
16411,15497,-147059
16478,15604,-147023
17651,22984,-142763
17579,23044,-142696
17506,23105,-142626
17433,23168,-142554
17360,23231,-142481
17287,23294,-142409
17216,23356,-142337
17145,23418,-142264
17074,23480,-142191
17004,23542,-142116
16933,23604,-142040
16860,23669,-141961
16781,23742,-141877
16698,23822,-141787
16608,23910,-141690
16514,24004,-141589
16419,24101,-141486
16321,24202,-141379
16220,24306,-141268
16119,24413,-141155
18967,31562,-137682
18893,31847,-137472
18820,32128,-137264
18844,32350,-137110
18746,32407,-137056
19004,32815,-136798
18672,32683,-136850
18597,32956,-136644
18522,33228,-136439
19171,33301,-136469
18446,33498,-136234
18367,33766,-136027
18280,34041,-135814
18565,34799,-135323
18709,35184,-135070
18184,34324,-135593
18078,34616,-135365
17964,34912,-135131
18856,35582,-134803
18540,35847,-134565
18437,36134,-134341
19008,35995,-134524
19165,36422,-134230
19328,36863,-133923
19496,37319,-133600
19671,37790,-133261
17846,35211,-134895
17723,35512,-134655
17597,35814,-134414
18041,36321,-134137
17467,36117,-134171
17339,36416,-133930
17212,36711,-133692
17490,36740,-133730
17643,36998,-133576
17799,37264,-133415
17978,38017,-132905
18277,38115,-132883
18783,39268,-132112
18934,39394,-132036
18653,39596,-131855
19097,39746,-131791
19260,40113,-131531
19421,40496,-131256
19586,40891,-130966
19755,41296,-130663
19928,41711,-130345
20108,42135,-130013
17087,37002,-133455
17411,38544,-132417
18207,39866,-131596
18528,40112,-131459
17648,41515,-130293
17805,41763,-130136
17966,42014,-129975
18476,42781,-129464
18967,42633,-129618
18818,42991,-129336
19192,43879,-128677
19375,44172,-128455
19559,44475,-128220
19741,44789,-127971
19922,45116,-127705
20101,45457,-127422
20280,45810,-127121
20464,46171,-126806
17199,40790,-130743
17345,41029,-130597
17520,42206,-129761
18327,43346,-129021
18187,44272,-128300
19097,45849,-127135
18745,46179,-126862
18927,46228,-126830
19544,48278,-125161
19742,48513,-124953
19942,48753,-124733
20144,49001,-124501
20344,49258,-124252
20543,49527,-123985
20739,49809,-123699
17594,45730,-127110
17751,46092,-126848
17910,46305,-126698
18073,46520,-126546
18406,46646,-126471
18589,47169,-126065
19347,48049,-125359
19172,48862,-124690
18987,49252,-124368
20261,52511,-121387
20480,52691,-121171
20700,52877,-120941
20919,53074,-120691
17297,45457,-127278
17445,45668,-127138
18449,49715,-123979
18278,49927,-123799
18634,51144,-122769
18819,51549,-122413
19204,51651,-122301
19406,51827,-122129
19010,52043,-121969
19615,51996,-121958
19829,52164,-121780
20045,52336,-121590
20295,55692,-118350
20533,55817,-118159
20772,55948,-117953
21013,56085,-117729
17629,49023,-124509
17331,49757,-123890
17480,49930,-123759
17789,50277,-123491
17949,50451,-123352
18113,50624,-123211
18456,52551,-121552
19202,54215,-119982
19001,54610,-119641
19400,55207,-119015
19612,55330,-118858
19832,55451,-118696
20060,55571,-118527
20269,58660,-115341
20521,58742,-115165
20780,58826,-114978
21042,58915,-114775
17628,52072,-121976
17766,54050,-120253
17928,54184,-120127
18094,54317,-119999
18620,54706,-119598
18258,54841,-119509
18431,55160,-119198
18785,56183,-118186
19174,56596,-117717
18965,56996,-117368
19351,58306,-115977
19568,58397,-115827
19792,58487,-115671
19127,58849,-115483
20026,58575,-115509
19961,61395,-112524
20209,61452,-112361
20468,61506,-112190
20737,61555,-112012
21018,61600,-111826
20935,64067,-108921
17303,53643,-120616
17454,53780,-120497
17591,54880,-119516
17687,57433,-117136
17851,57533,-117021
18020,57633,-116904
18379,57582,-116901
18556,57928,-116532
18149,59136,-115406
18910,59256,-115123
18307,59873,-114632
18676,60314,-114094
19063,60998,-113268
19272,61207,-112978
18839,61412,-112897
19493,61273,-112832
19722,61335,-112681
19627,64025,-109718
19870,64057,-109567
20122,64078,-109411
20383,64088,-109252
20653,64085,-109089
20520,66331,-106253
20802,66258,-106102
17217,57127,-117463
17370,57230,-117356
17522,57460,-117125
17430,59879,-114777
17568,60543,-114088
17737,60621,-113979
17909,60699,-113867
18457,60926,-113511
18218,62057,-112380
18984,63055,-111067
18752,63473,-110684
18330,63748,-110518
18513,64111,-110056
19165,63944,-110006
19392,63986,-109865
18891,65026,-108878
19257,66495,-106942
19493,66487,-106812
19736,66467,-106679
19988,66435,-106541
20249,66390,-106399
19810,68541,-103748
20076,68460,-103620
20353,68369,-103484
20641,68265,-103340
20162,70276,-100748
20459,70147,-100617
17087,60304,-114396
17244,60385,-114296
17317,62180,-112445
17981,63053,-111375
17079,63343,-111257
17415,63465,-111063
17588,63524,-110961
17767,63582,-110856
18112,64148,-110140
18651,65450,-108483
17989,66151,-107907
18173,66411,-107540
19028,66494,-107069
18777,66885,-106713
18528,67314,-106303
18294,67598,-106060
18633,68601,-104587
18837,68781,-104204
19068,68735,-104097
19307,68679,-103986
19554,68614,-103870
19085,70683,-101208
19339,70596,-101102
19603,70499,-100990
19877,70393,-100872
19656,72192,-98158
19949,72049,-98048
20253,71892,-97931
20026,73498,-95279
16917,63281,-111350
17182,64380,-110118
16713,66088,-108315
16881,66134,-108229
17227,66221,-108049
17407,66262,-107954
17591,66302,-107856
17028,66481,-107800
17756,66678,-107370
17846,68058,-105689
17193,68847,-104969
17382,68862,-104881
17974,68872,-104605
18374,69037,-104163
17674,69822,-103512
17461,69965,-103431
18462,70174,-102502
17982,70637,-102186
18194,70612,-102066
17723,71063,-101747
18602,70835,-101405
18839,70763,-101309
18274,71647,-100442
17997,72086,-99992
18344,72744,-98629
18589,72652,-98544
18842,72551,-98454
19103,72442,-98361
19375,72322,-98262
19714,73682,-95377
19414,73851,-95471
18578,74279,-95725
19125,74006,-95560
18847,74148,-95645
19777,74956,-92701
19458,75168,-92779
19151,75363,-92853
18855,75543,-92923
19508,76264,-90214
19181,76505,-90269
16855,68498,-105492
16474,68739,-105292
16649,68771,-105216
17008,68826,-105054
16657,70392,-103201
16742,71195,-102105
16930,71183,-102038
17123,71165,-101969
17474,71432,-101375
17078,72775,-99601
17253,72920,-99254
17436,73042,-98925
18075,73044,-98385
17605,73289,-98391
17788,73483,-97915
17865,74363,-96341
18066,74511,-95873
18318,74400,-95801
17567,74800,-95856
17642,75603,-94320
18570,75709,-92989
18293,75862,-93052
18026,76004,-93111
17766,76134,-93166
18866,76727,-90322
18562,76932,-90370
18268,77123,-90416
17984,77298,-90458
19214,77447,-87815
18880,77713,-87847
18558,77959,-87876
18246,78186,-87902
18903,78498,-85503
18561,78786,-85511
18576,79425,-83273
16194,71198,-102293
16374,71202,-102232
16427,72125,-100942
15864,73388,-99337
16047,73360,-99295
16423,73289,-99205
16617,73248,-99156
16815,73203,-99103
16169,73695,-98713
17018,74326,-97139
16075,75189,-96344
16276,75135,-96305
16482,75078,-96263
17126,74874,-96117
16643,75271,-95814
16773,75651,-95044
17188,75677,-94633
17334,76036,-93821
16795,76563,-93351
16515,76899,-92976
17406,76766,-92330
17087,77198,-91819
16729,77807,-90975
17708,77460,-90495
17440,77610,-90530
17157,77847,-90384
16831,78274,-89868
16900,78846,-88490
17944,78394,-87924
17652,78588,-87945
17370,78768,-87965
17097,78937,-87984
18230,79050,-85515
17912,79296,-85519
17605,79524,-85524
17308,79738,-85529
17021,79937,-85534
18226,79730,-83259
17891,80015,-83246
17567,80281,-83233
17256,80529,-83221
18240,80247,-81113
17884,80572,-81086
17543,80874,-81060
17899,80979,-79019
17538,81321,-78980
17555,81634,-76978
15895,75155,-96510
15495,75325,-96449
15685,75283,-96417
15611,76536,-94334
15097,77128,-93600
15302,77073,-93582
15710,76952,-93529
16130,76813,-93464
15918,76885,-93497
16174,77517,-92107
15315,77839,-92188
16248,78069,-90950
16444,78115,-90653
15762,78412,-90731
15544,78498,-90754
15327,78579,-90773
15973,79152,-88977
15677,79501,-88546
16567,79268,-87970
16080,79511,-88053
16244,79662,-87486
15692,80149,-87060
16637,79767,-86650
16298,80184,-86127
16743,80124,-85538
15705,80761,-85551
16370,80615,-84864
16023,81028,-84336
16954,80761,-83209
16662,80979,-83198
16379,81183,-83188
16096,81396,-83128
17214,81158,-81034
16897,81423,-81008
16590,81672,-80982
16293,81906,-80956
16004,82127,-80930
17190,81641,-78942
16855,81941,-78905
16532,82222,-78867
16219,82487,-78829
17187,81993,-76929
16832,82330,-76880
16491,82646,-76832
16161,82942,-76784
17206,82225,-74985
16832,82599,-74926
16471,82950,-74868
16854,82730,-73047
16473,83127,-72975
16498,83168,-71154
14893,78727,-90793
14673,78795,-90795
15004,79058,-90076
15380,79854,-88090
15151,79956,-88096
14921,80052,-88095
14458,80229,-88076
14678,80184,-88013
14223,80310,-88058
14337,81220,-86001
14978,81150,-85540
14735,81266,-85525
14490,81377,-85504
15405,81069,-85198
15156,81217,-85157
15740,81261,-84176
15109,81919,-83384
15319,81884,-83142
14553,82316,-83073
15742,81804,-82596
14599,82707,-81919
15816,82113,-81443
14801,82702,-81616
15215,82639,-81034
15456,82518,-80907
14916,82890,-80819
15531,82772,-79807
15163,83176,-79265
15916,82737,-78791
15621,82972,-78753
15241,83383,-78209
14862,83785,-77659
15842,83222,-76735
15532,83485,-76687
15231,83734,-76638
14947,83950,-76644
16123,83281,-74809
15786,83591,-74751
15460,83884,-74693
15144,84161,-74635
16106,83500,-72904
15751,83851,-72833
15408,84179,-72764
15075,84485,-72696
16110,83579,-71072
15735,83966,-70992
15374,84330,-70912
15023,84674,-70832
16140,83561,-69295
15744,83986,-69204
15362,84386,-69115
14993,84764,-69026
15776,83916,-67468
15371,84358,-67369
14981,84774,-67270
15406,84235,-65674
14993,84695,-65563
15033,84497,-63920
13996,81577,-85443
13750,81670,-85406
13981,82174,-84035
14295,82444,-83036
14035,82565,-82993
13517,82790,-82897
13261,82894,-82845
13616,83054,-82121
14107,83361,-80683
13834,83502,-80625
13562,83636,-80564
14480,83423,-79890
14001,83992,-78818
14492,83791,-78572
13639,84301,-78369
14148,84087,-78206
14660,83827,-78039
13805,84702,-76559
14050,84603,-76388
14553,84349,-76080
14646,84474,-75104
14074,84859,-75145
14835,84422,-74576
14236,84871,-74526
13593,85337,-74255
14338,84961,-73586
14750,84773,-72627
13912,85359,-72994
14427,85045,-72550
14023,85416,-72086
14683,84997,-70751
14346,85302,-70664
14007,85592,-70568
13700,85831,-70610
14632,85120,-68936
14279,85456,-68842
13925,85776,-68738
14602,85163,-67170
14232,85530,-67069
13863,85879,-66959
14594,85125,-65451
14206,85526,-65341
13823,85905,-65225
14612,84967,-63798
14204,85408,-63677
13806,85825,-63553
14658,84729,-62191
14228,85209,-62059
13812,85662,-61928
14280,84933,-60484
13842,85425,-60344
13900,85115,-58801
13518,85275,-57125
13023,83884,-80436
12757,83999,-80369
13241,83867,-80256
12858,84618,-78439
13355,84454,-78293
13073,84601,-78216
12515,84872,-78056
12238,84997,-77974
12466,85312,-76668
13156,85147,-76132
12861,85312,-76040
13370,85110,-75845
12569,85469,-75946
13454,85274,-74941
12662,85915,-73954
12356,86090,-73849
13097,85806,-73349
12719,86091,-72970
13464,85765,-72330
13123,86006,-72162
12736,86303,-71782
13582,85814,-71481
13240,86230,-69994
12365,86775,-70237
12641,86626,-70108
12827,86560,-69588
13366,86207,-69160
13569,86080,-68625
12892,86606,-68530
13027,86558,-67725
13493,86211,-66839
12539,86959,-67083
13121,86526,-66709
12682,86887,-66304
13438,86266,-65098
13051,86609,-64962
12663,86934,-64816
12334,87195,-64897
13406,86221,-63418
13004,86596,-63273
12601,86954,-63117
13397,86091,-61788
12981,86498,-61637
12563,86885,-61475
13413,85890,-60200
12982,86331,-60043
12549,86749,-59875
13453,85619,-58650
13007,86096,-58481
12559,86548,-58300
13057,85792,-56950
12595,86281,-56764
13135,85392,-55475
12659,85920,-55284
12179,86421,-55080
12747,85493,-53845
12253,86033,-53636
12353,85582,-52232
11991,85761,-75755
11706,85897,-75658
12066,85952,-74942
12054,86256,-73742
11456,86567,-73525
11166,86712,-73418
11660,86547,-73250
12157,86617,-71823
11839,86803,-71706
11525,86980,-71587
11245,87109,-71589
10912,87311,-71353
12047,86970,-70173
10829,87636,-69956
11638,87267,-69733
11310,87461,-69605
10988,87647,-69476
11989,87200,-68720
12147,87158,-68108
11112,87840,-67690
11356,87720,-67457
11608,87586,-67226
12171,87232,-66924
11647,87643,-66137
12182,87289,-65650
11223,87947,-65748
11822,87599,-64232
11503,87830,-64310
11139,88088,-64194
11983,87484,-63504
12198,87293,-62955
11459,87886,-62830
11629,87732,-62137
12144,87252,-61304
11093,88133,-61454
11728,87601,-61129
11272,87961,-60780
12114,87146,-59690
11681,87524,-59499
11252,87882,-59304
10912,88176,-59419
12109,86977,-58108
11659,87384,-57907
11213,87771,-57703
12130,86744,-56566
11663,87183,-56357
11199,87600,-56144
11696,86896,-54864
11215,87347,-54640
11757,86544,-53414
11258,87029,-53181
10762,87489,-52943
11842,86133,-52003
11328,86654,-51763
10814,87148,-51514
11952,85661,-50634
11424,86222,-50387
10893,86752,-50128
11544,85732,-49055
11000,86302,-48788
11131,85796,-47494
10712,85840,-45963
10617,87467,-71240
10366,87996,-69230
10067,88160,-69112
10412,88130,-68349
10775,88048,-67549
10448,88247,-67413
9818,88621,-67152
9515,88798,-67026
9994,88575,-66775
10579,88351,-65687
10239,88567,-65541
9907,88774,-65399
9574,88982,-65227
10653,88372,-64802
10835,88287,-64285
10046,88821,-63717
9701,89044,-63565
10444,88605,-62838
10626,88496,-62278
9946,88956,-62202
10824,88345,-61753
9513,89254,-61768
10052,88894,-61403
10108,88838,-60384
10724,88364,-60071
9660,89151,-59981
10135,88775,-59220
10351,88580,-58699
9588,89152,-58510
10549,88376,-58071
10771,88138,-57495
9977,88782,-57340
10183,88564,-56733
9441,89157,-56730
10740,87996,-55927
10286,88372,-55707
9600,88971,-55992
9815,88739,-55407
10737,87775,-54412
10265,88181,-54181
9798,88566,-53948
9446,88892,-54097
10272,87926,-52701
9786,88340,-52457
10305,87617,-51261
9801,88062,-51006
9303,88484,-50749
10365,87256,-49864
9843,87733,-49597
9326,88185,-49329
10454,86841,-48512
9913,87352,-48233
9375,87838,-47952
10569,86375,-47207
10007,86924,-46915
9450,87444,-46620
10133,86426,-45659
9558,86979,-45352
10291,85865,-44465
9700,86451,-44147
9874,85863,-43006
9273,86447,-42677
9464,85836,-41591
9059,85789,-40219
9268,89163,-65126
8959,89345,-64994
9153,89362,-63697
9364,89259,-63418
8716,89660,-63129
8403,89849,-62987
8732,89718,-62172
9162,89484,-61605
8820,89704,-61446
8163,90120,-61140
8310,90055,-60658
8978,89625,-59844
9238,89444,-59638
8622,89865,-59673
8276,90096,-59507
9267,89392,-58575
8443,89959,-57951
8082,90206,-57775
8874,89615,-57181
8528,89866,-57125
9069,89439,-56662
7907,90266,-56084
8481,89825,-55802
9222,89149,-54656
8548,89700,-54836
8746,89494,-54281
8087,90023,-54436
8846,89296,-53341
9076,89026,-52803
8028,89928,-53040
9306,88733,-52211
8469,89429,-52039
8052,89758,-51890
8705,89148,-51518
8811,88884,-50491
8091,89554,-50747
8334,89262,-50243
8815,88615,-49058
7960,89370,-48980
8311,89020,-48788
8843,88300,-47669
8317,88734,-47383
7807,89147,-47105
8900,87937,-46324
8354,88402,-46025
7820,88840,-45730
8990,87501,-45046
8428,87993,-44738
9115,87003,-43830
7873,88454,-44429
8537,87524,-43512
7964,88011,-43192
8678,86997,-42348
8089,87514,-42018
8853,86418,-41249
8247,86966,-40908
8438,86367,-39865
7823,86908,-39510
8662,85719,-38893
8032,86290,-38529
8274,85625,-37615
7636,86186,-37239
7897,85502,-36386
7532,85334,-35217
7846,90316,-60993
7889,90351,-59171
7609,90531,-59189
7288,90737,-59036
7467,90624,-57705
7731,90444,-57604
7056,90893,-57276
6731,91106,-57118
7045,90882,-56254
7542,90520,-55903
7186,90765,-55727
6502,91228,-55389
7817,90245,-54659
6622,91124,-54818
7371,90550,-54242
7001,90811,-54056
6641,91063,-53875
7694,90201,-53087
6836,90803,-52428
7107,90570,-52242
6461,91073,-52236
7302,90356,-51757
7508,90123,-51273
6907,90502,-50438
7712,89673,-49466
7354,89992,-49537
6394,90844,-49874
6985,90304,-49527
6510,90641,-49131
7330,89785,-48196
7584,89472,-47727
6459,90472,-47800
6652,90204,-47221
6948,89890,-46937
7208,89568,-46485
7305,89257,-45447
6568,89983,-45693
6835,89648,-45262
7336,88892,-44131
6472,89692,-44072
6818,89308,-43846
7403,88472,-42877
6862,88909,-42575
6341,89325,-42287
7507,87999,-41687
6941,88459,-41367
7648,87478,-40564
6398,88896,-41062
7058,87961,-40225
6490,88418,-39902
7215,87415,-39157
6622,87893,-38814
7408,86823,-38163
6793,87323,-37803
6199,87795,-37457
7004,86711,-36865
6384,87205,-36498
7250,86051,-36001
6612,86566,-35620
6877,85879,-34819
7170,85163,-34076
6229,86393,-34425
6504,85706,-33663
6808,84991,-32960
6132,85531,-32533
6447,84819,-31869
6091,84634,-30812
6173,91448,-55227
5948,91539,-53527
6200,91353,-53396
5614,91765,-53360
6096,91332,-52050
5777,91566,-51990
5391,91825,-51691
5052,92059,-51519
6298,91021,-50646
5917,91298,-50449
5351,91753,-50606
5546,91565,-50257
4833,92071,-49890
4925,91929,-49235
5758,91224,-48884
5372,91508,-48682
4996,91781,-48486
6113,90772,-47834
5677,91092,-47542
5217,91412,-47141
4827,91702,-46935
5717,90895,-46549
5935,90623,-46094
5325,90997,-45284
5956,90376,-44953
4967,91299,-45256
6195,90048,-44477
5421,90736,-44429
4941,91072,-44047
5831,90083,-43290
6114,89715,-42906
5286,90449,-42780
4923,90788,-42820
5472,90098,-42127
5763,89721,-41763
5874,89311,-40771
5120,90096,-40987
5417,89710,-40643
5945,88852,-39595
4774,90073,-39874
5079,89678,-39551
5421,89264,-39303
6053,88345,-38489
5507,88774,-38181
4749,89626,-38487
4983,89180,-37889
5630,88242,-37130
5084,88665,-36821
5789,87671,-36150
5219,88113,-35821
5989,87052,-35250
4672,88532,-35508
5393,87513,-34898
4821,87950,-34565
5603,86878,-34046
5004,87337,-33688
5849,86217,-33257
5220,86700,-32872
5472,86040,-32117
4619,87157,-32507
5762,85353,-31430
4841,86521,-31725
5100,85856,-31008
5399,85165,-30361
5736,84451,-29779
4735,85664,-29933
5039,84977,-29318
5383,84269,-28768
4681,84791,-28297
5030,84089,-27778
4686,83896,-26825
4489,92311,-49713
4274,92300,-48109
4499,92095,-47876
3926,92546,-47928
4447,91981,-46735
4074,92250,-46530
3717,92507,-46352
3366,92756,-46169
4682,91572,-45429
4289,91863,-45221
3656,92378,-45209
3907,92142,-45021
4161,91685,-43761
3246,92481,-43914
3765,91976,-43554
4281,91417,-43056
4566,91113,-42841
3381,92256,-43353
3655,91739,-42149
4197,91133,-41659
3257,92031,-41941
4435,90806,-41253
4636,90456,-40687
3619,91452,-40942
3836,91133,-40502
3963,90784,-39735
3485,91107,-39375
4438,90029,-38790
4015,90391,-38685
3508,90719,-38270
4111,89963,-37735
4428,89554,-37452
4559,89066,-36527
3793,89879,-36708
3424,90256,-36779
4115,89466,-36447
3481,89781,-35708
3808,89367,-35464
4146,88928,-35212
4272,88365,-34249
3174,89673,-34730
3506,89253,-34507
3745,88759,-33949
4430,87772,-33349
3211,89121,-33580
3879,88185,-33027
3350,88577,-32722
4043,87591,-32162
3490,88001,-31835
4237,86975,-31353
3660,87406,-31003
4468,86332,-30611
3107,87811,-30672
3864,86781,-30237
4101,86136,-29529
3286,87206,-29883
4372,85473,-28882
3495,86582,-29149
3737,85941,-28471
4013,85283,-27854
3130,86380,-28084
4326,84607,-27299
3376,85746,-27437
3657,85093,-26850
3981,84407,-26344
4347,83697,-25897
3020,85545,-26429
3312,84884,-25890
3641,84204,-25410
4012,83499,-24986
2971,84674,-24951
3304,84000,-24494
3680,83301,-24092
2975,83790,-23599
3353,83098,-23214
3040,82882,-22364
3172,92670,-44637
2819,92920,-44453
2642,92785,-42969
2845,92547,-42651
2286,93034,-42785
2870,92312,-41739
2454,92584,-41418
2127,92838,-41354
1770,93085,-41170
3163,91755,-40581
2764,92044,-40374
2376,92321,-40174
2073,92588,-40215
1633,92838,-39793
2689,91722,-39068
2988,91409,-38920
2290,92005,-38862
1705,92560,-39045
3144,91056,-38278
1903,92276,-38664
2234,91640,-37607
2812,90983,-37211
1836,91918,-37403
3069,90616,-36856
2389,91285,-36991
2490,90889,-36169
1797,91520,-36195
2644,90484,-35487
2855,90073,-34955
2172,90785,-35147
1814,91107,-35139
2228,90327,-34159
2873,89546,-33780
1860,90665,-34151
2305,89837,-33216
2577,89407,-32852
2918,88985,-32669
1823,90144,-32880
2284,89264,-31941
2628,88844,-31773
2960,88389,-31523
1770,89575,-31545
1994,89119,-31047
2341,88700,-30894
2576,88191,-30357
2060,88546,-30036
1709,88966,-30172
2732,87603,-29545
2201,87979,-29226
2916,86999,-28787
1783,88387,-29197
2361,87393,-28445
1833,87762,-28123
2550,86793,-27716
1998,87178,-27372
2768,86178,-27042
2191,86582,-26672
1652,86948,-26336
2416,85966,-26034
2676,85327,-25464
1853,86348,-25675
2084,85729,-25075
2345,85100,-24529
1536,86088,-24725
2641,84456,-24038
1768,85479,-24150
2031,84859,-23626
2327,84224,-23153
2661,83568,-22729
1732,84606,-22752
2029,83980,-22295
2366,83327,-21894
2744,82649,-21544
1750,83714,-21475
2085,83071,-21085
2462,82404,-20745
1486,83437,-20677
1819,82804,-20298
2193,82148,-19968
1565,82528,-19532
1936,81882,-19211
1691,81608,-18476
1459,81321,-17772
1276,93081,-39613
1161,92784,-38290
1350,92503,-37908
805,93022,-38113
1450,92184,-37208
1008,92421,-36803
711,92682,-36841
357,92916,-36667
1399,91795,-35992
1013,92059,-35797
673,92321,-35719
276,92552,-35430
1370,91380,-34817
972,91652,-34613
345,92210,-34655
588,91910,-34419
956,91209,-33486
1260,90883,-33363
1555,90531,-33181
34,92066,-33626
561,91476,-33283
184,91723,-33094
1256,90384,-32236
558,91009,-32206
1426,89947,-31636
176,91258,-32011
730,90613,-31672
963,90231,-31311
188,90774,-30977
1041,89738,-30428
683,90062,-30411
1251,89292,-29937
242,90292,-30066
1432,88800,-29322
420,89870,-29544
682,89491,-29274
1514,88219,-28377
1167,88623,-28494
171,89661,-28704
774,88957,-28415
348,89218,-28166
1257,88041,-27579
913,88434,-27688
1482,87529,-27058
1011,87852,-26803
672,88234,-26905
38,88923,-27100
338,88581,-26970
1152,87277,-26031
776,87653,-26048
442,88023,-26144
1330,86689,-25350
555,87437,-25322
227,87797,-25410
847,86994,-25059
1030,86407,-24410
347,87206,-24623
21,87558,-24701
562,86690,-24128
1237,85815,-23809
147,86969,-23943
747,86112,-23504
1470,85216,-23257
291,86378,-23228
954,85530,-22926
477,85809,-22628
1188,84941,-22394
31,86061,-22356
1452,84337,-21910
685,85237,-22072
922,84651,-21564
218,85501,-21779
1188,84051,-21100
431,84930,-21250
668,84350,-20759
935,83759,-20309
186,84617,-20450
1232,83152,-19899
425,84044,-19974
691,83460,-19537
988,82862,-19139
190,83733,-19209
1319,82247,-18783
456,83157,-18784
753,82567,-18397
1085,81957,-18058
231,82849,-18048
530,82261,-17683
864,81654,-17363
1236,81027,-17085
20,82527,-17345
319,81945,-16995
652,81347,-16683
1022,80729,-16413
117,81625,-16322
447,81036,-16018
666,79776,-15149
103,80064,-14765
305,78744,-13855
-74,92780,-35259
-136,92382,-34065
-472,92592,-33907
-512,92160,-32760
-256,91898,-32631
-834,92352,-32614
-186,91487,-31833
-527,91697,-31676
-853,91887,-31522
-1160,92059,-31386
-180,91005,-30793
-780,91477,-30752
-527,91215,-30625
-1166,91578,-30334
-154,90506,-29801
-1463,91736,-30203
-1017,91236,-29859
-506,90716,-29629
-838,90905,-29473
-1456,91237,-29194
-1240,90975,-28994
-466,90199,-28680
-192,89904,-28558
-805,90392,-28517
-1128,90568,-28365
-63,89439,-27889
-1455,90705,-28149
-758,89873,-27600
-1088,90053,-27440
-285,89205,-27098
-587,89477,-27126
-1404,90217,-27290
-1036,89533,-26551
-498,88964,-26325
-252,88611,-26074
-1359,89701,-26394
-57,88168,-25601
-956,89028,-25752
-703,88715,-25573
-1300,89180,-25536
-525,88280,-25087
-899,88454,-24843
-421,87719,-24310
-1549,88808,-24560
-1297,88545,-24448
-175,87313,-24013
-784,87931,-24141
-1088,88184,-24135
-47,86730,-23277
-367,87064,-23340
-1269,87906,-23446
-1030,87571,-23226
-762,87249,-23079
-236,86487,-22627
-553,86811,-22682
-1444,87625,-22771
-1266,87205,-22337
-419,86243,-21990
-733,86556,-22038
-1084,86768,-21895
-216,85737,-21513
-595,85991,-21372
-906,86295,-21410
-1493,86832,-21474
-26,85180,-20963
-452,85402,-20701
-764,85734,-20770
-1072,86027,-20801
-1386,86270,-20766
-261,84854,-20168
-928,85475,-20180
-1235,85758,-20203
-678,85062,-19910
-47,84298,-19671
-1090,85215,-19601
-486,84522,-19394
-1399,85493,-19613
-896,84718,-19139
-272,83974,-18911
-1251,84957,-19027
-702,84185,-18638
-33,83417,-18462
-1413,84701,-18459
-1112,84375,-18379
-487,83645,-18169
-916,83848,-17895
-249,83095,-17733
-1330,84036,-17629
-696,83311,-17445
-451,82760,-17038
-1128,83508,-17168
-181,82199,-16663
-902,82970,-16746
-653,82424,-16354
-1340,83164,-16462
-380,81868,-15993
-1111,82631,-16054
-80,81301,-15663
-858,82090,-15676
-581,81539,-15328
-1321,82296,-15369
-1065,81760,-15004
-419,80313,-14411
-921,80540,-14069
-246,79013,-13476
-1406,80749,-13736
-768,79252,-13117
-57,77636,-12529
-1271,79470,-12768
-603,77890,-12149
-1126,78119,-11784
-424,76429,-11155
-968,76671,-10771
-798,75138,-9739
-1179,73740,-8270
-1746,91382,-29067
-1731,90877,-28090
-2014,91011,-27966
-1662,90427,-27323
-1993,90503,-27020
-2269,90626,-26898
-1861,90141,-26517
-1667,89854,-26246
-2242,90116,-25980
-2513,90231,-25858
-2053,89849,-25728
-1615,89334,-25382
-1915,89473,-25239
-2235,89542,-24965
-2481,89716,-24975
-2754,89828,-24847
-1856,88950,-24408
-2151,89079,-24265
-2418,89237,-24213
-2721,89317,-23988
-1784,88419,-23621
-2997,89426,-23853
-2088,88553,-23468
-2600,88928,-23476
-1614,88034,-23209
-2386,88679,-23318
-2961,88912,-23027
-2014,88027,-22706
-2783,88620,-22750
-2322,88159,-22545
-2622,88283,-22387
-1615,87341,-22110
-1921,87518,-22009
-2968,88315,-22033
-2247,87641,-21804
-1785,87058,-21458
-2558,87769,-21635
-2862,87891,-21471
-1954,86773,-20822
-2480,87253,-20925
-2228,87005,-20844
-1717,86456,-20635
-2793,87378,-20750
-2125,86491,-20192
-2713,86868,-20061
-1943,86086,-19810
-1687,85776,-19668
-3030,86989,-19879
-2538,86497,-19708
-2296,86212,-19570
-1564,85230,-19028
-2952,86487,-19212
-2171,85722,-18997
-2471,85937,-18955
-1992,85294,-18592
-1730,84971,-18450
-2856,85998,-18596
-2648,85663,-18347
-2404,85362,-18197
-1577,84447,-17896
-1898,84712,-17876
-2826,85394,-17746
-2306,84819,-17536
-1742,84192,-17341
-2067,84454,-17310
-2640,85008,-17408
-1548,83690,-16898
-1906,83936,-16795
-2235,84195,-16755
-2874,84652,-16639
-2617,84343,-16509
-2069,83678,-16262
-1764,83344,-16185
-2402,83934,-16210
-1553,82823,-15762
-2233,83422,-15732
-2569,83675,-15670
-1982,83001,-15478
-2926,83866,-15513
-2397,83168,-15206
-1768,82486,-15070
-2737,83417,-15135
-1532,81963,-14689
-2201,82662,-14778
-2562,82915,-14682
-1984,82151,-14383
-2727,82662,-14162
-2422,82323,-14083
-1875,80941,-13413
-2328,81119,-13099
-2766,81282,-12792
-1757,79671,-12430
-2226,79856,-12101
-2680,80025,-11781
-1630,78330,-11429
-2117,78523,-11085
-2586,78699,-10752
-1492,76892,-10400
-1997,77094,-10040
-2484,77276,-9693
-1343,75373,-9351
-1867,75586,-8977
-2373,75775,-8613
-1724,73960,-7877
-2251,74158,-7494
-1571,72251,-6757
-2120,72452,-6352
-1980,70665,-5190
-2405,68975,-3563
-3240,89019,-22886
-3204,88511,-22082
-3486,88616,-21934
-3154,88011,-21326
-3448,88112,-21155
-3733,88212,-21001
-3338,87704,-20634
-3099,87495,-20579
-3694,87709,-20248
-3984,87806,-20088
-3527,87399,-19950
-3342,87102,-19701
-3944,87310,-19356
-3718,87096,-19273
-3273,86604,-19022
-4236,87405,-19188
-3588,86715,-18836
-3910,86797,-18605
-3194,86111,-18375
-4197,86917,-18476
-3519,86225,-18177
-4492,87009,-18301
-3836,86333,-17984
-4103,86501,-17944
-3179,85509,-17506
-3438,85742,-17550
-4451,86528,-17608
-3766,85853,-17345
-3005,85126,-17154
-4297,86207,-17289
-4087,85956,-17143
-3682,85374,-16744
-3182,84857,-16573
-4491,85912,-16647
-3501,85024,-16448
-4012,85479,-16532
-4336,85577,-16325
-3360,84589,-15998
-3107,84296,-15885
-3926,85007,-15953
-4260,85109,-15733
-3537,84319,-15434
-3823,84537,-15415
-3340,83939,-15142
-4170,84641,-15179
-3715,84050,-14873
-2906,83159,-14602
-3238,83391,-14528
-3575,83586,-14405
-4146,84055,-14404
-4415,84277,-14415
-3893,83784,-14317
-3075,82903,-14072
-2889,82378,-13663
-4072,83520,-13765
-3811,83236,-13676
-3245,82649,-13546
-3552,82922,-13555
-3037,82009,-13217
-3399,82283,-13088
-4252,83257,-13216
-3184,81640,-12780
-4048,82888,-12954
-3549,81909,-12643
-3843,82309,-12683
-3330,81275,-12346
-3698,81538,-12202
-3476,80913,-11915
-4121,81626,-11870
-3848,81170,-11764
-3119,80181,-11471
-3622,80554,-11486
-3997,80806,-11328
-3768,80198,-11059
-4147,80445,-10894
-3913,79846,-10635
-3040,78858,-10429
-4059,79496,-10213
-3480,79003,-10114
-2954,77441,-9355
-3411,77588,-9023
-3854,77719,-8698
-2862,75944,-8256
-3336,76095,-7908
-3797,76228,-7566
-2760,74335,-7120
-3254,74492,-6755
-3732,74631,-6397
-2650,72632,-5957
-3163,72792,-5571
-3661,72932,-5193
-2532,70845,-4770
-3066,71004,-4361
-3583,71146,-3963
-2961,69135,-3131
-3496,69280,-2701
-2840,67162,-1865
-3398,67332,-1422
-3273,65236,-98
-3832,65420,336
-4368,65581,756
-3703,63201,1712
-4262,63394,2137
-4132,61072,3555
-4750,86615,-17425
-4707,86140,-16756
-5008,86222,-16566
-4685,85619,-16015
-4962,85753,-15921
-5267,85829,-15723
-4586,85203,-15518
-4880,85328,-15388
-5220,85370,-15098
-4507,84739,-14953
-5529,85441,-14892
-5076,85038,-14775
-4837,84830,-14731
-5478,84987,-14295
-4756,84373,-14183
-5272,84749,-14169
-5791,85054,-14081
-5090,84460,-13953
-4661,83917,-13660
-5470,84463,-13568
-4471,83579,-13407
-5006,84010,-13420
-5739,84609,-13502
-5344,84094,-13184
-4909,83561,-12911
-5668,84179,-12971
-4431,82991,-12677
-5257,83650,-12665
-4796,83104,-12428
-5598,83729,-12424
-4590,82602,-12215
-5154,83203,-12178
-5506,83288,-11926
-4749,82216,-11755
-4394,81815,-11649
-5086,82404,-11595
-4908,81833,-11299
-4398,80955,-11067
-5068,81454,-10844
-5508,82096,-10846
-5376,81713,-10772
-4296,80086,-10463
-5227,81077,-10393
-4675,80294,-10273
-4752,80671,-10302
-4445,79731,-10035
-4204,79148,-9796
-5386,80703,-9945
-5665,81032,-9957
-4593,79378,-9613
-4949,79641,-9492
-4347,78803,-9383
-5543,80331,-9503
-4738,79027,-9196
-4486,78458,-8983
-5126,79441,-8907
-4879,78676,-8791
-5214,78994,-8736
-4622,78115,-8590
-5018,78327,-8393
-4755,77773,-8207
-5154,77979,-8006
-5471,78350,-8007
-4887,77432,-7830
-5288,77633,-7623
-5017,77094,-7457
-4244,76346,-7230
-5146,76757,-7080
-5273,76423,-6706
-4197,74753,-6046
-4650,74859,-5701
-4144,73055,-4824
-4613,73165,-4451
-5066,73264,-4089
-4083,71273,-3564
-4566,71390,-3177
-4013,69414,-2285
-4511,69537,-1885
-3933,67479,-992
-4447,67608,-576
-5421,67831,205
-5885,67928,573
-4882,65719,1161
-5376,65837,1554
-4797,63566,2546
-5312,63717,2940
-4687,61265,3973
-5221,61439,4374
-4559,58856,5423
-5112,59044,5834
-6055,84672,-13280
-6001,84235,-12718
-6321,84293,-12487
-5867,83895,-12381
-6262,83861,-11948
-6064,83611,-11801
-5852,83363,-11678
-6586,83914,-11713
-6255,83278,-11252
-6524,83487,-11188
-6852,83537,-10945
-6434,82859,-10755
-5864,82169,-10586
-6213,82232,-10327
-6612,82443,-10263
-6894,82331,-9817
-6789,82031,-9776
-5878,80914,-9471
-5950,80359,-9161
-6964,81621,-9296
-6238,80974,-9200
-5697,79962,-9067
-6592,81024,-8932
-5849,79593,-8641
-6225,79692,-8389
-5997,79226,-8223
-6265,79644,-8045
-6144,78861,-7800
-6630,79691,-7755
-6492,79029,-7623
-5517,78103,-7450
-6287,78497,-7390
-5719,77711,-7290
-5421,77288,-7235
-6428,78135,-6985
-5552,76946,-6852
-6751,78371,-6887
-5962,77080,-6585
-6568,77775,-6585
-5682,76606,-6474
-6668,78268,-6537
-5398,76090,-6337
-5810,76267,-6100
-6706,77417,-6190
-5523,75759,-5972
-5924,76677,-5924
-6200,76454,-5895
-5937,75930,-5730
-5646,75430,-5611
-6062,75596,-5365
-5767,75102,-5256
-6433,75835,-5221
-6184,75263,-5009
-5883,74776,-4912
-6303,74931,-4662
-5998,74452,-4573
-6337,75171,-4356
-6419,74602,-4320
-6110,74130,-4240
-6221,73810,-3912
-6329,73491,-3589
-5034,71497,-2804
-5487,71593,-2443
-4993,69649,-1499
-5458,69751,-1128
-5910,69843,-770
-4943,67725,-177
-6335,68014,930
-5853,65937,1935
-6315,66027,2302
-6764,66106,2657
-5807,63846,3322
-6286,63956,3694
-5736,61596,4760
-6232,61735,5129
-5642,59216,6225
-6155,59369,6601
-4989,56572,7300
-5535,56741,7709
-5423,54233,9185
-7227,82367,-9565
-7136,81215,-8814
-7283,81097,-8390
-7307,80810,-8337
-7620,81119,-8120
-7472,80406,-7873
-6988,79728,-7468
-7636,80004,-7416
-7797,79605,-6965
-7684,79781,-6910
-8023,79797,-6638
-7956,79209,-6523
-7035,78307,-6243
-7004,77720,-6168
-8111,78814,-6091
-7394,78339,-5955
-6842,77061,-5800
-7251,77076,-5465
-6977,76707,-5415
-8094,78379,-5394
-7110,76356,-5036
-7078,76824,-5000
-7492,76439,-4781
-7239,76006,-4666
-7445,76857,-4705
-6656,75222,-4575
-7806,76883,-4416
-7363,75658,-4307
-7719,75808,-4129
-6533,74274,-3985
-6869,74615,-3951
-7486,75312,-3954
-6644,73949,-3654
-7605,74969,-3606
-7493,75309,-3435
-6754,73625,-3329
-7075,74015,-3345
-6435,73175,-3272
-7723,74627,-3265
-7862,75337,-3139
-6861,73304,-3010
-6540,72861,-2959
-7273,73422,-2758
-6753,73563,-2747
-6967,72985,-2695
-6642,72548,-2652
-7070,72667,-2386
-6757,72275,-2321
-7464,72835,-2189
-7192,72404,-2041
-6878,72023,-1979
-7314,72149,-1696
-6997,71772,-1641
-7435,71894,-1355
-7115,71523,-1308
-7172,71876,-1109
-7231,71274,-981
-7345,71026,-659
-8767,71956,156
-8344,70962,267
-8019,70635,275
-7681,70288,280
-7596,70109,559
-8132,70386,589
-7792,70044,588
-8554,70503,846
-7903,69801,894
-8245,70138,901
-8012,69559,1197
-8358,69891,1210
-8122,69318,1499
-8470,69645,1518
-8230,69077,1798
-8339,68837,2096
-8042,68240,2270
-6748,64045,4054
-7196,64117,4405
-6711,61853,5487
-7178,61952,5838
-6650,59507,6965
-7135,59625,7320
-6062,56899,8098
-6574,57047,8472
-5964,54380,9595
-6489,54518,9987
-5867,51846,11076
-8265,78422,-5665
-8416,78031,-5245
-8445,78379,-5111
-8564,77644,-4834
-8709,77259,-4430
-8850,76877,-4037
-8528,76894,-3835
-8985,76497,-3656
-7938,75183,-3498
-8898,76874,-3536
-9117,76120,-3283
-7837,74288,-2930
-8149,74566,-2888
-9246,75746,-2917
-8234,75348,-2841
-7950,73951,-2601
-8351,73956,-2296
-8060,73616,-2277
-8994,75317,-2228
-8168,73283,-1958
-7914,73687,-1825
-8546,73353,-1723
-8286,72985,-1620
-7690,72359,-1555
-8300,73699,-1518
-8414,72717,-1263
-8691,73692,-1205
-8772,72851,-1089
-7555,71640,-1019
-7913,71890,-931
-8542,72451,-908
-7673,71387,-690
-8668,72186,-559
-7789,71135,-363
-7458,70779,-341
-8130,71424,-325
-8791,71921,-216
-8362,71966,-167
-7905,70884,-41
-7570,70533,-29
-8914,71658,122
-9225,71895,160
-9036,71396,459
-9178,71927,483
-9445,71423,766
-9156,71136,789
-9275,70878,1114
-10015,71812,1153
-9659,70957,1353
-8761,70048,1417
-9393,70620,1437
-8839,70138,1540
-9509,70364,1757
-8581,69400,1823
-9265,70105,1878
-9870,70494,1930
-8967,69596,1980
-9625,70109,2074
-8691,69156,2127
-9697,70052,2221
-9740,69856,2388
-8446,68598,2392
-8801,68912,2428
-9170,69148,2535
-8554,68358,2687
-8911,68669,2727
-8637,68073,2934
-9009,68405,3004
-9371,68702,3084
-8720,67789,3178
-9093,68116,3252
-9349,68198,3300
-8800,67508,3416
-9176,67828,3495
-8880,67227,3651
-9259,67540,3734
-8961,66946,3885
-9341,67255,3971
-8518,66262,4031
-9041,66667,4116
-9120,66389,4346
-9199,66114,4574
-7645,62019,6194
-7624,59711,7682
-8121,59761,8052
-7077,57175,8837
-7588,57265,9209
-7011,54634,10370
-7540,54720,10759
-6407,51964,11489
-6943,52065,11895
-6326,49413,12969
-6877,49491,13401
-9371,75375,-2559
-9493,75007,-2208
-9383,75275,-1913
-9612,74642,-1864
-9728,74280,-1526
-9842,73920,-1193
-9964,73588,-844
-9491,73621,-562
-10102,73301,-464
-9002,72371,-455
-9899,73558,-233
-10238,73017,-90
-10371,72733,274
-10502,72451,635
-10629,72170,991
-10752,71890,1340
-10435,71737,1489
-10873,71608,1682
-10989,71327,2015
-11102,71047,2342
-10078,70034,2498
-9855,69602,2700
-10558,69913,2907
-9970,69347,3010
-10283,69573,3055
-10986,69828,3247
-10084,69093,3316
-10478,69114,3598
-10180,68811,3589
-9793,68146,3651
-10262,68510,3837
-10236,68082,4001
-10341,68211,4077
-9638,67487,4114
-9422,66971,4206
-10416,67913,4313
-9503,66689,4440
-10489,67618,4546
-10729,67890,4615
-9582,66409,4670
-10560,67324,4775
-9278,65840,4801
-9660,66131,4898
-9355,65567,5025
-9883,66156,5105
-9735,65854,5123
-9906,66228,5163
-9431,65296,5247
-9808,65578,5344
-10339,66089,5461
-9505,65027,5467
-9879,65304,5563
-9578,64759,5683
-9947,65031,5778
-9028,64174,5842
-9648,64492,5897
-10014,64760,5990
-9716,64227,6108
-10173,64921,6227
-10079,64490,6200
-9783,63963,6316
-10141,64222,6407
-9847,63700,6522
-9910,63438,6725
-9970,63178,6925
-9570,61971,7693
-8106,57320,9589
-8630,57345,9976
-8078,54777,11152
-8621,54805,11549
-7489,52135,12306
-8043,52175,12720
-7438,49540,13835
-6814,46940,14873
-7390,46962,15335
-11211,70767,2663
-11317,70489,2980
-11420,70211,3292
-11519,69934,3598
-11615,69658,3900
-11697,69364,4177
-11757,69040,4411
-11815,68717,4641
-11116,67919,4694
-11870,68395,4869
-11554,67820,5036
-10627,67032,5000
-11924,68074,5094
-10692,66741,5222
-10755,66453,5440
-10975,66619,5643
-10815,66166,5654
-10793,66010,5814
-10873,65880,5865
-10928,65597,6074
-10981,65314,6279
-11032,65034,6480
-11219,65300,6690
-11080,64755,6679
-10202,63955,6611
-11127,64477,6874
-10260,63689,6812
-10438,64005,6939
-11172,64201,7068
-10317,63424,7010
-10029,62919,7123
-11216,63927,7259
-10903,63924,7298
-10371,63161,7206
-10438,63563,7311
-10084,62662,7314
-10422,62901,7394
-10138,62407,7502
-10471,62642,7580
-10189,62153,7687
-10518,62384,7763
-10238,61901,7868
-10562,62127,7943
-10284,61652,8044
-10604,61874,8117
-10329,61404,8217
-10645,61623,8288
-10699,62126,8426
-10372,61157,8388
-10684,61372,8457
-10414,60912,8557
-10722,61123,8624
-10454,60667,8724
-10492,60424,8889
-10530,60182,9052
-10566,59941,9213
-10130,59668,9576
-9162,54810,11944
-8602,52191,13135
-9158,52189,13544
-8008,49561,14272
-8582,49559,14707
-7975,46957,15798
-7346,44430,16790
-11977,67755,5317
-12028,67438,5537
-12078,67123,5754
-12126,66810,5969
-12174,66498,6182
-12219,66188,6392
-11692,65820,6510
-12264,65880,6599
-12307,65574,6804
-12135,65713,6852
-12349,65270,7007
-12390,64967,7207
-12430,64667,7405
-11257,63655,7445
-12466,64369,7598
-11365,63833,7654
-11296,63385,7628
-11471,63921,7763
-11334,63117,7808
-11371,62850,7987
-11407,62585,8163
-12271,63628,8347
-11441,62322,8336
-11473,62062,8504
-11504,61803,8670
-11736,62461,8876
-11009,61754,8805
-11534,61546,8833
-10758,60875,8790
-11562,61290,8996
-10794,60629,8954
-11482,61659,9167
-11590,61036,9156
-10829,60383,9117
-11617,60783,9315
-10863,60139,9277
-11947,61559,9522
-11642,60531,9471
-10601,59701,9373
-10896,59896,9437
-10958,60627,9564
-11667,60281,9627
-10636,59463,9532
-10928,59654,9594
-10670,59225,9689
-10959,59414,9750
-10702,58989,9844
-10988,59174,9905
-10734,58753,9998
-11017,58936,10058
-10765,58519,10151
-11045,58699,10209
-10795,58286,10302
-11073,58463,10359
-10824,58054,10451
-11099,58228,10508
-11221,59066,10728
-10852,57823,10600
-11124,57995,10655
-10879,57594,10746
-11148,57763,10798
-10904,57367,10887
-11169,57534,10938
-10927,57142,11027
-10950,56917,11165
-10973,56694,11303
-10700,57230,11507
-9710,52172,13947
-9152,49541,15135
-8563,46932,16255
-7946,44392,17282
-8547,44338,17766
-7923,41897,18710
-12501,64072,7786
-12535,63778,7973
-12568,63485,8158
-12600,63194,8340
-12631,62905,8522
-12707,63527,8677
-12663,62616,8702
-12694,62331,8878
-12726,62049,9052
-12757,61767,9226
-12789,61487,9399
-12821,61208,9571
-12854,60930,9742
-12887,60654,9913
-11690,60032,9780
-12014,60910,10033
-12838,61365,10193
-11712,59785,9932
-11734,59538,10082
-11754,59294,10231
-11774,59050,10378
-11793,58807,10524
-11594,59405,10701
-11811,58567,10667
-11827,58329,10807
-12064,59308,11057
-11844,58092,10946
-12308,59285,11224
-11861,57856,11084
-12519,59214,11399
-11190,57306,11077
-11878,57621,11222
-11210,57079,11214
-11896,57387,11360
-11230,56853,11350
-11914,57153,11498
-10994,56472,11438
-11248,56628,11484
-11932,56921,11635
-11015,56250,11573
-11266,56404,11617
-11950,56689,11772
-11498,57433,11925
-11034,56030,11706
-11283,56181,11749
-11968,56458,11908
-11054,55811,11838
-11299,55959,11880
-11314,55739,12009
-11072,55593,11969
-11329,55519,12138
-11089,55375,12099
-11343,55300,12266
-11106,55159,12227
-11358,55082,12393
-11122,54944,12354
-11372,54864,12520
-11138,54729,12481
-11387,54648,12646
-11153,54515,12606
-11167,54303,12730
-11401,54432,12772
-11790,55727,13157
-11181,54091,12854
-11416,54218,12897
-11199,53862,12969
-11431,54004,13022
-11219,53630,13083
-11219,53630,13083
-11275,54651,13486
-9718,49509,15555
-10279,49463,15968
-9147,46894,16703
-9727,46842,17143
-9145,44272,18238
-8537,41806,19224
-12920,60379,10084
-12954,60105,10254
-13263,61271,10510
-12988,59832,10423
-13023,59561,10592
-13057,59290,10761
-13091,59023,10924
-13124,58757,11087
-13158,58492,11250
-13192,58228,11412
-13227,57965,11573
-13262,57703,11734
-13389,59034,12043
-11987,56228,12045
-12618,57585,12452
-12006,55999,12181
-12025,55770,12316
-12173,56985,12606
-12045,55543,12451
-12632,56896,12948
-12064,55316,12586
-12084,55090,12720
-13076,56808,13277
-12104,54865,12855
-12124,54641,12988
-12145,54417,13122
-12165,54195,13255
-11446,53791,13147
-12186,53973,13388
-11464,53564,13265
-11485,53331,13380
-11485,53331,13380
-12207,53751,13520
-12229,53531,13652
-12250,53311,13784
-12098,53947,14422
-11358,52163,14025
-11630,51862,14325
-11500,50647,14989
-11837,51989,15476
-10302,46776,17574
-9739,44193,18701
-9148,41704,19724
-8535,39371,20612
-13297,57443,11894
-13804,58948,12346
-13332,57183,12054
-13367,56925,12214
-13403,56667,12373
-13439,56411,12531
-13475,56156,12689
-13511,55901,12847
-13547,55648,13004
-13584,55396,13160
-13620,55145,13316
-13657,54894,13472
-13924,56642,13895
-12941,55817,13713
-12272,53092,13916
-12293,52874,14047
-12728,54462,14530
-12314,52659,14174
-12314,52659,14174
-13180,54398,14851
-13273,53981,15002
-12514,51155,15155
-12418,52070,15732
-11778,50348,15290
-11645,49079,15975
-11929,48784,16272
-11784,47469,16971
-10864,46708,17989
-10325,44105,19149
-10893,44021,19576
-9755,41592,20211
-9159,39224,21144
-9182,36869,22484
-13694,54645,13627
-14329,56562,14187
-13731,54397,13781
-13769,54150,13935
-13806,53903,14089
-13844,53658,14242
-13881,53413,14395
-13918,53172,14544
-13954,52932,14691
-13616,54331,15160
-13990,52693,14839
-14027,52455,14985
-14444,54192,15746
-13614,52076,16321
-13258,51840,16468
-13700,51791,16771
-12731,49603,16163
-12743,50087,17087
-12380,49265,17462
-12095,47171,17279
-11930,45803,17990
-11440,43948,19980
-10352,41475,20682
-10927,41371,21128
-9780,39070,21662
-10386,38922,22159
-9816,36666,23039
-14064,52218,15132
-14100,51981,15278
-14839,54119,16024
-14137,51746,15423
-14174,51511,15568
-14224,51280,15738
-14275,51051,15909
-14326,50822,16080
-14375,50597,16246
-14425,50372,16411
-14128,51744,17063
-13964,50098,17670
-12963,47978,17205
-13770,49151,18410
-13073,48007,18482
-13217,46313,18278
-12271,45503,18308
-12909,46504,19439
-12087,44080,19035
-12460,43771,19371
-11480,41280,21548
-10968,38791,22627
-10431,36479,23565
-9866,34425,24319
-14479,50133,16570
-14479,50133,16570
-14941,51649,17613
-15323,51599,17869
-14806,48569,17654
-14202,49115,18701
-14620,49079,18979
-14316,48018,19061
-13502,44611,19404
-13409,45851,19906
-12259,42299,20111
-12664,41974,20468
-12011,41201,21945
-11526,38676,23067
-11019,36314,24058
-15407,49008,19495
-15143,46965,18758
-15770,48972,19727
-14265,46406,20356
-14687,46380,20633
-14657,45850,20477
-13798,42864,20551
-13752,43626,21351
-13431,43735,21399
-12449,40469,21213
-12898,40126,21621
-12062,38576,23481
-11583,36169,24521
-10488,34190,24879
-15488,45306,19888
-15093,46356,20897
-15841,46307,21369
-14981,43626,21904
-14748,43638,22288
-14099,41059,21726
-14102,41341,22818
-13945,40974,23333
-12661,38601,22343
-13158,38240,22809
-12578,38488,23872
-12123,36042,24956
-11083,33982,25402
-10562,32106,26078
-16184,46283,21578
-15841,43592,21045
-15154,43614,22553
-15538,43593,22797
-12910,36707,23526
-12642,35930,25365
-11652,33798,25892
-12196,33636,26351
-11163,31847,26635
-16242,43558,23227
-16564,43545,23415
-15292,41360,23336
-14406,39196,22926
-15215,40874,24191
-15597,40849,24437
-14444,39035,24274
-14450,38239,25231
-13430,36328,24010
-13177,34795,24719
-13140,35832,25750
-12719,33493,26781
-11737,31617,27156
-11258,29933,27747
-16203,41841,22217
-15957,40828,24663
-15591,39061,24766
-14720,37282,24149
-14778,36735,25713
-13715,34404,25215
-13219,33367,27186
-12285,31411,27643
-11839,29658,28298
-16561,40074,23387
-16615,40796,25055
-16913,40784,25224
-15659,38130,26048
-16017,38103,26276
-14947,35552,27082
-13457,32880,25912
-13700,33257,27566
-12811,31230,28099
-12392,29409,28814
-16916,38289,24561
-16352,38080,26483
-15884,36745,26194
-15039,35343,25375
-15103,34455,27127
-14008,32480,26413
-13748,30985,27088
-13314,31069,28526
-12920,29184,29297
-11950,27914,29322
-16961,38048,26840
-17241,38038,26994
-16081,35426,27850
-16412,35396,28059
-15368,33388,26606
-13795,30926,28927
-14257,30801,29303
-13425,28983,29749
-12512,27631,29863
-17268,36489,25736
-16720,35371,28245
-16174,34442,27605
-15429,32937,28865
-15422,32212,28507
-14314,30559,27606
-14056,29110,28254
-13907,28804,30172
-13045,27372,30369
-12631,26053,30794
-17617,34650,26918
-17286,35336,28570
-17549,35326,28713
-15710,31413,27841
-16476,32790,29574
-14369,28644,30565
-13552,27134,30840
-16463,32167,28994
-16780,32755,29764
-17066,32725,29938
-15741,30028,29849
-15888,30430,30551
-14640,28648,28792
-14386,27248,29409
-14810,28502,30934
-14035,26917,31282
-13173,25771,31316
-17959,32768,28110
-17596,32682,30244
-17842,32665,30377
-16056,29433,29068
-14497,26721,31697
-13687,25509,31807
-13300,24348,32162
-16754,29937,30350
-16851,30249,31212
-17134,30201,31393
-17402,30159,31558
-16063,27911,31148
-14986,26749,29967
-14939,26540,32086
-14178,25261,32268
-13827,24065,32669
-18288,30867,29299
-17897,30096,31847
-16400,27467,30281
-16330,28060,32125
-14737,25412,30551
-15359,26374,32447
-14645,25030,32702
-18126,30073,31973
-17051,27759,31665
-17218,27832,32749
-15351,24881,31129
-15089,24815,33110
-14327,23799,33146
-13961,22788,33444
-18608,28967,30476
-17480,27772,32922
-17729,27720,33080
-16393,25866,32398
-16756,25850,33580
-15108,23612,31676
-15509,24616,33490
-14801,23548,33596
-14472,22510,33943
-18188,27637,33357
-18401,27604,33483
-16741,25534,31469
-15897,24431,33835
-15252,23312,34025
-14957,22247,34413
-18919,27080,31635
-17350,25661,32931
-17576,25576,34188
-17819,25503,34360
-16725,23920,33589
-15722,23063,32262
-15675,23090,34426
-14612,21373,34663
-18049,25438,34517
-17079,23652,32627
-17175,23826,34936
-15490,21863,32777
-16063,22879,34792
-16420,22680,35124
-15416,21998,34856
-15109,21095,35147
-18475,25329,34796
-18681,25284,34925
-17653,23656,34151
-15845,21762,35268
-15580,20832,35603
-19223,25210,32796
-17930,23498,35535
-18154,23409,35702
-17064,22082,34738
-16092,21313,33370
-16239,21533,35644
-16598,21313,35987
-16018,20580,36027
-15257,20074,35807
-18365,23328,35856
-17415,21829,33767
-18774,23187,36143
-17590,22003,36180
-15872,20183,33860
-16925,21103,36297
-16418,20339,36412
-15740,19801,36276
-19514,23375,33926
-18972,23124,36277
-17962,21751,35331
-16462,19634,34445
-16781,20109,36762
-16188,19541,36711
-18284,21608,36765
-18491,21498,36930
-17410,20361,35834
-17110,19888,37079
-16594,19292,37105
-15893,18891,36886
-17749,20069,34868
-18694,21396,37089
-19087,21214,37387
-18004,20367,37305
-16253,18578,34899
-17411,19676,37367
-16961,19052,37459
-16351,18622,37330
-19800,21567,35031
-19278,21134,37527
-18279,19960,36452
-17293,18823,37780
-16765,18364,37732
-16508,17796,37900
-18645,19923,37877
-18844,19793,38049
-17766,18756,36869
-16829,18033,35473
-17597,18604,38075
-17138,18117,38095
-18077,18391,35915
-19040,19671,38215
-19418,19450,38528
-18408,18921,38319
-17878,18393,38346
-16629,17055,35889
-17475,17880,38422
-16932,17530,38313
-20079,19791,36112
-19601,19350,38676
-18610,18278,37510
-19021,18440,38893
-17783,17653,38722
-17312,17274,38684
-17095,16750,38865
-19214,18294,39071
-19403,18156,39242
-18131,17260,37843
-18809,17637,39248
-17190,16521,36446
-18066,17436,38999
-18326,17228,39253
-17655,17030,39019
-17967,16796,39325
-17483,16486,39245
-18406,16786,36918
-19768,17900,39568
-17001,15605,36827
-18254,16572,39605
-17832,16233,39588
-20345,18069,37133
-19944,17781,39722
-18951,16726,38503
-19408,17140,39824
-18515,16358,39863
-18150,15992,39901
-17650,15712,39797
-19597,16985,40004
-19780,16836,40179
-19213,16477,40119
-18503,15878,38763
-17551,15073,37368
-18756,16154,40100
-18439,15762,40186
-18007,15450,40148
-20134,16554,40512
-18735,15255,37865
-18703,15543,40447
-17368,14233,37710
-18330,15201,40468
-20595,16414,38079
-20306,16422,40672
-19801,15977,40692
-19301,15301,39436
-19986,15821,40871
-19618,15411,40948
-18946,15333,40687
-19177,15132,40916
-18623,14964,40759
-18178,14674,40701
-20166,15669,41046
-18879,14603,39632
-17908,13708,38241
-18890,14739,41023
-19135,14525,41266
-18507,14417,41026
-18803,14175,41318
-20512,15379,41379
-20679,15240,41538
-20195,14916,41511
-19370,14319,41498
-17732,12931,38554
-19070,13944,41583
-18678,13643,41568
-20838,14839,38976
-19062,13809,38765
-20377,14761,41687
-20553,14610,41858
-19659,14000,40310
-20022,14400,41747
-19596,14122,41721
-19320,13724,41831
-18978,13392,41866
-20893,14321,42187
-20589,13911,42301
-19255,13426,40452
-18262,12415,39074
-19560,13514,42068
-19249,13155,42137
-21056,14181,42345
-20767,13758,42474
-20941,13610,42642
-20425,13402,42534
-19790,13311,42296
-20012,13117,42515
-19505,12928,42391
-19151,12615,42409
-21076,13349,39821
-21274,13324,42965
-19387,12449,39616
-20020,12814,41125
-19631,12331,41231
-19750,12711,42635
-19986,12503,42869
-18090,11699,39357
-19427,12370,42686
-21435,13187,43120
-20981,12921,43077
-21157,12770,43248
-20212,12303,43094
-18610,11197,39863
-19690,12135,42949
-21327,12623,43414
-20828,12405,43318
-20431,12111,43311
-19941,11912,43200
-20181,11697,43441
-19605,11594,43230
-21308,11951,40612
-21655,12341,43733
-21813,12206,43886
-20383,11716,41900
-19701,11179,40406
-21375,11930,43855
-20007,11312,41969
-20413,11492,43672
-18442,10540,40119
-19874,11348,43503
-21547,11781,44023
-21715,11636,44187
-21232,11408,44103
-20635,11294,43894
-20850,11105,44107
-20131,11116,43762
-20378,10895,44010
-22037,11358,44502
-20744,10703,42628
-18950,10057,40607
-20614,10684,44247
-20069,10623,44027
-20327,10359,44304
-21533,10651,41344
-22192,11224,44652
-21769,10940,44630
-21937,10794,44795
-19988,10003,41107
-20381,10351,42680
-20840,10482,44472
-21058,10288,44688
-18784,9454,40837
-20575,10113,44564
-22101,10651,44955
-21635,10414,44882
-21268,10102,44897
-19274,8993,41295
-20813,9886,44810
-20543,9721,44789
-22566,10251,45406
-22416,10380,45260
-21098,9760,43317
-22159,9956,45396
-20748,9433,43363
-21266,9476,45265
-21044,9675,45043
-20791,9440,45069
-21748,9456,42014
-22482,9679,45708
-22323,9815,45555
-20268,8915,41758
-22033,9428,45651
-21478,9287,45476
-21030,9178,45333
-19116,8438,41512
-22930,9300,46137
-22785,9422,45999
-21446,8865,43978
-21107,8537,44028
-21682,9107,45677
-21258,8936,45581
-21477,8713,45814
-19568,8010,41900
-21022,8868,45527
-22697,8863,46290
-22539,8995,46140
-20532,7924,42347
-21686,8507,46031
-21260,8587,45800
-21486,8325,46056
-19410,7506,42090
-21957,8355,42631
-23141,8494,46710
-22849,8735,46435
-21785,7993,44619
-22419,8472,46393
-22083,8144,46428
-21888,8318,46236
-21702,8082,46296
-21491,8059,46230
-23281,8380,46840
-23056,7942,46996
-22905,8066,46854
-21457,7664,44673
-22107,7645,46736
-21909,7856,46523
-19847,7107,42454
-21718,7794,46487
-22163,7336,43203
-23203,7823,47133
-20786,7011,42891
-22790,7549,47104
-22296,7449,46936
-22136,7313,46953
-21933,7546,46728
-21937,7302,46881
-19690,6647,42622
-23613,7500,47507
-23481,7602,47388
-22113,7148,45235
-23252,7179,47529
-21796,6816,45294
-22477,7268,47124
-22515,6888,47368
-22331,7093,47167
-22152,7056,47119
-20115,6271,42967
-23532,6965,47780
-23395,7069,47658
-21031,6159,43399
-23137,6682,47762
-22692,6698,47555
-22548,6613,47551
-22356,6827,47342
-22359,6600,47484
-19959,5852,43116
-22367,6396,43736
-23915,6687,48113
-23792,6774,48008
-22428,6332,45825
-23569,6360,48143
-22122,5997,45889
-22860,6523,47732
-22904,6227,47930
-22731,6413,47747
-22752,6170,47905
-22562,6377,47702
-20373,5493,43446
-24068,6022,48562
-23829,6179,48364
-23702,6266,48257
-23465,5946,48332
-21271,5361,43878
-23224,5890,48265
-23068,6053,48103
-23102,5800,48272
-22932,5978,48095
-22943,5764,48231
-22754,5965,48032
-20222,5118,43576
-22568,5529,44229
-24181,5952,48653
-22727,5553,46384
-23978,5538,48796
-23857,5627,48690
-22431,5217,46452
-23418,5473,48599
-23264,5632,48440
-23292,5398,48593
-23122,5575,48418
-23126,5379,48537
-24414,5267,49148
-24316,5321,49072
-24096,5459,48894
-23780,5338,48826
-21505,4610,44331
-23565,5325,48747
-23605,5075,48915
-23453,5232,48758
-23476,5010,48901
-23306,5188,48725
-20626,4759,43901
-20487,4447,44004
-22755,4734,44682
-24350,4844,49358
-24248,4926,49267
-24139,5017,49166
-23007,4816,46909
-24084,4807,49269
-23888,4787,49202
-23751,4927,49063
-22725,4489,46977
-23789,4684,49224
-23637,4842,49067
-23658,4627,49204
-23487,4809,49026
-20879,4080,44328
-24590,4676,49565
-24520,4719,49507
-24560,4359,49736
-24487,4423,49666
-24403,4500,49583
-23270,4117,47403
-24368,4312,49683
-24197,4270,49639
-24069,4399,49509
-23933,4537,49371
-21733,3900,44762
-23969,4301,49527
-23818,4458,49371
-23835,4257,49496
-20753,3835,44403
-22922,4009,45091
-24716,4243,49881
-24673,4271,49842
-24781,3932,50104
-24712,3988,50031
-24666,4029,49984
-24611,4080,49927
-24367,3894,49933
-24244,4018,49809
-24111,4154,49673
-23013,3855,47446
-24141,3939,49810
-23994,4092,49659
-21133,3460,44725
-23064,3358,45452
-24806,3914,50131
-24855,3664,50324
-24845,3664,50311
-24811,3684,50269
-24784,3705,50240
-24750,3733,50203
-24595,3876,50042
-24745,3527,50320
-23520,3458,47866
-24475,3786,50042
-24607,3468,50284
-24517,3558,50191
-24407,3669,50080
-24280,3798,49950
-24440,3464,50211
-23296,3296,47871
-21954,3225,45172
-24306,3602,50074
-24160,3753,49924
-21019,3273,44776
-24890,3442,50493
-24880,3443,50481
-24861,3445,50454
-24851,3447,50439
-24835,3454,50420
-24922,3232,50653
-24914,3231,50642
-24896,3231,50618
-24887,3232,50605
-24878,3232,50592
-24840,3249,50538
-24679,3397,50359
-24811,3087,50607
-24769,3128,50559
-24714,3183,50499
-24644,3254,50423
-24553,3347,50328
-24676,3059,50549
-24582,3156,50451
-24464,3281,50326
-21387,2892,45096
-21282,2746,45129
-23181,2774,45768
-23769,2884,48282
-24953,3030,50807
-24945,3030,50795
-24929,3031,50771
-24920,3032,50758
-24911,3033,50745
-24884,3038,50703
-24984,2837,50954
-24977,2836,50944
-24962,2835,50922
-24954,2837,50910
-24946,2838,50896
-24920,2846,50854
-24881,2860,50788
-24865,2871,50764
-24838,2896,50730
-24799,2934,50684
-24745,2987,50625
-25012,2659,51091
-25005,2659,51081
-24992,2659,51059
-24984,2660,51048
-24977,2660,51036
-24954,2663,50998
-24888,2696,50877
-24910,2680,50918
-24920,2675,50937
-24900,2686,50899
-24864,2718,50844
-23575,2792,48262
-24826,2757,50797
-24773,2813,50736
-24701,2890,50656
-22167,2595,45556
-21635,2377,45434
-23274,2243,46050
-24008,2383,48653
-23848,2329,48630
-25040,2494,51220
-25034,2493,51211
-25021,2492,51191
-25015,2491,51180
-25008,2491,51169
-24910,2534,50981
-24920,2527,51002
-24930,2521,51021
-24987,2497,51131
-24956,2508,51072
-24938,2516,51039
-24889,2556,50948
-24947,2512,51056
-24852,2596,50900
-25067,2346,51339
-25061,2346,51329
-24929,2394,51071
-24939,2387,51092
-25049,2347,51309
-25043,2347,51298
-24949,2380,51113
-25037,2348,51287
-24958,2374,51132
-24982,2363,51182
-24974,2366,51166
-24966,2370,51150
-25018,2351,51252
-24989,2360,51197
-25093,2219,51446
-25088,2219,51436
-24965,2256,51193
-24983,2247,51230
-24974,2251,51212
-25077,2220,51417
-25072,2220,51407
-25015,2235,51295
-25000,2239,51265
-25066,2221,51396
-25007,2237,51280
-25048,2225,51362
-25022,2232,51309
-24991,2243,51248
-22373,2023,45905
-21539,2257,45457
-23343,1757,46299
-24214,1960,48971
-24096,1895,48971
-25031,2134,51365
-25006,2142,51316
-24997,2145,51298
-25038,2132,51380
-25015,2139,51333
-25106,2111,51515
-25023,2137,51350
-25046,2130,51395
-25121,2108,51545
-25095,2114,51494
-25116,2109,51535
-25078,2119,51460
-25100,2112,51505
-25052,2127,51409
-25029,2072,51385
-25038,2068,51403
-25046,2063,51420
-25083,2050,51494
-25108,2043,51544
-25062,2057,51452
-25124,2038,51577
-25076,2053,51481
-25069,2055,51467
-25149,2030,51627
-25144,2031,51617
-25054,2059,51437
-25134,2034,51598
-25129,2036,51588
-25063,2029,51457
-25071,2025,51475
-25087,2017,51508
-25079,2021,51492
-25094,2013,51523
-25108,2006,51552
-25101,2010,51538
-25114,2003,51566
-25138,1991,51617
-25096,1986,51530
-25112,1978,51563
-25104,1982,51547
-25154,1983,51650
-25164,1978,51671
-25119,1975,51579
-25159,1981,51661
-25140,1964,51622
-25133,1968,51608
-25126,1971,51594
-25178,1971,51701
-25173,1973,51691
-25146,1961,51636
-25129,1944,51602
-25137,1940,51619
-25169,1949,51685
-25190,1939,51728
-25185,1942,51718
-25145,1936,51635
-25152,1932,51650
-25204,1932,51757
-25159,1929,51665
-25208,1930,51766
-25194,1937,51738
-25165,1925,51679
-25172,1922,51692
-25178,1919,51705
-25162,1901,51675
-25200,1908,51753
-25216,1900,51785
-25170,1897,51691
-25225,1895,51804
-25177,1893,51706
-25234,1891,51823
-25191,1886,51735
-25184,1890,51721
-25220,1898,51795
-25238,1889,51832
-25198,1883,51749
-25204,1880,51762
-25210,1877,51775
-25232,1866,51821
-25196,1858,51747
-25203,1854,51763
-25217,1847,51792
-25210,1851,51778
-25251,1856,51862
-25246,1859,51852
-25264,1850,51889
-25255,1854,51871
-25230,1841,51819
-25236,1838,51832
-25268,1848,51898
-25223,1844,51806
-25241,1835,51844
-25263,1824,51889
-25229,1815,51820
-25243,1808,51849
-25236,1812,51835
-25277,1817,51919
-25286,1813,51938
-25281,1815,51928
-25294,1809,51955
-25256,1802,51877
-25249,1805,51863
-25268,1796,51902
-25262,1799,51890
-25298,1807,51964
-25273,1793,51914
-25294,1783,51957
-25308,1776,51986
-25262,1772,51892
-25312,1774,51995
-25269,1769,51907
-25316,1771,52004
-21880,1891,45756
-21792,1795,45770
-23391,1303,46525
-24374,1616,49229
-24489,1321,49442
-24294,1519,49259
-22566,1511,46218
-25276,1766,51921
-25324,1767,52021
-25288,1759,51947
-25282,1762,51935
-25300,1754,51972
-25294,1756,51960
-25328,1765,52030
-25305,1751,51983
-25325,1741,52025
-25302,1726,51979
-25338,1734,52053
-25295,1730,51965
-25342,1732,52062
-25358,1724,52095
-25354,1726,52087
-25308,1723,51993
-25346,1730,52071
-25315,1720,52006
-25332,1711,52042
-25326,1714,52030
-25320,1717,52018
-25337,1709,52053
-25356,1699,52093
-25377,1689,52137
-25335,1684,52051
-25373,1691,52129
-25369,1693,52121
-25328,1687,52037
-25341,1681,52064
-25388,1683,52161
-25384,1685,52153
-25353,1675,52089
-25369,1667,52122
-25347,1678,52077
-25364,1669,52112
-25358,1672,52100
-25387,1657,52161
-25400,1651,52188
-25362,1644,52110
-25415,1644,52219
-25368,1641,52123
-25380,1635,52148
-25374,1638,52136
-25407,1647,52204
-25403,1649,52196
-25418,1642,52227
-25385,1632,52160
-25395,1627,52181
-25390,1630,52171
-25400,1625,52192
-25438,1606,52271
-25418,1616,52230
-25434,1608,52263
-25430,1610,52255
-25395,1601,52182
-25407,1596,52207
-25445,1602,52285
-25401,1598,52195
-25423,1588,52241
-25412,1593,52219
-25448,1601,52293
-25417,1590,52230
-25432,1583,52261
-25427,1585,52251
-25449,1574,52298
-25465,1566,52330
-25461,1568,52322
-25475,1561,52351
-25434,1556,52267
-25468,1565,52337
-25428,1559,52255
-25478,1560,52358
-25445,1550,52290
-25455,1545,52311
-25450,1548,52301
-25439,1553,52279
-25464,1541,52331
-25459,1543,52321
-25492,1527,52389
-25480,1532,52366
-25495,1525,52397
-25467,1513,52339
-25461,1516,52327
-25508,1518,52424
-25505,1520,52418
-25498,1523,52404
-25477,1508,52361
-25472,1510,52351
-25496,1499,52400
-25487,1503,52382
-25482,1505,52372
-25512,1491,52434
-25491,1501,52391
-25526,1484,52463
-25529,1482,52470
-25522,1485,52456
-25538,1477,52490
-25535,1479,52484
-25494,1473,52400
-25500,1470,52411
-25510,1465,52432
-25505,1468,52422
-25519,1461,52452
-25514,1463,52442
-25523,1459,52461
-25527,1457,52470
-25543,1449,52502
-25556,1442,52530
-25553,1444,52524
-25559,1441,52537
-25533,1428,52483
-25528,1430,52473
-25538,1425,52494
-25568,1436,52556
-25565,1438,52550
-25542,1423,52504
-25547,1421,52513
-25551,1419,52522
-25559,1415,52539
-25555,1417,52531
-25574,1407,52570
-25590,1399,52603
-25587,1401,52597
-25584,1402,52591
-25561,1388,52545
-25598,1395,52621
-25595,1396,52616
-25566,1385,52555
-25575,1381,52575
-25570,1383,52565
-25583,1376,52592
-25579,1378,52584
-25591,1373,52609
-25587,1374,52601
-25605,1366,52638
-25626,1355,52682
-25620,1358,52670
-25617,1359,52664
-25614,1361,52658
-25628,1354,52687
-25599,1343,52627
-25594,1345,52618
-22121,1431,46062
-22042,1360,46067
-23425,868,46735
-24572,1064,49624
-24442,1195,49499
-24549,917,49700
-22742,1057,46493
-25612,1336,52654
-25603,1340,52637
-25607,1338,52646
-25619,1332,52671
-25615,1334,52663
-25623,1330,52678
-25636,1324,52706
-25648,1318,52731
-25645,1319,52725
-25656,1314,52748
-25658,1313,52753
-25650,1317,52737
-25632,1300,52699
-25636,1298,52708
-25648,1292,52733
-25627,1302,52690
-25644,1294,52725
-25640,1296,52717
-25655,1288,52748
-25651,1290,52740
-25676,1278,52792
-25667,1282,52774
-25681,1275,52803
-25686,1273,52814
-25678,1277,52798
-25661,1259,52763
-25673,1253,52788
-25688,1272,52819
-25669,1255,52780
-25665,1257,52772
-25680,1250,52803
-25683,1248,52810
-25676,1251,52796
-25686,1246,52817
-25698,1240,52842
-25709,1235,52865
-25706,1236,52859
-25711,1234,52870
-25718,1230,52884
-25716,1232,52880
-25694,1217,52835
-25698,1215,52844
-25705,1211,52859
-25709,1209,52866
-25701,1213,52852
-25715,1206,52880
-25712,1208,52874
-25742,1193,52936
-25718,1204,52887
-25737,1195,52927
-25729,1199,52911
-25739,1194,52932
-25748,1189,52950
-25746,1190,52946
-25731,1172,52916
-25727,1174,52908
-25734,1170,52923
-25738,1168,52930
-25741,1167,52937
-25750,1162,52956
-25747,1164,52950
-25744,1165,52944
-25761,1157,52979
-25770,1152,52998
-25768,1153,52994
-25772,1151,53003
-25778,1148,53016
-25776,1149,53012
-25764,1129,52988
-25760,1131,52980
-25770,1126,53001
-25767,1128,52995
-25773,1125,53008
-25782,1120,53026
-25779,1122,53020
-25776,1123,53014
-25792,1115,53047
-25800,1111,53065
-25798,1112,53061
-25808,1107,53082
-25806,1108,53078
-25802,1110,53070
-25800,1085,53066
-25797,1087,53060
-25806,1082,53079
-25803,1084,53073
-25793,1088,53053
-25811,1080,53090
-25808,1081,53084
-25823,1074,53115
-25833,1069,53136
-25813,1078,53095
-25831,1069,53132
-25829,1070,53128
-25838,1066,53148
-25836,1067,53144
-25827,1046,53125
-25830,1044,53132
-25838,1040,53149
-25843,1037,53160
-25854,1032,53183
-25835,1041,53144
-25832,1043,53138
-25845,1036,53165
-25840,1039,53155
-25860,1029,53195
-25867,1025,53210
-25868,1025,53213
-25863,1027,53203
-25861,1028,53199
-25863,1001,53204
-25860,1003,53198
-25873,996,53225
-25868,999,53215
-25865,1000,53209
-25877,994,53234
-25894,986,53269
-25875,995,53230
-25870,998,53220
-25885,990,53251
-25897,984,53276
-25892,987,53266
-25890,987,53262
-25898,984,53279
-25896,959,53276
-25893,960,53270
-25905,954,53295
-25903,955,53291
-25898,958,53281
-25907,953,53300
-25900,956,53286
-25909,952,53304
-25923,945,53333
-25921,946,53329
-25916,948,53319
-25927,943,53342
-25924,944,53336
-25928,942,53345
-25929,916,53348
-25941,910,53373
-25939,911,53369
-25937,912,53365
-25935,913,53361
-25933,914,53357
-25931,915,53353
-25926,917,53343
-25947,907,53387
-22355,1001,46350
-22285,944,46352
-23448,473,46921
-24619,850,49772
-24641,677,49888
-24616,692,49859
-24664,508,50002
-24646,519,49978
-22579,469,45936
-22579,469,45936
-22579,469,45936
-22579,469,45936
-22579,469,45936
-22579,469,45936
-22579,469,45936
-22579,469,45936
-22579,469,45936
-22579,469,45936
-22579,469,45936
-22579,469,45936
-22579,469,45936
-22579,469,45936
-22579,469,45936
-22579,469,45936
-22579,469,45936
-22579,469,45936
-22579,469,45936
-22579,469,45936
-22579,469,45936
-22579,469,45936
-22579,469,45936
-22579,469,45936
-22579,469,45936
-22579,469,45936
-22579,469,45936
-22579,469,45936
-22579,469,45936
-22579,469,45936
-22579,469,45936
-22579,469,45936
-22579,469,45936
-22579,469,45936
-22579,469,45936
-22579,469,45936
-22579,469,45936
-22579,469,45936
-22579,469,45936
-22579,469,45936
-22579,469,45936
-22579,469,45936
-22579,469,45936
-22579,469,45936
-22579,469,45936
-22579,469,45936
-22579,469,45936
-22579,469,45936
-22579,469,45936
-22579,469,45936
-22579,469,45936
-22579,469,45936
-22579,469,45936
-22579,469,45936
-22579,469,45936
-22579,469,45936
-22579,469,45936
-22579,469,45936
-22579,469,45936
-22579,469,45936
-22579,469,45936
-22579,469,45936
-22579,469,45936
-22579,469,45936
-22579,469,45936
-22579,469,45936
-22579,469,45936
-22579,469,45936
-22579,469,45936
-22579,469,45936
-22579,469,45936
-22579,469,45936
-22579,469,45936
-22579,469,45936
-22579,469,45936
-22579,469,45936
-22579,469,45936
-22579,469,45936
-22579,469,45936
-22579,469,45936
-22579,469,45936
-22579,469,45936
-22579,469,45936
-22579,469,45936
-22579,469,45936
-22579,469,45936
-22579,469,45936
-22579,469,45936
-22579,469,45936
-22579,469,45936
-22579,469,45936
-22579,469,45936
-22579,469,45936
-22579,469,45936
-22579,469,45936
-22579,469,45936
-22579,469,45936
-22579,469,45936
-22579,469,45936
-22579,469,45936
-22579,469,45936
-22579,469,45936
-22579,469,45936
-22579,469,45936
-22579,469,45936
-22579,469,45936
-22579,469,45936
-22579,469,45936
-22579,469,45936
-22579,469,45936
-22579,469,45936
-22579,469,45936
-22579,469,45936
-22579,469,45936
-22579,469,45936
-22579,469,45936
-22579,469,45936
-22579,469,45936
-22579,469,45936
-22579,469,45936
-22579,469,45936
-22579,469,45936
-22579,469,45936
-22579,469,45936
-22579,469,45936
-22579,469,45936
-22579,469,45936
-22579,469,45936
-22579,469,45936
-22579,469,45936
-22579,469,45936
-22579,469,45936
-22579,469,45936
-22579,469,45936
-22579,469,45936
-22579,469,45936
-22579,469,45936
-22579,469,45936
-22579,469,45936
-22579,469,45936
-22579,469,45936
-22579,469,45936
-22579,469,45936
-22579,469,45936
-22579,469,45936
-22579,469,45936
-22579,469,45936
-22579,472,45937
-22579,472,45937
-22579,472,45937
-22579,472,45937
-22579,472,45937
-22579,472,45937
-22579,472,45937
-22579,472,45937
-22579,472,45937
-22579,472,45937
-22579,472,45937
-22579,472,45937
-22579,472,45937
-22579,472,45937
-22579,472,45937
-22579,472,45937
-22579,472,45937
-22579,472,45937
-22579,472,45937
-22579,472,45937
-22579,472,45937
-22579,472,45937
-22579,472,45937
-22579,472,45937
-22579,472,45937
-22579,472,45937
-22579,472,45937
-22579,472,45937
-22579,472,45937
-22579,472,45937
-22579,472,45937
-22579,472,45937
-22579,472,45937
-22579,472,45937
-22579,472,45937
-22579,472,45937
-22579,472,45937
-22579,472,45937
-22579,472,45937
-22579,472,45937
-22579,472,45937
-22579,472,45937
-22579,472,45937
-22579,472,45937
-22579,472,45937
-22579,472,45937
-22579,472,45937
-22579,472,45937
-22579,472,45937
-22579,472,45937
-22579,472,45937
-22579,472,45937
-22579,472,45937
-22579,472,45937
-22579,472,45937
-22579,472,45937
-22579,472,45937
-22579,472,45937
-22579,472,45937
-22579,472,45937
-22579,472,45937
-22579,472,45937
-22579,472,45937
-22579,472,45937
-22579,472,45937
-22579,472,45937
-22579,472,45937
-22579,472,45937
-22579,472,45937
-22579,472,45937
-22579,472,45937
-22579,472,45937
-22579,472,45937
-22579,472,45937
-22579,472,45937
-22579,472,45937
-22579,472,45937
-22579,472,45937
-22579,472,45937
-22579,472,45937
-22579,472,45937
-22579,472,45937
-22579,472,45937
-22579,472,45937
-22579,472,45937
-22579,472,45937
-22579,472,45937
-22579,472,45937
-22579,472,45937
-22579,472,45937
-22579,472,45937
-22579,472,45937
-22579,472,45937
-22579,472,45937
-22579,472,45937
-22579,472,45937
-22579,472,45937
-22579,472,45937
-22579,472,45937
-22579,472,45937
-22579,472,45937
-22579,472,45937
-22579,472,45937
-22579,472,45937
-22579,472,45937
-22579,472,45937
-22579,472,45937
-22579,472,45937
-22579,472,45937
-22579,472,45937
-22579,472,45937
-22579,472,45937
-22579,472,45937
-22579,472,45937
-22579,472,45937
-22579,472,45937
-22579,472,45937
-22579,472,45937
-22579,472,45937
-22579,472,45937
-22579,472,45937
-22579,472,45937
-22579,472,45937
-22579,472,45937
-22579,472,45937
-22579,472,45937
-22579,472,45937
-22579,472,45937
-22579,472,45937
-22579,472,45937
-22579,472,45937
-22579,472,45937
-22579,472,45937
-22579,472,45937
-22579,472,45937
-22579,472,45937
-22579,472,45937
-22579,472,45937
-22579,472,45937
-22579,472,45937
-22579,472,45937
-22579,472,45937
-22579,472,45937
-22579,472,45937
-22579,472,45937
-22579,472,45937
-22579,472,45937
-22579,469,45939
-22573,494,45946
-22573,494,45946
-22573,494,45946
-22573,494,45946
-22573,494,45946
-22573,494,45946
-22573,494,45946
-22573,494,45946
-22573,494,45946
-22573,494,45946
-22573,494,45946
-22573,494,45946
-22573,494,45946
-22573,494,45946
-22573,494,45946
-22573,494,45946
-22573,494,45946
-22573,494,45946
-22573,494,45946
-22573,494,45946
-22573,494,45946
-22573,494,45946
-22573,494,45946
-22573,494,45946
-22573,494,45946
-22573,494,45946
-22573,494,45946
-22573,494,45946
-22573,494,45946
-22573,494,45946
-22573,494,45946
-22573,494,45946
-22573,494,45946
-22573,494,45946
-22573,494,45946
-22573,494,45946
-22573,494,45946
-22573,494,45946
-22573,494,45946
-22573,494,45946
-22573,494,45946
-22573,494,45946
-22573,494,45946
-22573,494,45946
-22573,494,45946
-22573,494,45946
-22573,494,45946
-22573,494,45946
-22573,494,45946
-22573,494,45946
-22573,494,45946
-22573,494,45946
-22573,494,45946
-22573,494,45946
-22573,494,45946
-22573,494,45946
-22573,494,45946
-22573,494,45946
-22573,494,45946
-22573,494,45946
-22573,494,45946
-22573,494,45946
-22573,494,45946
-22573,494,45946
-22573,494,45946
-22573,494,45946
-22573,494,45946
-22573,494,45946
-22573,494,45946
-22573,494,45946
-22573,494,45946
-22573,494,45946
-22573,494,45946
-22573,494,45946
-22573,494,45946
-22573,494,45946
-22573,494,45946
-22573,494,45946
-22573,494,45946
-22573,494,45946
-22573,494,45946
-22573,494,45946
-22573,494,45946
-22573,494,45946
-22573,494,45946
-22573,494,45946
-22573,494,45946
-22573,494,45946
-22573,494,45946
-22573,494,45946
-22573,494,45946
-22573,494,45946
-22573,494,45946
-22573,494,45946
-22573,494,45946
-22573,494,45946
-22573,494,45946
-22573,494,45946
-22573,494,45946
-22573,494,45946
-22573,494,45946
-22573,494,45946
-22573,494,45946
-22573,494,45946
-22573,494,45946
-22573,494,45946
-22573,494,45946
-22573,494,45946
-22573,494,45946
-22573,494,45946
-22573,494,45946
-22573,494,45946
-22573,494,45946
-22573,494,45946
-22573,494,45946
-22573,494,45946
-22573,494,45946
-22573,494,45946
-22573,494,45946
-22573,494,45946
-22573,494,45946
-22573,494,45946
-22573,494,45946
-22573,494,45946
-22573,494,45946
-22573,494,45946
-22573,494,45946
-22573,494,45946
-22573,494,45946
-22573,494,45946
-22573,494,45946
-22573,494,45946
-22573,494,45946
-22573,494,45946
-22573,494,45946
-22573,494,45946
-22573,494,45946
-22573,494,45946
-22573,494,45946
-22573,494,45946
-22573,494,45946
-22573,494,45946
-22573,494,45946
-22573,494,45946
-22573,494,45946
-22573,494,45946
-22573,494,45946
-22573,494,45946
-22573,494,45946
-22578,459,45965
-22570,509,45952
-22570,509,45952
-22570,509,45952
-22570,509,45952
-22570,509,45952
-22570,509,45952
-22570,509,45952
-22570,509,45952
-22570,509,45952
-22570,509,45952
-22570,509,45952
-22570,509,45952
-22570,509,45952
-22570,509,45952
-22570,509,45952
-22570,509,45952
-22570,509,45952
-22570,509,45952
-22570,509,45952
-22570,509,45952
-22570,509,45952
-22570,509,45952
-22570,509,45952
-22570,509,45952
-22570,509,45952
-22570,509,45952
-22570,509,45952
-22570,509,45952
-22570,509,45952
-22570,509,45952
-22570,509,45952
-22570,509,45952
-22570,509,45952
-22570,509,45952
-22570,509,45952
-22570,509,45952
-22570,509,45952
-22570,509,45952
-22570,509,45952
-22570,509,45952
-22570,509,45952
-22570,509,45952
-22570,509,45952
-22570,509,45952
-22570,509,45952
-22570,509,45952
-22570,509,45952
-22570,509,45952
-22570,509,45952
-22570,509,45952
-22570,509,45952
-22570,509,45952
-22570,509,45952
-22570,509,45952
-22570,509,45952
-22570,509,45952
-22570,509,45952
-22570,509,45952
-22570,509,45952
-22570,509,45952
-22570,509,45952
-22570,509,45952
-22570,509,45952
-22570,509,45952
-22570,509,45952
-22570,509,45952
-22570,509,45952
-22570,509,45952
-22570,509,45952
-22570,509,45952
-22570,509,45952
-22570,509,45952
-22570,509,45952
-22570,509,45952
-22570,509,45952
-22570,509,45952
-22570,509,45952
-22570,509,45952
-22570,509,45952
-22570,509,45952
-22570,509,45952
-22570,509,45952
-22570,509,45952
-22570,509,45952
-22570,509,45952
-22570,509,45952
-22570,509,45952
-22570,509,45952
-22570,509,45952
-22570,509,45952
-22570,509,45952
-22570,509,45952
-22570,509,45952
-22570,509,45952
-22570,509,45952
-22570,509,45952
-22570,509,45952
-22570,509,45952
-22570,509,45952
-22570,509,45952
-22570,509,45952
-22570,509,45952
-22570,509,45952
-22570,509,45952
-22570,509,45952
-22570,509,45952
-22570,509,45952
-22570,509,45952
-22570,509,45952
-22570,509,45952
-22570,509,45952
-22570,509,45952
-22570,509,45952
-22570,509,45952
-22570,509,45952
-22570,509,45952
-22570,509,45952
-22570,509,45952
-22570,509,45952
-22570,509,45952
-22570,509,45952
-22570,509,45952
-22570,509,45952
-22570,509,45952
-22570,509,45952
-22570,509,45952
-22570,509,45952
-22570,509,45952
-22570,509,45952
-22570,509,45952
-22570,509,45952
-22570,509,45952
-22570,509,45952
-22570,509,45952
-22570,509,45952
-22570,509,45952
-22570,509,45952
-22570,509,45952
-22570,509,45952
-22570,509,45952
-22570,509,45952
-22570,509,45952
-22570,509,45952
-22570,509,45952
-22570,509,45952
-22570,509,45952
-22570,509,45952
-22570,509,45952
-22570,509,45952
-22570,509,45952
-22570,509,45952
-22570,509,45952
-22584,409,46008
-22898,648,46737
-25952,905,53397
-25957,902,53408
-25954,903,53402
-25953,904,53400
-25958,901,53411
-25964,872,53424
-25962,873,53420
-25971,869,53439
-25959,875,53415
-25969,870,53436
-25967,871,53432
-25965,872,53428
-25972,868,53443
-25984,862,53466
-25985,862,53469
-25978,865,53455
-25988,860,53476
-25987,861,53474
-25982,863,53464
-25995,831,53492
-25993,832,53488
-26003,827,53509
-26000,828,53503
-25998,829,53499
-26004,826,53512
-26001,827,53506
-26014,821,53533
-25996,830,53496
-26013,822,53531
-26009,823,53523
-26018,819,53542
-26017,819,53540
-26015,820,53536
-26031,787,53570
-26035,785,53579
-26032,786,53573
-26029,787,53567
-26046,779,53602
-26045,780,53600
-26044,780,53598
-26026,789,53561
-26041,782,53592
-26036,784,53582
-26033,785,53576
-26027,788,53564
-26048,778,53608
-26047,778,53606
-26068,742,53651
-26067,742,53649
-26062,745,53639
-26059,746,53633
-26064,744,53644
-26063,744,53642
-26060,746,53636
-26065,743,53647
-26078,737,53672
-26072,740,53660
-26076,738,53669
-26075,738,53667
-26074,739,53665
-26078,737,53674
-26095,702,53710
-26099,700,53719
-26098,701,53717
-26097,701,53715
-26096,702,53713
-26108,696,53738
-26106,697,53734
-26105,697,53732
-26103,698,53728
-26093,703,53708
-26092,703,53706
-26108,695,53739
-26106,696,53735
-26099,700,53721
-26126,661,53778
-26131,658,53789
-26130,659,53787
-26138,655,53804
-26137,655,53802
-26136,656,53800
-26134,657,53796
-26131,658,53790
-26129,659,53786
-26128,659,53784
-26127,660,53782
-26126,660,53780
-26138,654,53805
-26136,655,53801
-26162,616,53857
-26161,617,53855
-26159,618,53851
-26168,613,53870
-26167,614,53868
-26165,615,53864
-26163,616,53860
-26161,617,53856
-26160,617,53854
-26159,618,53852
-26168,613,53871
-26167,614,53869
-26166,614,53867
-26162,616,53859
-26198,572,53935
-26195,574,53929
-26194,574,53927
-26193,575,53925
-26192,575,53923
-26198,572,53936
-26197,573,53934
-26196,573,53932
-26194,574,53928
-26193,575,53926
-26192,575,53924
-26198,572,53937
-26197,573,53935
-26194,574,53929
-26228,531,54001
-26228,531,54001
-26227,532,53999
-26226,532,53997
-26226,532,53997
-26228,531,54002
-26228,531,54002
-26227,531,54000
-26226,532,53998
-26226,532,53998
-26226,532,53998
-26225,532,53996
-26225,532,53996
-26228,531,54003
-26258,490,54068
-26258,490,54068
-26258,490,54068
-26258,490,54068
-26258,490,54068
-26258,490,54068
-26258,490,54068
-26258,490,54068
-26258,490,54068
-26258,490,54068
-26258,490,54068
-26258,490,54068
-26258,490,54068
-26258,490,54068
-26258,490,54068
-26258,490,54068
-22571,608,46611
-22510,558,46612
-23461,155,47063
-24686,351,50110
-24671,359,50088
-24707,208,50208
-24693,219,50186
-24729,72,50303
-24716,83,50281
-22593,376,45988
-23032,284,46949
-22630,136,46127
-22618,194,46115
-22646,37,46181
-22631,109,46179
-22760,266,46834
-22708,208,46842
13992,-14,-154218
13984,-102,-154230
13978,-183,-154238
13974,-243,-154243
